Frame;Elapsed_Time_In_Milliseconds;Time;Hand_X;Hand_Y;Hand_Z;Thumb_CMC_X;Thumb_CMC_Y;Thumb_CMC_Z;Thumb_MCP_X;Thumb_MCP_Y;Thumb_MCP_Z;Thumb_DIP_X;Thumb_DIP_Y;Thumb_DIP_Z;Thumb_TIP_X;Thumb_TIP_Y;Thumb_TIP_Z;Index_CMC_X;Index_CMC_Y;Index_CMC_Z;Index_MCP_X;Index_MCP_Y;Index_MCP_Z;Index_PIP_X;Index_PIP_Y;Index_PIP_Z;Index_DIP_X;Index_DIP_Y;Index_DIP_Z;Index_TIP_X;Index_TIP_Y;Index_TIP_Z;Middle_CMC_X;Middle_CMC_Y;Middle_CMC_Z;Middle_MCP_X;Middle_MCP_Y;Middle_MCP_Z;Middle_PIP_X;Middle_PIP_Y;Middle_PIP_Z;Middle_DIP_X;Middle_DIP_Y;Middle_DIP_Z;Middle_TIP_X;Middle_TIP_Y;Middle_TIP_Z;Ring_CMC_X;Ring_CMC_Y;Ring_CMC_Z;Ring_MCP_X;Ring_MCP_Y;Ring_MCP_Z;Ring_PIP_X;Ring_PIP_Y;Ring_PIP_Z;Ring_DIP_X;Ring_DIP_Y;Ring_DIP_Z;Ring_TIP_X;Ring_TIP_Y;Ring_TIP_Z;Pinky_CMC_X;Pinky_CMC_Y;Pinky_CMC_Z;Pinky_MCP_X;Pinky_MCP_Y;Pinky_MCP_Z;Pinky_PIP_X;Pinky_PIP_Y;Pinky_PIP_Z;Pinky_DIP_X;Pinky_DIP_Y;Pinky_DIP_Z;Pinky_TIP_X;Pinky_TIP_Y;Pinky_TIP_Z;Hand_X;Hand_Y;Hand_Z;Thumb_CMC_X;Thumb_CMC_Y;Thumb_CMC_Z;Thumb_MCP_X;Thumb_MCP_Y;Thumb_MCP_Z;Thumb_DIP_X;Thumb_DIP_Y;Thumb_DIP_Z;Thumb_TIP_X;Thumb_TIP_Y;Thumb_TIP_Z;Index_CMC_X;Index_CMC_Y;Index_CMC_Z;Index_MCP_X;Index_MCP_Y;Index_MCP_Z;Index_PIP_X;Index_PIP_Y;Index_PIP_Z;Index_DIP_X;Index_DIP_Y;Index_DIP_Z;Index_TIP_X;Index_TIP_Y;Index_TIP_Z;Middle_CMC_X;Middle_CMC_Y;Middle_CMC_Z;Middle_MCP_X;Middle_MCP_Y;Middle_MCP_Z;Middle_PIP_X;Middle_PIP_Y;Middle_PIP_Z;Middle_DIP_X;Middle_DIP_Y;Middle_DIP_Z;Middle_TIP_X;Middle_TIP_Y;Middle_TIP_Z;Ring_CMC_X;Ring_CMC_Y;Ring_CMC_Z;Ring_MCP_X;Ring_MCP_Y;Ring_MCP_Z;Ring_PIP_X;Ring_PIP_Y;Ring_PIP_Z;Ring_DIP_X;Ring_DIP_Y;Ring_DIP_Z;Ring_TIP_X;Ring_TIP_Y;Ring_TIP_Z;Pinky_CMC_X;Pinky_CMC_Y;Pinky_CMC_Z;Pinky_MCP_X;Pinky_MCP_Y;Pinky_MCP_Z;Pinky_PIP_X;Pinky_PIP_Y;Pinky_PIP_Z;Pinky_DIP_X;Pinky_DIP_Y;Pinky_DIP_Z;Pinky_TIP_X;Pinky_TIP_Y;Pinky_TIP_Z;Hand_Velocity_X;Hand_Velocity_Y;Hand_Velocity_Z;Thumb_CMC_Velocity_X;Thumb_CMC_Velocity_Y;Thumb_CMC_Velocity_Z;Thumb_MCP_Velocity_X;Thumb_MCP_Velocity_Y;Thumb_MCP_Velocity_Z;Thumb_DIP_Velocity_X;Thumb_DIP_Velocity_Y;Thumb_DIP_Velocity_Z;Thumb_TIP_Velocity_X;Thumb_TIP_Velocity_Y;Thumb_TIP_Velocity_Z;Index_CMC_Velocity_X;Index_CMC_Velocity_Y;Index_CMC_Velocity_Z;Index_MCP_Velocity_X;Index_MCP_Velocity_Y;Index_MCP_Velocity_Z;Index_PIP_Velocity_X;Index_PIP_Velocity_Y;Index_PIP_Velocity_Z;Index_DIP_Velocity_X;Index_DIP_Velocity_Y;Index_DIP_Velocity_Z;Index_TIP_Velocity_X;Index_TIP_Velocity_Y;Index_TIP_Velocity_Z;Middle_CMC_Velocity_X;Middle_CMC_Velocity_Y;Middle_CMC_Velocity_Z;Middle_MCP_Velocity_X;Middle_MCP_Velocity_Y;Middle_MCP_Velocity_Z;Middle_PIP_Velocity_X;Middle_PIP_Velocity_Y;Middle_PIP_Velocity_Z;Middle_DIP_Velocity_X;Middle_DIP_Velocity_Y;Middle_DIP_Velocity_Z;Middle_TIP_Velocity_X;Middle_TIP_Velocity_Y;Middle_TIP_Velocity_Z;Ring_CMC_Velocity_X;Ring_CMC_Velocity_Y;Ring_CMC_Velocity_Z;Ring_MCP_Velocity_X;Ring_MCP_Velocity_Y;Ring_MCP_Velocity_Z;Ring_PIP_Velocity_X;Ring_PIP_Velocity_Y;Ring_PIP_Velocity_Z;Ring_DIP_Velocity_X;Ring_DIP_Velocity_Y;Ring_DIP_Velocity_Z;Ring_TIP_Velocity_X;Ring_TIP_Velocity_Y;Ring_TIP_Velocity_Z;Pinky_CMC_Velocity_X;Pinky_CMC_Velocity_Y;Pinky_CMC_Velocity_Z;Pinky_MCP_Velocity_X;Pinky_MCP_Velocity_Y;Pinky_MCP_Velocity_Z;Pinky_PIP_Velocity_X;Pinky_PIP_Velocity_Y;Pinky_PIP_Velocity_Z;Pinky_DIP_Velocity_X;Pinky_DIP_Velocity_Y;Pinky_DIP_Velocity_Z;Pinky_TIP_Velocity_X;Pinky_TIP_Velocity_Y;Pinky_TIP_Velocity_Z;Hand_Acceleration_X;Hand_Acceleration_Y;Hand_Acceleration_Z;Thumb_CMC_Acceleration_X;Thumb_CMC_Acceleration_Y;Thumb_CMC_Acceleration_Z;Thumb_MCP_Acceleration_X;Thumb_MCP_Acceleration_Y;Thumb_MCP_Acceleration_Z;Thumb_DIP_Acceleration_X;Thumb_DIP_Acceleration_Y;Thumb_DIP_Acceleration_Z;Thumb_TIP_Acceleration_X;Thumb_TIP_Acceleration_Y;Thumb_TIP_Acceleration_Z;Index_CMC_Acceleration_X;Index_CMC_Acceleration_Y;Index_CMC_Acceleration_Z;Index_MCP_Acceleration_X;Index_MCP_Acceleration_Y;Index_MCP_Acceleration_Z;Index_PIP_Acceleration_X;Index_PIP_Acceleration_Y;Index_PIP_Acceleration_Z;Index_DIP_Acceleration_X;Index_DIP_Acceleration_Y;Index_DIP_Acceleration_Z;Index_TIP_Acceleration_X;Index_TIP_Acceleration_Y;Index_TIP_Acceleration_Z;Middle_CMC_Acceleration_X;Middle_CMC_Acceleration_Y;Middle_CMC_Acceleration_Z;Middle_MCP_Acceleration_X;Middle_MCP_Acceleration_Y;Middle_MCP_Acceleration_Z;Middle_PIP_Acceleration_X;Middle_PIP_Acceleration_Y;Middle_PIP_Acceleration_Z;Middle_DIP_Acceleration_X;Middle_DIP_Acceleration_Y;Middle_DIP_Acceleration_Z;Middle_TIP_Acceleration_X;Middle_TIP_Acceleration_Y;Middle_TIP_Acceleration_Z;Ring_CMC_Acceleration_X;Ring_CMC_Acceleration_Y;Ring_CMC_Acceleration_Z;Ring_MCP_Acceleration_X;Ring_MCP_Acceleration_Y;Ring_MCP_Acceleration_Z;Ring_PIP_Acceleration_X;Ring_PIP_Acceleration_Y;Ring_PIP_Acceleration_Z;Ring_DIP_Acceleration_X;Ring_DIP_Acceleration_Y;Ring_DIP_Acceleration_Z;Ring_TIP_Acceleration_X;Ring_TIP_Acceleration_Y;Ring_TIP_Acceleration_Z;Pinky_CMC_Acceleration_X;Pinky_CMC_Acceleration_Y;Pinky_CMC_Acceleration_Z;Pinky_MCP_Acceleration_X;Pinky_MCP_Acceleration_Y;Pinky_MCP_Acceleration_Z;Pinky_PIP_Acceleration_X;Pinky_PIP_Acceleration_Y;Pinky_PIP_Acceleration_Z;Pinky_DIP_Acceleration_X;Pinky_DIP_Acceleration_Y;Pinky_DIP_Acceleration_Z;Pinky_TIP_Acceleration_X;Pinky_TIP_Acceleration_Y;Pinky_TIP_Acceleration_Z;Pinch_ThumbToIndex;Pinch_ThumbToMiddle;Pinch_ThumbToRing;Pinch_ThumbToPinky;Thumb_CMC_Spread;Thumb_CMC_Flex;Thumb_PIP_Flex;Thumb_DIP_Flex;Index_MCP_Spread;Index_MCP_Flex;Index_PIP_Flex;Index_DIP_Flex;Middle_MCP_Spread;Middle_MCP_Flex;Middle_PIP_Flex;Middle_DIP_Flex;Ring_MCP_Spread;Ring_MCP_Flex;Ring_PIP_Flex;Ring_DIP_Flex;Pinky_MCP_Spread;Pinky_MCP_Flex;Pinky_PIP_Flex;Pinky_DIP_Flex;Thumb_CMC_Spread_AngularVelocity;Thumb_CMC_Flex_AngularVelocity;Thumb_PIP_Flex_AngularVelocity;Thumb_DIP_Flex_AngularVelocity;Index_MCP_Spread_AngularVelocity;Index_MCP_Flex_AngularVelocity;Index_PIP_Flex_AngularVelocity;Index_DIP_Flex_AngularVelocity;Middle_MCP_Spread_AngularVelocity;Middle_MCP_Flex_AngularVelocity;Middle_PIP_Flex_AngularVelocity;Middle_DIP_Flex_AngularVelocity;Ring_MCP_Spread_AngularVelocity;Ring_MCP_Flex_AngularVelocity;Ring_PIP_Flex_AngularVelocity;Ring_DIP_Flex_AngularVelocity;Pinky_MCP_Spread_AngularVelocity;Pinky_MCP_Flex_AngularVelocity;Pinky_PIP_Flex_AngularVelocity;Pinky_DIP_Flex_AngularVelocity;Thumb_CMC_Spread_AngularAcceleration;Thumb_CMC_Flex_AngularAcceleration;Thumb_PIP_Flex_AngularAcceleration;Thumb_DIP_Flex_AngularAcceleration;Index_MCP_Spread_AngularAcceleration;Index_MCP_Flex_AngularAcceleration;Index_PIP_Flex_AngularAcceleration;Index_DIP_Flex_AngularAcceleration;Middle_MCP_Spread_AngularAcceleration;Middle_MCP_Flex_AngularAcceleration;Middle_PIP_Flex_AngularAcceleration;Middle_DIP_Flex_AngularAcceleration;Ring_MCP_Spread_AngularAcceleration;Ring_MCP_Flex_AngularAcceleration;Ring_PIP_Flex_AngularAcceleration;Ring_DIP_Flex_AngularAcceleration;Pinky_MCP_Spread_AngularAcceleration;Pinky_MCP_Flex_AngularAcceleration;Pinky_PIP_Flex_AngularAcceleration;Pinky_DIP_Flex_AngularAcceleration
0;0;00:00:00:000;0;0;0;1,403149;4,596169;1,55419;1,276074;8,380581;-1,326031;-0,384194;11,05014;-3,93169;-2,464781;12,49511;-5,757825;0,511902;4,191973;0,948684;-2,377528;11,15933;0,554839;-3,793915;15,78921;2,098372;-4,475714;18,31581;2,78466;-4,955295;20,37271;3,21428;-0,645212;3,669382;0,197306;-4,150213;10,3128;-0,582194;-7,275616;14,99932;-0,602941;-8,892385;17,58517;-0,782052;-10,1483;19,74193;-1,075542;-1,727212;3,185645;-0,426681;-5,52678;8,891836;-1,515954;-7,098155;13,2055;-3,452857;-5,137691;12,36329;-5,261713;-4,730875;10,43259;-3,656986;-2,761447;2,720824;-1,06202;-6,627194;6,982431;-2,418446;-7,342833;10,64564;-3,762916;-6,361248;11,13453;-5,473778;-4,861311;9,657081;-6,413164;93,80653;29,25867;-155,7995;161,0432;-50,1987;116,012;-175,4865;-50,1987;116,012;-156,1583;-50,25719;115,3328;-156,1583;-50,25719;115,3328;93,42657;29,25868;-155,7995;69,26458;30,91932;-173,9978;72,92677;30,23085;-173,6889;76,79117;29,26799;-173,4215;76,76122;29,49427;-173,4825;96,75704;28,68225;-148,9297;90,23923;28,10358;-146,1883;93,88364;30,04501;-146,0382;97,88889;31,68968;-145,6239;97,87054;31,47398;-145,659;100,2056;27,66652;-141,5633;116,6557;29,95083;-145,9149;-139,3873;31,58801;-144,6673;-44,02485;28,65589;-141,7128;-43,91814;28,84354;-141,491;104,7349;25,55896;-131,315;113,3414;31,20239;-156,3444;179,0097;32,64499;-155,3591;-118,7559;32,11562;-150,831;-118,8421;32,36425;-150,9926;0;0;0;0;0;0;0;0;0;0;0;0;0;0;0;0;0;0;0;0;0;0;0;0;0;0;0;0;0;0;0;0;0;0;0;0;0;0;0;0;0;0;0;0;0;0;0;0;0;0;0;0;0;0;0;0;0;0;0;0;0;0;0;0;0;0;0;0;0;0;0;0;0;0;0;0;0;0;0;0;0;0;0;0;0;0;0;0;0;0;0;0;0;0;0;0;0;0;0;0;0;0;0;0;0;0;0;0;0;0;0;0;0;0;0;0;0;0;0;0;0;0;0;0;0;0;0;0;0;0;0;0;0;0;0;0;0;0;0;0;0;0;0;0;0;0;0;0;0;0;12,19664;11,55321;3,715201;3,771901;38,72541;2,60118;23,47026;18,80647;15,72822;-16,14141;3,504702;3,731664;-8,504961;-8,29607;3,571387;3,794573;-8,471992;18,2324;103,3227;93,87056;0,594461;19,79245;65,13649;59,74543;2323,524;156,0708;1408,216;1128,388;943,6934;-968,4843;210,2821;223,8998;-510,2976;-497,7642;214,2832;227,6744;-508,3195;1093,944;6199,362;5632,233;35,66767;1187,547;3908,189;3584,726;139411,5;9364,248;84492,94;67703,3;56621,6;-58109,05;12616,93;13433,99;-30617,86;-29865,85;12856,99;13660,46;-30499,17;65636,61;371961,7;337934;2140,06;71252,81;234491,3;215083,5
1;16;00:00:00:016;0;0;0;1,391401;4,601943;1,54765;1,249902;8,38337;-1,335817;-0,421129;11,04557;-3,942125;-2,507968;12,48261;-5,767375;0,500686;4,194486;0,943549;-2,409491;11,15295;0,545217;-3,844406;15,77319;2,100472;-4,536541;18,29527;2,793025;-5,024724;20,34909;3,227642;-0,655706;3,667698;0,193995;-4,180921;10,3;-0,588973;-7,321106;14,97663;-0,609933;-8,94624;17,55722;-0,789294;-10,20931;19,70975;-1,083106;-1,736962;3,180123;-0,428294;-5,554339;8,874006;-1,519692;-7,13771;13,18054;-3,462665;-5,176403;12,34019;-5,271471;-4,763713;10,41316;-3,663821;-2,770519;2,71159;-1,062006;-6,650148;6,96041;-2,418909;-7,377715;10,62013;-3,766465;-6,399387;11,11001;-5,47891;-4,896254;9,635864;-6,418367;93,84286;29,17653;-155,6145;161,1623;-50,17888;116,0935;-175,3675;-50,17886;116,0935;-156,0395;-50,23644;115,4144;-156,0395;-50,23644;115,4144;93,46288;29,17653;-155,6145;69,11549;30,85056;-173,8174;72,7783;30,16278;-173,5066;76,64375;29,20053;-173,2365;76,61356;29,42666;-173,2982;96,78171;28,59691;-148,7506;90,24148;28,01635;-146,0067;93,88568;29,95776;-145,8566;97,89021;31,60244;-145,4427;97,87193;31,38673;-145,4777;100,2175;27,5791;-141,3906;116,721;29,86497;-145,7405;-139,3231;31,50093;-144,4919;-43,96771;28,56611;-141,5437;-43,86131;28,75357;-141,3218;104,7292;25,47106;-131,1503;113,3769;31,12101;-156,1622;179,0441;32,5631;-155,1768;-118,7294;32,03168;-150,6532;-118,8153;32,28038;-150,8145;0;0;0;-295,3837;-272,7661;124,0513;-278,4557;-678,2668;519,4739;-80,45522;-949,807;870,5926;166,2575;-1085,028;1113,94;-172,9265;-251,5184;160,3817;0,439256;-666,5543;637,183;8,463688;-861,2808;827,6703;7,587723;-978,2838;939,4896;2,520338;-1082,419;1037,027;-15,00524;-222,2659;205,4644;242,9457;-617,8657;702,8116;479,7607;-850,6931;1034,914;603,7382;-990,9671;1226,35;701,3947;-1118,113;1393,063;130,2534;-191,1434;242,9036;449,1377;-530,5094;714,6933;582,6535;-882,29;1112,335;442,5284;-974,6445;1135,742;393,0848;-770,2639;917,7206;270,2926;-163,2597;281,0239;635,1396;-415,9507;691,2416;673,0518;-716,326;995,8316;606,9703;-866,9058;1109,168;504,6182;-857,4501;1052,791;0;0;0;-17723,02;-16365,96;7443,08;-16707,34;-40696;31168,44;-4827,313;-56988,41;52235,55;9975,447;-65101,68;66836,41;-10375,59;-15091,1;9622,902;26,35538;-39993,25;38230,98;507,8212;-51676,85;49660,21;455,2633;-58697,02;56369,37;151,2202;-64945,13;62221,6;-900,3141;-13335,95;12327,86;14576,74;-37071,94;42168,7;28785,64;-51041,59;62094,84;36224,29;-59458,02;73581,02;42083,68;-67086,77;83583,77;7815,206;-11468,6;14574,21;26948,26;-31830,56;42881,59;34959,21;-52937,39;66740,1;26551,7;-58478,67;68144,52;23585,09;-46215,83;55063,23;16217,56;-9795,58;16861,43;38108,38;-24957,04;41474,5;40383,11;-42979,56;59749,89;36418,22;-52014,34;66550,1;30277,09;-51447;63167,45;12,21171;11,55355;3,71429;3,77249;38,71447;2,606899;23,47028;18,80647;15,7457;-16,35259;3,504702;3,731664;-8,509578;-8,316424;3,571441;3,794573;-8,469627;18,27939;103,3227;93,87055;0,598725;19,79234;65,13648;59,74544;-0,656433;0,343108;0,00103;0;1,048622;-12,67101;0;0;-0,277004;-1,221256;0,00329;0;0,141907;2,819824;0;-0,000458;0,255829;-0,006752;-0,000458;0,000458;-139450,8;-9343,662;-84492,88;-67703,3;-56558,68;57348,79;-12616,93;-13433,99;30601,24;29792,57;-12856,79;-13660,46;30507,68;-65467,42;-371961,7;-337934;-2124,71;-71253,21;-234491,4;-215083,5
2;32;00:00:00:032;0;0;0;1,385027;4,60641;1,540062;1,234993;8,383756;-1,348321;-0,442476;11,03967;-3,956909;-2,533102;12,47076;-5,7825;0,494521;4,196636;0,937222;-2,427381;11,14974;0,531265;-3,872983;15,76668;2,086413;-4,571091;18,28716;2,77883;-5,064249;20,33983;3,213267;-0,661579;3,666888;0,189302;-4,198276;10,29228;-0,600357;-7,347979;14,9625;-0,622596;-8,978548;17,5396;-0,802781;-10,2463;19,68927;-1,097378;-1,742508;3,176658;-0,431465;-5,570063;8,862718;-1,528;-7,160674;13,16368;-3,477404;-5,199196;12,32304;-5,285887;-4,782848;10,39935;-3,675196;-2,775779;2,705532;-1,06372;-6,663416;6,946054;-2,423663;-7,398321;10,60253;-3,776041;-6,422134;11,09158;-5,489943;-4,917164;9,61865;-6,428373;93,90668;29,10296;-155,4894;161,2748;-50,12939;116,1037;-175,2549;-50,12937;116,1037;-155,9277;-50,18608;115,4251;-155,9277;-50,18609;115,4251;93,52671;29,10296;-155,4894;69,1288;30,79857;-173,661;72,7912;30,11073;-173,3505;76,65626;29,14843;-173,0809;76,62613;29,37457;-173,1425;96,83472;28,5172;-148,6313;90,25602;27,93328;-145,8834;93,90024;29,87466;-145,7329;97,90435;31,51925;-145,3188;97,88609;31,30355;-145,3539;100,258;27,49409;-141,2778;116,7928;29,7831;-145,6232;-139,2522;31,41773;-144,3732;-43,90385;28,47991;-141,4315;-43,79772;28,66715;-141,2095;104,7517;25,38101;-131,0466;113,4463;31,04731;-156,0275;179,113;32,48839;-155,0408;-118,6681;31,95262;-150,5217;-118,7535;32,20147;-150,6826;0;0;0;-294,6789;-273,1125;124,4437;-276,8947;-678,4156;520,0764;-78,25413;-949,5024;871,2435;168,8312;-1084,243;1114,542;-172,2536;-251,6691;160,6898;2,357013;-666,1713;637,7603;11,6103;-859,8931;827,4507;11,41398;-976,3941;938,858;6,907269;-1080,159;1036,078;-14,37557;-222,1648;205,663;244,7882;-617,0978;703,2184;482,5182;-849,1163;1035,298;607,0142;-988,9568;1226,737;705,1146;-1115,752;1393,465;130,8384;-190,8121;243,0003;450,7913;-529,4396;714,9175;585,0138;-880,9089;1112,887;444,8316;-973,3386;1136,233;395,0442;-769,1282;918,0711;270,837;-162,7057;281,0231;636,5168;-414,6295;691,2694;675,1676;-714,7966;996,0447;609,2833;-865,4356;1109,477;506,7284;-856,1777;1053,105;0;0;0;42,29164;-20,78676;23,54336;93,66416;-8,926391;36,14616;132,0652;18,27049;39,05296;154,4216;47,11532;36,12327;40,37761;-9,045123;18,48292;115,0654;22,97973;34,6384;188,7967;83,2672;-13,17215;229,5756;113,3823;-37,89138;263,2159;135,6182;-56,90575;37,78025;6,062507;11,92045;110,5499;46,07391;24,40452;165,4501;94,6083;23,02551;196,558;120,615;23,20289;223,197;141,655;24,13559;35,09831;19,8791;5,806446;99,21455;64,18704;13,45539;141,6206;82,86666;33,10775;138,196;78,35197;29,4342;117,5637;68,13811;21,02852;32,66143;33,24151;-0,047207;82,63206;79,27322;1,665115;126,9493;91,77016;12,78877;138,7768;88,21105;18,51082;126,6146;76,34353;18,81981;12,2169;11,55641;3,713873;3,77299;38,70964;2,609354;23,47027;18,80649;15,73111;-16,43719;3,504702;3,731664;-8,515438;-8,353787;3,571387;3,794573;-8,468816;18,30292;103,3227;93,87055;0,592813;19,79249;65,13648;59,74545;-0,289993;0,147285;-0,000458;0,000687;-0,87553;-5,075912;0;0;-0,35162;-2,241783;-0,00329;0;0,048695;1,411514;0;0;-0,354717;0,009041;0;0,000458;21,98639;-11,74936;-0,089264;0,041199;-115,4491;455,706;0;0;-4,476927;-61,23162;-0,394821;0;-5,592728;-84,49858;0;0,027466;-36,63275;0,947571;0,027466;0
3;48;00:00:00:048;0;0;0;1,385165;4,610783;1,526792;1,233472;8,38027;-1,371752;-0,445397;11,02889;-3,986845;-2,536946;12,45476;-5,815464;0,494455;4,199255;0,92545;-2,428361;11,1509;0,501539;-3,879585;15,77155;2,040353;-4,580802;18,29361;2,723826;-5,076529;20,34719;3,150962;-0,661895;3,667325;0,179469;-4,19963;10,29014;-0,626987;-7,352951;14,9579;-0,653191;-8,98571;17,53345;-0,835688;-10,25546;19,68165;-1,132321;-1,743027;3,175271;-0,4395;-5,571645;8,857879;-1,550122;-7,164106;13,15288;-3,511117;-5,203131;12,3076;-5,31798;-4,785664;10,38859;-3,70199;-2,776507;2,702295;-1,070028;-6,66516;6,938639;-2,44005;-7,402012;10,59085;-3,802852;-6,426662;11,07527;-5,518545;-4,921466;9,600182;-6,453227;94,05978;29,0159;-155,4089;161,4134;-50,0001;116,0049;-175,1164;-50,00009;116,0049;-155,7915;-50,05577;115,328;-155,7915;-50,05577;115,328;93,6798;29,01591;-155,4089;69,36672;30,76014;-173,4644;73,0272;30,07121;-173,1574;76,88979;29,10795;-172,8924;76,86025;29,33432;-172,9529;96,97405;28,41479;-148,5587;90,30138;27,8257;-145,8182;93,94613;29,76697;-145,666;97,95009;31,41127;-145,2509;97,9318;31,19559;-145,2861;100,3801;27,37687;-141,2154;116,9329;29,67233;-145,5393;-139,1127;31,30433;-144,2862;-43,77512;28,36056;-141,3558;-43,66928;28,54735;-141,1337;104,8466;25,24641;-130,9998;113,6148;30,95926;-155,9181;179,2824;32,39787;-154,9274;-118,5086;31,85113;-150,4149;-118,5933;32,10036;-150,5748;0;0;0;-294,2964;-273,3806;124,899;-276,005;-678,4288;520,8348;-76,98131;-949,1321;872,1439;170,3299;-1083,513;1115,465;-171,8837;-251,7981;161,0694;3,430411;-665,9789;638,5974;13,73108;-859,5571;828,4203;14,11387;-975,991;939,9024;10,08479;-1079,71;1037,186;-14,02322;-222,1163;205,9446;245,8295;-616,6346;703,9014;484,1021;-847,7661;1035,988;608,9111;-987,1229;1227,455;707,2842;-1113,52;1394,228;131,1712;-190,6042;243,1906;451,7347;-528,7623;715,4161;586,4402;-879,8983;1113,764;446,2347;-972,3109;1137,093;396,2063;-768,2997;918,7541;271,1526;-162,3422;281,1259;637,3129;-413,7681;691,5547;676,4804;-713,7427;996,6201;610,7302;-864,3325;1110,141;508,0286;-855,1466;1053,71;0;0;0;22,9454;-16,08038;27,31776;53,37811;-0,795364;45,50457;76,36928;22,2187;54,02184;89,92266;43,79081;55,37796;22,1951;-7,739066;22,77875;64,40387;11,54137;50,22526;127,2467;20,15304;58,17031;161,9934;24,18709;62,66212;190,6514;26,91078;66,473;21,14046;2,915382;16,89577;62,47901;27,78625;40,98129;95,03745;81,01272;41,39328;113,8172;110,0349;43,09272;130,1765;133,9302;45,76492;19,96779;12,47406;11,41691;56,60534;40,63797;29,90913;85,58177;60,63651;52,63138;84,18559;61,66076;51,64719;69,72742;49,71313;40,98129;18,93711;21,80815;6,168365;47,76477;51,68438;17,1175;78,76682;63,2286;34,5211;86,81201;66,1869;39,83116;78,01151;61,86675;36,33499;12,21215;11,5644;3,713833;3,773765;38,70706;2,610664;23,47028;18,80647;15,6462;-16,42016;3,504758;3,731611;-8,512739;-8,440734;3,571441;3,794625;-8,478526;18,30361;103,3227;93,87057;0,57369;19,79299;65,13647;59,74545;-0,154724;0,078621;0,000458;-0,001259;-5,094394;1,021614;0,003347;-0,003147;0,161934;-5,216789;0,00329;0,003104;-0,582619;0,041771;-0,000458;0,000916;-1,147367;0,030212;-0,000458;0;8,116149;-4,119873;0,054932;-0,11673;-253,1318;365,8515;0,200844;-0,188828;30,81321;-178,5003;0,394821;0,186253;-37,87879;-82,18459;-0,027466;0,054932;-47,55899;1,270294;-0,027466;-0,027466
4;64;00:00:00:064;0;0;0;1,390912;4,611335;1,519884;1,243635;8,375957;-1,385201;-0,432256;11,02225;-4,00455;-2,522294;12,44774;-5,835198;0,499612;4,199998;0,919287;-2,414989;11,1545;0,48579;-3,860352;15,78009;2,015269;-4,558383;18,3044;2,693641;-5,051528;20,35946;3,116615;-0,657495;3,668367;0,174267;-4,18747;10,29422;-0,641194;-7,340841;14,96194;-0,668296;-8,973765;17,53734;-0,851376;-10,24377;19,68532;-1,148567;-1,739316;3,176707;-0,44381;-5,561344;8,862259;-1,562028;-7,155915;13,15494;-3,526384;-5,196021;12,30813;-5,33371;-4,777107;10,39088;-3,716018;-2,773464;2,704049;-1,073482;-6,657294;6,943035;-2,448995;-7,39363;10,59253;-3,81933;-6,418279;11,07324;-5,536067;-4,913356;9,595981;-6,467754;94,14153;28,97275;-155,4376;161,4989;-49,91565;115,8626;-175,0309;-49,91562;115,8626;-155,7074;-49,97068;115,1868;-155,7074;-49,97068;115,1868;93,76154;28,97276;-155,4376;69,50165;30,74171;-173,4663;73,16106;30,05215;-173,1613;77,02229;29,08838;-172,8989;76,99306;29,31486;-172,9588;97,04889;28,36343;-148,5914;90,31154;27,76358;-145,8131;93,95629;29,70483;-145,6606;97,9599;31,34907;-145,2454;97,94162;31,1334;-145,2807;100,4463;27,31751;-141,2533;116,9637;29,60649;-145,5138;-139,083;31,23792;-144,2605;-43,75023;28,29293;-141,3338;-43,64464;28,47964;-141,1116;104,8989;25,17758;-131,0459;113,74;30,90852;-155,8628;179,4084;32,34526;-154,869;-118,3886;31,79032;-150,3607;-118,4727;32,03984;-150,5198;0;0;0;-294,3047;-273,6429;125,6952;-275,8825;-678,2825;522,1888;-76,75527;-948,5877;873,8558;170,6199;-1082,673;1117,345;-171,8797;-251,9552;161,7757;3,489241;-666,0487;640,381;14,18475;-860,011;831,2469;14,78693;-976,6268;943,2943;10,9397;-1080,471;1041,035;-14,00423;-222,1425;206,5346;245,9107;-616,5062;705,4992;484,5948;-847,0219;1037,724;609,6443;-986,0299;1229,293;708,2296;-1112,128;1396,17;131,2023;-190,5209;243,6727;451,8296;-528,472;716,7433;586,9301;-878,9091;1115,86;446,7086;-971,1484;1139,281;396,479;-767,5684;920,5432;271,1963;-162,1479;281,5044;637,4175;-413,3232;692,5379;676,9781;-713,0511;998,2313;611,2986;-863,3635;1111,863;508,4517;-854,0448;1055,22;0;0;0;-0,496387;-15,74278;47,77336;7,348536;8,777617;81,24446;13,56196;32,66716;102,7164;17,40289;50,41122;112,7644;0,23818;-9,42707;42,37747;3,529787;-4,185676;107,0166;27,2204;-27,23122;169,6014;40,38325;-38,14888;203,516;51,29456;-45,66192;230,9246;1,139581;-1,573563;35,398;4,873752;7,710456;95,86715;29,56295;44,65484;104,2099;43,99395;65,58036;110,2524;56,72264;83,50753;116,5237;1,868248;4,992485;28,92494;5,693435;17,41791;79,63943;29,39128;59,34905;125,7477;28,43285;69,75173;131,2866;16,36076;43,87951;107,3456;2,620697;11,65438;22,70937;6,277084;26,69334;58,99429;29,86621;41,49341;96,67396;34,10625;58,13598;103,3573;25,38586;66,10679;90,57426;12,21177;11,57447;3,71561;3,774893;38,72341;2,602241;23,47027;18,8065;15,63073;-16,38661;3,504702;3,731716;-8,548883;-8,522562;3,571387;3,794573;-8,530025;18,23652;103,3227;93,87056;0,503966;19,79487;65,13649;59,74543;0,981216;-0,505371;-0,000458;0,001831;-0,928116;2,012787;-0,003347;0,006294;-2,168655;-4,909687;-0,00329;-0,003104;-3,089905;-4,025574;0,000458;-0,000458;-4,183445;0,11261;0,000916;-0,000916;68,15643;-35,03952;-0,054932;0,185394;249,9767;59,47036;-0,401688;0,566483;-139,8353;18,42613;-0,394821;-0,372505;-150,4371;-244,0407;0,054932;-0,082397;-182,1647;4,943847;0,082397;-0,054932
5;80;00:00:00:080;0;0;0;1,393709;4,610788;1,518983;1,249167;8,374111;-1,387922;-0,424823;11,0204;-4,00849;-2,513851;12,44658;-5,839753;0,502167;4,199875;0,918454;-2,408175;11,15607;0,483523;-3,853756;15,78188;2,012119;-4,551902;18,30629;2,690013;-5,045138;20,36141;3,112598;-0,655254;3,668804;0,173524;-4,181165;10,29665;-0,643314;-7,334897;14,96412;-0,671437;-8,968034;17,53934;-0,85509;-10,23823;19,68714;-1,15277;-1,737366;3,17768;-0,444471;-5,5559;8,865345;-1,563884;-7,152625;13,15755;-3,527533;-5,193021;12,31151;-5,335535;-4,772904;10,39434;-3,718061;-2,771794;2,70553;-1,074064;-6,653011;6,946615;-2,450483;-7,389063;10,5954;-3,822851;-6,413551;11,07514;-5,539767;-4,908621;9,597305;-6,470533;94,15384;28,96876;-155,4667;161,5206;-49,89157;115,8028;-175,0092;-49,89155;115,8028;-155,6861;-49,94643;115,1273;-155,6861;-49,94644;115,1272;93,77386;28,96876;-155,4667;69,51393;30,74214;-173,4579;73,17325;30,05251;-173,153;77,03435;29,08868;-172,8908;77,00516;29,31518;-172,9507;97,06051;28,35818;-148,6209;90,32323;27,75023;-145,8032;93,96815;29,69146;-145,6503;97,97186;31,33562;-145,2348;97,95356;31,11996;-145,2701;100,4569;27,311;-141,2834;116,9492;29,59254;-145,5007;-139,0981;31,22425;-144,2481;-43,76564;28,27994;-141,3208;-43,66014;28,46671;-141,0988;104,9079;25,16949;-131,0771;113,7751;30,90008;-155,8475;179,444;32,33631;-154,8527;-118,3542;31,77904;-150,3453;-118,4382;32,02863;-150,5042;0;0;0;-294,6495;-273,6761;126,1097;-276,4625;-678,0839;522,9464;-77,4951;-948,2875;874,8377;169,7977;-1082,366;1118,434;-172,1891;-251,9998;162,1455;2,686947;-666,2646;641,3259;13,19443;-860,4267;832,7678;13,69326;-977,1259;945,1331;9,761475;-1081,017;1043,136;-14,26823;-222,205;206,8467;245,1811;-616,7509;706,3517;484,0703;-847,1581;1038,585;609,2411;-986,0995;1230,166;707,9344;-1112,136;1397,062;130,9797;-190,6071;243,9313;451,2115;-528,7348;717,4578;586,6451;-878,8057;1116,821;446,4535;-971,0239;1140,399;396,04;-767,6484;921,506;271,0136;-162,2532;281,7117;636,9456;-413,5869;693,0746;676,626;-713,1571;999,2213;610,9575;-863,2473;1112,918;508,0551;-853,7962;1056,101;0;0;0;-20,68949;-1,988411;24,86658;-34,79576;11,92188;45,45021;-44,38984;18,013;58,91418;-49,33405;18,39065;65,38581;-18,56661;-2,676487;22,19009;-48,13762;-12,95757;56,69689;-59,41897;-24,9424;91,24946;-65,62015;-29,94346;110,3268;-70,69363;-32,77015;126,0624;-15,83978;-3,752231;18,72682;-43,77651;-14,68277;51,14651;-31,46839;-8,171081;51,60713;-24,19281;-4,177093;52,39677;-17,70973;-0,497818;53,51257;-13,36169;-5,167007;15,51819;-37,08171;-15,7671;42,86384;-17,09461;6,208419;57,69538;-15,30647;7,472991;67,02232;-26,33858;-4,800796;57,76977;-10,95772;-6,315708;12,43544;-28,31554;-15,82718;32,20367;-21,12865;-6,357193;59,39483;-20,4649;6,975174;63,28582;-23,79513;14,91737;52,90031;12,21461;11,57841;3,717064;3,775069;38,73905;2,59393;23,47027;18,80647;15,59917;-16,40369;3,504646;3,731664;-8,584716;-8,541736;3,571496;3,794625;-8,567816;18,19205;103,3227;93,87058;0,466042;19,79589;65,13648;59,74545;0,938187;-0,498691;0;-0,001259;-1,894054;-1,024361;-0,003347;-0,003147;-2,149944;-1,150417;0,00658;0,003104;-2,267475;-2,668075;-0,000916;0,001373;-2,275432;0,061684;-0,000458;0,000916;-2,581787;0,400831;0,027466;-0,185394;-57,95631;-182,2288;0;-0,566483;1,122665;225,5562;0,592232;0,372505;49,34576;81,4499;-0,082397;0,109863;114,4808;-3,055572;-0,082397;0,109863
6;96;00:00:00:096;0;0;0;1,402835;4,609154;1,515536;1,271162;8,366423;-1,399799;-0,393369;11,0117;-4,027401;-2,474372;12,44236;-5,864297;0,510907;4,199659;0,914612;-2,383161;11,16203;0,469893;-3,822438;15,79271;1,989661;-4,516989;18,31937;2,662826;-5,007166;20,376;3,081639;-0,647042;3,670465;0,169167;-4,157076;10,30549;-0,657687;-7,307239;14,97531;-0,694329;-8,938282;17,55153;-0,8826;-10,20662;19,6999;-1,184064;-1,729706;3,181176;-0,449316;-5,534232;8,876382;-1,578049;-7,123181;13,16758;-3,550184;-5,162879;12,31602;-5,354829;-4,746987;10,40087;-3,733867;-2,764632;2,71074;-1,079372;-6,634906;6,95925;-2,463687;-7,363468;10,60736;-3,841835;-6,387691;11,08777;-5,558414;-4,882277;9,613407;-6,493885;94,23978;28,99211;-155,5557;161,5499;-49,75974;115,6154;-174,9798;-49,75971;115,6154;-155,7288;-49,81438;114,9416;-155,7287;-49,81438;114,9416;93,8598;28,99211;-155,5557;69,62721;30,78876;-173,4969;73,28604;30,09862;-173,1934;77,1463;29,13435;-172,9333;77,1173;29,36094;-172,9926;97,14848;28,3724;-148,7098;90,4211;27,74284;-145,8012;94,06783;29,68384;-145,6445;98,07318;31,32737;-145,2257;98,05466;31,11176;-145,2614;100,5454;27,31521;-141,3735;117,074;29,58878;-145,5162;-138,9713;31,2181;-144,2595;-43,64304;28,26828;-141,3398;-43,53738;28,45462;-141,1173;104,9942;25,15971;-131,171;113,8865;30,91905;-155,8866;179,4109;32,35361;-154,8883;-118,5172;31,79848;-150,3797;-118,6017;32,04769;-150,5395;0;0;0;-294,8174;-273,6432;126,1638;-276,6692;-678,225;522,902;-77,73734;-948,5864;874,7361;169,378;-1082,925;1118,397;-172,3424;-251,9925;162,1955;2,278067;-666,359;641,4619;13,01517;-860,5986;833,0339;13,6389;-977,3385;945,4678;9,808592;-1081,262;1043,524;-14,40268;-222,2312;206,8913;244,8028;-616,8967;706,4789;484,1824;-847,0944;1038,673;609,624;-985,9188;1230,241;708,5436;-1111,857;1397,131;130,8627;-190,6655;243,971;450,8849;-528,92;717,5691;586,7632;-878,9712;1116,843;446,5046;-971,2334;1140,479;395,8794;-767,8594;921,6314;270,9134;-162,3421;281,7466;636,6886;-413,8018;693,1639;676,512;-713,3348;999,4338;610,849;-863,3395;1113,454;507,8528;-854,3991;1056,978;0;0;0;-10,06937;1,971245;3,245115;-12,40396;-8,465766;-2,65789;-14,53364;-17,93289;-6,093978;-25,18344;-33,51402;-2,254486;-9,196042;0,442028;2,996921;-24,53282;-5,659103;8,156775;-10,75566;-10,31113;15,96451;-3,261566;-12,76016;20,07866;2,827048;-14,65416;23,30017;-8,067369;-1,570702;2,675056;-22,69935;-8,749007;7,633208;6,723404;3,816604;5,304336;22,97115;10,84328;4,474639;36,54956;16,75415;4,182815;-7,018089;-3,505468;2,37894;-19,59801;-11,11221;6,680489;7,086754;-9,933471;1,270294;3,069877;-12,57133;4,852294;-9,640216;-12,66575;7,524489;-6,012439;-5,332231;2,094269;-15,42091;-12,88891;5,352973;-6,840706;-10,66017;12,75444;-6,511688;-5,533218;32,15789;-12,14218;-36,17477;52,57988;12,22242;11,59155;3,724405;3,76794;38,80458;2,559601;23,47027;18,7369;15,55317;-16,38749;3,504758;3,731664;-8,667643;-8,577255;3,571441;3,794573;-8,630968;18,19658;103,3227;93,87056;0,426126;19,797;64,98993;59,61351;3,931961;-2,059693;0;-4,174461;-2,760086;0,972061;0,006695;0;-4,975605;-2,131176;-0,00329;-0,003104;-3,789139;0,271683;0,000916;-0,001373;-2,395;0,066605;-8,793182;-7,916336;179,6264;-93,66016;0;-250,3921;-51,96189;119,7853;0,602531;0,188828;-169,5396;-58,84552;-0,592232;-0,372505;-91,2998;176,3855;0,109863;-0,164795;-7,174043;0,295258;-527,5635;-475,035
7;112;00:00:00:112;0;0;0;1,402835;4,609154;1,515536;1,271162;8,366423;-1,399799;-0,393369;11,0117;-4,027401;-2,474372;12,44236;-5,864297;0,510907;4,199659;0,914612;-2,383161;11,16203;0,469893;-3,822438;15,79271;1,989661;-4,516989;18,31937;2,662826;-5,007166;20,376;3,081639;-0,647042;3,670465;0,169167;-4,157076;10,30549;-0,657687;-7,307239;14,97531;-0,694329;-8,938282;17,55153;-0,8826;-10,20662;19,6999;-1,184064;-1,729706;3,181176;-0,449316;-5,534232;8,876382;-1,578049;-7,123181;13,16758;-3,550184;-5,162879;12,31602;-5,354829;-4,746987;10,40087;-3,733867;-2,764632;2,71074;-1,079372;-6,634906;6,95925;-2,463687;-7,363468;10,60736;-3,841835;-6,387691;11,08777;-5,558414;-4,882277;9,613407;-6,493885;94,23978;28,99211;-155,5557;161,5499;-49,75974;115,6154;-174,9798;-49,75971;115,6154;-155,7288;-49,81438;114,9416;-155,7287;-49,81438;114,9416;93,8598;28,99211;-155,5557;69,62721;30,78876;-173,4969;73,28604;30,09862;-173,1934;77,1463;29,13435;-172,9333;77,1173;29,36094;-172,9926;97,14848;28,3724;-148,7098;90,4211;27,74284;-145,8012;94,06783;29,68384;-145,6445;98,07318;31,32737;-145,2257;98,05466;31,11176;-145,2614;100,5454;27,31521;-141,3735;117,074;29,58878;-145,5162;-138,9713;31,2181;-144,2595;-43,64304;28,26828;-141,3398;-43,53738;28,45462;-141,1173;104,9942;25,15971;-131,171;113,8865;30,91905;-155,8866;179,4109;32,35361;-154,8883;-118,5172;31,79848;-150,3797;-118,6017;32,04769;-150,5395;0;0;0;-295,3649;-273,5452;126,3706;-277,9889;-677,7636;523,6147;-79,62456;-948,0646;875,8708;167,0092;-1082,672;1119,869;-172,8668;-251,9796;162,426;0,777237;-666,7161;642,2797;11,13608;-861,2481;834,3813;11,54414;-978,1236;947,0989;7,530301;-1082,137;1045,382;-14,89543;-222,3308;207,1527;243,3575;-617,4272;707,3412;482,5229;-847,7659;1040,047;607,8389;-986,6501;1231,891;706,6473;-1112,622;1399,009;130,4031;-190,8752;244,2616;449,5848;-529,5822;718,419;584,9966;-879,5731;1118,202;444,6961;-971,504;1141,637;394,3244;-768,2514;922,5797;270,4838;-162,6547;282,065;635,6024;-414,5598;693,9561;674,9763;-714,0523;1000,573;609,2974;-864,0973;1114,573;506,2721;-855,3653;1058,379;0;0;0;-32,85312;5,880832;12,40683;-79,18166;27,6804;42,75798;-113,2336;31,30531;68,08089;-142,1256;15,16914;88,35983;-31,46481;0,775337;13,82947;-90,04978;-21,42906;49,0694;-112,7454;-38,97285;80,84678;-125,6857;-47,10388;97,86987;-136,6974;-52,50549;111,454;-29,565;-5,978107;15,68556;-86,71617;-31,83174;51,7416;-99,56931;-40,28892;82,4089;-107,1053;-43,87664;99,03716;-113,7772;-45,91369;112,6556;-27,57668;-12,58492;17,43936;-78,00864;-39,73102;50,99201;-105,9952;-36,11183;81,54487;-108,5129;-16,23916;69,45991;-93,29795;-23,51761;56,8943;-25,77925;-18,75472;19,10734;-65,17696;-45,48454;47,53589;-92,13924;-43,04981;68,33839;-93,09482;-45,46737;67,12531;-94,83718;-57,97004;84,06829;12,22242;11,59155;3,724405;3,76794;38,80458;2,559601;23,47027;18,7369;15,55317;-16,38749;3,504758;3,731664;-8,667643;-8,577255;3,571441;3,794573;-8,630968;18,19658;103,3227;93,87056;0,426126;19,797;64,98993;59,61351;0;0;0;0;0;0;0;0;0;0;0;0;0;0;0;0;0;0;0;0;-235,9176;123,5816;0;250,4677;165,6051;-58,32366;-0,401688;0;298,5363;127,8706;0,197411;0,186253;227,3483;-16,30096;-0,054932;0,082397;143,7;-3,996277;527,5909;474,9801
8;128;00:00:00:128;0;0;0;1,411276;4,608226;1,510515;1,29085;8,36019;-1,41213;-0,365319;11,00441;-4,046082;-2,438838;12,43905;-5,88832;0,519003;4,199805;0,909371;-2,359937;11,16767;0,45272;-3,798123;15,80192;1,962598;-4,49193;18,3302;2,630456;-4,981378;20,38786;3,045021;-0,639418;3,672051;0,163638;-4,134685;10,31336;-0,675242;-7,281453;14,9854;-0,720511;-8,910522;17,56252;-0,913477;-10,17713;19,71136;-1,218799;-1,72258;3,184217;-0,455122;-5,514066;8,885923;-1,594862;-7,094476;13,17625;-3,57573;-5,133839;12,31858;-5,377114;-4,722444;10,40553;-3,752527;-2,757955;2,715117;-1,085439;-6,618029;6,969926;-2,47886;-7,339043;10,61709;-3,863473;-6,363103;11,09778;-5,579881;-4,857337;9,626641;-6,519858;94,344;29,00526;-155,6264;161,5623;-49,64156;115,4683;-174,9675;-49,64154;115,4683;-155,7881;-49,69614;114,7962;-155,7881;-49,69613;114,7961;93,96403;29,00526;-155,6264;69,75618;30,83151;-173,4623;73,41434;30,1408;-173,1605;77,27361;29,17601;-172,9028;77,24485;29,40273;-172,9615;97,25314;28,37459;-148,7813;90,52017;27,72513;-145,7964;94,16868;29,66588;-145,6359;98,17559;31,30877;-145,2138;98,15685;31,09321;-145,2499;100,6485;27,30562;-141,4474;117,2005;29,57762;-145,5433;-138,843;31,20453;-144,2826;-43,5194;28,24915;-141,3708;-43,41359;28,43507;-141,1479;105,0919;25,13406;-131,2507;114,0084;30,92948;-155,9228;179,3884;32,36221;-154,9208;-118,6706;31,80855;-150,4114;-118,7556;32,05739;-150,5721;0;0;0;-295,3649;-273,5452;126,3706;-277,9292;-677,8834;523,5157;-79,5274;-948,2596;875,7097;166,9712;-1083,048;1119,765;-172,8668;-251,9796;162,426;0,777237;-666,7161;642,2797;11,59163;-861,1508;834,4745;12,2458;-977,9736;947,2463;8,430271;-1081,944;1045,576;-14,89543;-222,3308;207,1527;243,3575;-617,4272;707,3412;482,9176;-847,5245;1039,95;608,4512;-986,2768;1231,75;707,4412;-1112,14;1398,838;130,4031;-190,8752;244,2616;449,5848;-529,5822;718,419;585,1828;-879,5784;1118,173;444,8326;-971,5081;1141,62;394,3784;-768,2535;922,5815;270,4838;-162,6547;282,065;635,6024;-414,5598;693,9561;675,0809;-714,0558;1000,574;609,4135;-864,0727;1114,886;506,3216;-855,8848;1059,087;0;0;0;0;0;0;3,58057;-7,18975;-5,936622;5,829334;-11,70158;-9,664535;-2,278805;-22,57919;-6,259918;0;0;0;0;0;0;27,33305;5,836486;5,590438;42,09995;8,995055;8,846282;53,99823;11,52992;11,65581;0;0;0;0;0;0;23,68069;14,4825;-5,79071;36,74125;22,39609;-8,480071;47,63031;28,93066;-10,27679;0;0;0;0;0;0;11,16943;-0,320435;-1,693726;8,188247;-0,240326;-1,018524;3,24297;-0,128746;0,108719;0;0;0;0;0;0;6,274223;-0,208855;0,045776;6,960869;1,476288;18,76259;2,969742;-31,1737;42,50908;12,22508;11,60052;3,729837;3,762664;38,83577;2,543055;23,47026;18,6673;15,46153;-16,40048;3,504646;3,731716;-8,737859;-8,620652;3,571496;3,794625;-8,668254;18,19926;103,3227;93,87055;0,399585;19,79773;64,8434;59,48155;1,871567;-0,992761;-0,000572;-4,176178;-5,498142;-0,7798;-0,006695;0,003147;-4,212971;-2,603817;0,00329;0,003104;-2,237148;0,160675;0;-0,000458;-1,59247;0,043488;-8,791809;-7,917709;112,294;-59,56563;-0,034332;-250,5707;-329,8885;-46,78802;-0,401688;0,188828;-252,7782;-156,229;0,197411;0,186253;-134,2289;9,640502;0;-0,027466;-95,54821;2,609252;-527,5085;-475,0625
9;144;00:00:00:144;0;0;0;1,412633;4,60801;1,509905;1,29419;8,35861;-1,414572;-0,360554;11,00236;-4,049892;-2,433281;12,43713;-5,892928;0,520289;4,199784;0,908735;-2,35631;11,16852;0,45063;-3,794894;15,80345;1,95805;-4,488894;18,33203;2,62458;-4,978478;20,38987;3,038077;-0,638227;3,672288;0,162965;-4,131219;10,31461;-0,677379;-7,278383;14,98637;-0,723276;-8,90767;17,56333;-0,916587;-10,17446;19,71202;-1,222201;-1,721484;3,184709;-0,455829;-5,510973;8,887473;-1,596911;-7,090493;13,17749;-3,579158;-5,129758;12,31903;-5,38006;-4,718853;10,40637;-3,754894;-2,756946;2,715846;-1,086179;-6,615472;6,971694;-2,480711;-7,336311;10,61834;-3,86677;-6,360127;11,0984;-5,583215;-4,854217;9,626934;-6,522435;94,3567;29,0069;-155,6391;161,577;-49,6152;115,4289;-174,9527;-49,61518;115,4289;-155,7739;-49,66966;114,7571;-155,7739;-49,66965;114,7571;93,97672;29,0069;-155,6391;69,78934;30,83711;-173,4432;73,4473;30,14624;-173,1419;77,30627;29,18133;-172,8848;77,27758;29,40807;-172,9434;97,26589;28,3749;-148,7941;90,52734;27,72069;-145,7882;94,176;29,66142;-145,6274;98,18298;31,30426;-145,2051;98,16424;31,08872;-145,2413;100,6611;27,3045;-141,4605;117,2201;29,57462;-145,5422;-138,8231;31,20116;-144,2808;-43,50031;28,2449;-141,3704;-43,39451;28,43076;-141,1474;105,1039;25,13097;-131,2645;114,0347;30,92838;-155,9089;179,4151;32,36072;-154,9061;-118,6443;31,8053;-150,3971;-118,7291;32,0542;-150,5576;0;0;0;-295,8713;-273,4895;126,6719;-279,0765;-677,5777;524,1993;-81,15508;-947,9327;876,739;164,904;-1082,98;1121,099;-173,3526;-251,9883;162,7405;-0,616215;-667,0548;643,3101;10,2628;-861,7343;836,1418;10,94319;-978,6702;949,2548;7,141404;-1082,716;1047,857;-15,35286;-222,426;207,4845;242,0141;-617,8994;708,3945;481,4773;-848,0399;1041,491;606,9516;-986,7971;1233,559;705,887;-1112,649;1400,87;129,9755;-191,0577;244,61;448,3748;-530,1546;719,4277;583,5211;-880,1005;1119,697;443,1346;-971,6627;1142,952;392,9234;-768,5336;923,7016;270,0831;-162,9173;282,429;634,5897;-415,2004;694,8665;673,7051;-714,6425;1001,872;608,0347;-864,6766;1116,176;504,8794;-856,6808;1060,651;0;0;0;-30,38692;3,343105;18,07809;-68,8405;18,34488;41,01562;-97,66065;19,61517;61,75803;-124,0353;4,096984;80,04569;-29,14667;-0,524998;18,86844;-83,60712;-20,31898;61,82384;-79,73;-35,00747;100,0443;-78,15688;-41,79382;120,5063;-77,33206;-46,31424;136,8484;-27,4457;-5,712032;19,90413;-80,60789;-28,33271;63,19713;-86,41719;-30,92193;92,45109;-89,97916;-31,21376;108,5472;-93,25504;-30,50422;121,9311;-25,65265;-10,9477;20,90263;-72,59559;-34,34658;60,52493;-99,70378;-31,32248;91,40968;-101,881;-9,281157;79,88548;-87,30268;-16,79992;67,20542;-24,04117;-15,75851;21,84105;-60,75668;-38,43212;54,62265;-82,54909;-35,20202;77,93426;-82,72647;-36,23199;77,39639;-86,53449;-47,76191;93,84727;12,22649;11,60455;3,730818;3,762232;38,85352;2,533673;23,47028;18,66729;15,43408;-16,39245;3,504702;3,731769;-8,756991;-8,636655;3,571441;3,794573;-8,680368;18,20014;103,3227;93,87055;0,376905;19,79835;64,84339;59,48157;1,064987;-0,562949;0,00103;-0,000687;-1,647034;0,48214;0,003347;0,003147;-1,147957;-0,960159;-0,00329;-0,003104;-0,726871;0,052643;0;0;-1,360776;0,036964;-0,000458;0,001373;-48,39476;25,78868;0,09613;250,5295;231,0665;75,71639;0,602531;0;183,9008;98,61945;-0,394821;-0,372505;90,61661;-6,481933;0;0,027466;13,90167;-0,391388;527,4811;475,1449
10;160;00:00:00:160;0;0;0;1,415023;4,606211;1,51315;1,297378;8,359222;-1,408262;-0,356957;11,00579;-4,041001;-2,429572;12,44292;-5,882323;0,522342;4,198843;0,9119;-2,351379;11,16917;0,460059;-3,790554;15,80273;1,971151;-4,484914;18,33068;2,639663;-4,974824;20,38812;3,054754;-0,636602;3,672432;0,166028;-4,12696;10,31692;-0,668142;-7,276365;14,98726;-0,702712;-8,907057;17,56379;-0,889881;-10,17516;19,71242;-1,190461;-1,720235;3,185807;-0,452856;-5,507576;8,891098;-1,588423;-7,085465;13,18358;-3,566645;-5,125669;12,32562;-5,368811;-4,715283;10,41139;-3,745359;-2,756069;2,717886;-1,083295;-6,613138;6,97649;-2,473433;-7,332589;10,62463;-3,856299;-6,356645;11,10562;-5,572621;-4,85171;9,63419;-6,513462;94,30241;29,01139;-155,6901;161,5676;-49,66358;115,412;-174,9622;-49,66356;115,4121;-155,7824;-49,71811;114,7396;-155,7824;-49,71811;114,7396;93,92245;29,01139;-155,6901;69,74004;30,82766;-173,4566;73,39828;30,13701;-173,1546;77,25768;29,17229;-172,8965;77,22889;29,39899;-172,9554;97,21294;28,38501;-148,8439;90,39724;27,73022;-145,8217;94,04348;29,67127;-145,666;98,04831;31,31496;-145,248;98,02984;31,09934;-145,2837;100,6105;27,32048;-141,5084;117,1644;29,58852;-145,5988;-138,8794;31,21612;-144,3391;-43,55407;28,26229;-141,425;-43,44826;28,44835;-141,2022;105,0581;25,15466;-131,3086;113,9772;30,93309;-155,9663;179,3567;32,3663;-154,9652;-118,7016;31,81473;-150,4552;-118,7867;32,06349;-150,616;0;0;0;-295,9528;-273,4766;126,7084;-279,2792;-677,4783;524,3496;-81,44466;-947,8024;876,9736;164,5662;-1082,856;1121,383;-173,4297;-251,987;162,7787;-0,833832;-667,1058;643,4355;10,24025;-861,7538;836,439;11,02437;-978,6687;949,6475;7,304839;-1082,694;1048,329;-15,42433;-222,4402;207,5248;241,8061;-617,9744;708,5228;481,3587;-847,6006;1041,571;606,8846;-986,076;1233,63;705,8652;-1111,694;1400,948;129,9097;-191,0872;244,6525;448,1893;-530,2476;719,5507;583,2558;-880,1741;1119,907;442,8704;-971,6892;1143,131;392,7003;-768,5836;923,8434;270,0226;-162,961;282,4734;634,4363;-415,3065;694,9775;673,5266;-714,7172;1002,07;607,8403;-864,7136;1116,375;504,6833;-856,6981;1060,805;0;0;0;-4,885196;0,775337;2,194404;-12,15935;5,962371;9,015082;-17,37463;7,822036;14,07623;-20,26319;7,455825;17,01736;-4,627704;0,077248;2,291679;-13,057;-3,058433;7,524489;-1,353174;-1,173019;17,82989;4,870891;0,091553;23,56338;9,80611;1,327515;28,30696;-4,287868;-0,852585;2,423286;-12,47692;-4,497528;7,696151;-7,118225;26,36147;4,789352;-4,016876;43,26439;4,228591;-1,304626;57,27195;4,680633;-3,947496;-1,768827;2,547741;-11,1351;-5,581855;7,378577;-15,91587;-4,417419;12,58278;-15,8472;-1,590729;10,75172;-13,3853;-2,998352;8,508681;-3,629207;-2,621412;2,663612;-9,206771;-6,365776;6,663322;-10,71167;-4,480361;11,86752;-11,66153;-2,220154;11,98196;-11,76166;-1,03569;9,223937;12,22603;11,61263;3,730713;3,76219;38,85235;2,534308;23,47025;18,66729;15,40044;-16,4045;3,504702;3,731664;-8,770888;-8,723257;3,571441;3,794573;-8,675095;18,19975;103,3227;93,87057;0,380522;19,79824;64,8434;59,48155;-0,070267;0,038095;-0,001488;0;-2,018623;-0,722923;0;-0,006294;-0,833817;-5,196132;0;0;0,316429;-0,023117;-0,000458;0,001373;0,217003;-0,006065;0,000458;-0,001373;-68,11523;36,06262;-0,151062;0,041199;-22,29539;-72,30376;-0,200844;-0,566483;18,84842;-254,1584;0,197411;0,186253;62,59803;-4,545593;-0,027466;0,082397;94,66673;-2,581787;0,054932;-0,164795
11;176;00:00:00:176;0;0;0;1,415452;4,60511;1,5161;1,296875;8,360023;-1,402832;-0,358323;11,00835;-4,03326;-2,431552;12,44674;-5,872908;0,522574;4,198172;0,914849;-2,351429;11,16879;0,469174;-3,793203;15,79995;1,985097;-4,489036;18,32681;2,656212;-4,98019;20,38353;3,073396;-0,636613;3,672297;0,168979;-4,127378;10,31734;-0,659058;-7,277917;14,98696;-0,686027;-8,909341;17,56332;-0,869072;-10,17815;19,71201;-1,166274;-1,720448;3,186111;-0,4499;-5,508279;8,892177;-1,579934;-7,086514;13,18637;-3,554144;-5,127418;12,32971;-5,357684;-4,716619;10,41414;-3,735921;-2,756487;2,718641;-1,080335;-6,614107;6,978207;-2,465993;-7,335272;10,62683;-3,846671;-6,360019;11,1091;-5,563025;-4,854843;9,638717;-6,505116;94,24879;29,01122;-155,715;161,5714;-49,70599;115,4074;-174,9583;-49,70596;115,4074;-155,7778;-49,76048;114,7344;-155,7778;-49,76048;114,7344;93,86882;29,01122;-155,715;69,67546;30,81384;-173,451;73,3341;30,12347;-173,1481;77,19403;29,15901;-172,8889;77,16512;29,38565;-172,948;97,15999;28,39043;-148,868;90,30994;27,73882;-145,8487;93,95458;29,68008;-145,6963;97,95795;31,32433;-145,2813;97,9397;31,10865;-145,3166;100,5593;27,3318;-141,5308;117,1075;29,59804;-145,6315;-138,937;31,22672;-144,3736;-43,60925;28,27538;-141,4557;-43,5035;28,46161;-141,2331;105,0109;25,17386;-131,3276;113,936;30,92993;-155,9671;179,3149;32,36375;-154,9672;-118,7433;31,81497;-150,4568;-118,8285;32,06363;-150,6178;0;0;0;-296,0962;-273,3686;126,5137;-279,4604;-677,5351;523,9543;-81,64416;-948,0413;876,4131;164,3628;-1083,242;1120,715;-173,5529;-251,9305;162,5887;-1,129679;-667,145;642,8698;10,12527;-861,5685;835,6498;11,00854;-978,3691;948,7424;7,370084;-1082,309;1047,335;-15,52184;-222,4489;207,341;241,5506;-618,1127;707,9685;481,2131;-847,4596;1040,311;606,8109;-985,8027;1231,993;705,8609;-1111,329;1399,009;129,8348;-191,153;244,4741;447,9854;-530,4651;719,0414;582,9207;-880,5381;1119,161;442,6005;-972,0839;1142,459;392,4764;-768,8846;923,271;269,97;-163,0834;282,3004;634,2963;-415,5943;694,541;673,3934;-715,097;1001,442;607,7285;-865,1497;1115,742;504,5873;-857,1356;1060,273;0;0;0;-8,604526;6,477356;-11,68156;-10,87332;-3,407478;-23,71502;-11,97016;-14,33372;-33,62846;-12,20441;-23,16856;-40,07721;-7,391452;3,388882;-11,39402;-17,75085;-2,351761;-33,94317;-6,898642;11,12366;-47,35565;-0,949502;17,97294;-54,30794;3,914684;23,11706;-59,64088;-5,850881;-0,520706;-11,02924;-15,33222;-8,299827;-33,25653;-8,734702;8,457183;-75,59966;-4,426002;16,39366;-98,16741;-0,257492;21,88682;-116,3235;-4,495382;-3,952503;-10,70309;-12,23087;-13,04913;-30,55572;-20,10727;-21,84105;-44,7464;-16,19625;-23,67782;-40,31181;-13,4325;-18,0645;-34,34372;-3,158569;-7,344245;-10,38122;-8,399962;-17,26913;-26,19839;-7,990836;-22,79377;-37,67395;-6,709099;-26,16692;-38,02299;-5,7621;-26,24702;-31,9519;12,22803;11,61664;3,73091;3,76258;38,85757;2,531531;23,47028;18,6673;15,37365;-16,43109;3,504702;3,731611;-8,767506;-8,756879;3,571387;3,794573;-8,668412;18,19927;103,3227;93,87055;0,358274;19,79888;64,84339;59,48156;0,313339;-0,166612;0,001488;0,000687;-1,607036;-1,595764;0;-0,003147;0,202961;-2,017307;-0,00329;0;0,400944;-0,028725;0;-0,001373;-1,334855;0,038109;-0,000458;0,000458;23,01635;-12,28237;0,178528;0,041199;24,69521;-52,37045;0;0,188828;62,20664;190,7295;-0,197411;0;5,070877;-0,336456;0,027466;-0,164795;-93,11148;2,650451;-0,054932;0,109863
12;192;00:00:00:192;0;0;0;1,416305;4,603449;1,520341;1,296728;8,361714;-1,394232;-0,359375;11,01308;-4,021037;-2,43324;12,45358;-5,858306;0,523179;4,19719;0,919;-2,350549;11,16844;0,481608;-3,791383;15,7997;1,998135;-4,486741;18,32661;2,669559;-4,97754;20,38337;3,086974;-0,636318;3,67216;0,173017;-4,12697;10,31827;-0,646846;-7,277184;14,98814;-0,670245;-8,908455;17,56473;-0,851338;-10,17716;19,7137;-1,146922;-1,720414;3,186683;-0,445963;-5,508304;8,894153;-1,568683;-7,089449;13,18882;-3,539547;-5,130445;12,33441;-5,344258;-4,718122;10,41798;-3,723897;-2,756716;2,719931;-1,076498;-6,614581;6,981172;-2,456313;-7,337361;10,63068;-3,83382;-6,362823;11,11463;-5,550104;-4,857488;9,64549;-6,493871;94,17698;29,01621;-155,7535;161,5557;-49,77406;115,4191;-174,974;-49,77406;115,4191;-155,7923;-49,82867;114,7451;-155,7923;-49,82867;114,7451;93,797;29,01621;-155,7535;69,67004;30,80011;-173,4608;73,32862;30,10978;-173,1578;77,18855;29,14534;-172,8985;77,15963;29,37197;-172,9577;97,08978;28,40288;-148,905;90,26893;27,75206;-145,8718;93,91283;29,69341;-145,7211;97,91561;31,33792;-145,3074;97,89745;31,12223;-145,3424;100,4921;27,35204;-141,5653;117,0599;29,60513;-145,6243;-138,9852;31,23473;-144,3678;-43,65559;28,28548;-141,4469;-43,54986;28,47187;-141,2244;104,9499;25,20435;-131,3572;113,878;30,93154;-155,9786;179,2561;32,36622;-154,9804;-118,8014;31,82134;-150,4691;-118,8867;32,06988;-150,6304;0;0;0;-296,1219;-273,3025;126,3368;-279,4423;-677,559;523,6484;-81,58178;-948,1557;875,981;164,4588;-1083,425;1120,188;-173,5668;-251,8903;162,4118;-1,126684;-667,1216;642,3229;10,38366;-861,6641;834,9165;11,4117;-978,541;947,9002;7,895618;-1082,552;1046,398;-15,52116;-222,4408;207,164;241,5756;-618,1378;707,4235;481,3747;-847,5703;1039,319;607,0533;-985,9738;1230,755;706,1754;-1111,562;1397,565;129,8476;-191,1713;244,2967;448,0276;-530,5298;718,5321;583,186;-880,7115;1118,38;442,8537;-972,3337;1141,773;392,6154;-769,052;922,7065;269,9951;-163,1287;282,1229;634,3544;-415,6973;694,0945;673,6564;-715,2328;1000,865;608,0407;-865,3624;1115,168;504,8369;-857,4095;1059,778;0;0;0;-1,544952;3,963947;-10,61869;1,09005;-1,436233;-18,35346;3,742933;-6,866455;-25,92659;5,754947;-10,97488;-31,62002;-0,836134;2,413273;-10,61726;0,179708;1,39904;-32,81307;15,50317;-5,739212;-43,99681;24,1895;-10,31113;-50,53139;31,53205;-14,56833;-56,22482;0,040948;0,489235;-10,62155;1,502037;-1,504898;-32,70149;9,696006;-6,637573;-59,50927;14,5483;-10,25963;-74,32365;18,87131;-13,93318;-86,67754;0,766039;-1,095772;-10,643;2,532005;-3,882408;-30,56144;15,91587;-10,4084;-46,85211;15,19203;-14,99176;-41,17584;8,334159;-10,04219;-33,86879;1,504898;-2,717256;-10,65302;3,487587;-6,179809;-26,7849;15,77854;-8,148192;-34,61265;18,73398;-12,76588;-34,43527;14,97173;-16,43944;-29,65164;12,22183;11,61356;3,73096;3,763817;38,85131;2,534863;23,47027;18,66729;15,34743;-16,37666;3,504702;3,731664;-8,77888;-8,734869;3,571387;3,794625;-8,708901;18,20219;103,3227;93,87056;0,332203;19,79959;64,8434;59,48156;-0,376053;0,199957;-0,000458;-0,000687;-1,573391;3,2658;0;0,003147;-0,682468;1,320591;0;0,003104;-2,429352;0,175095;0,000458;0,000458;-1,564295;0,042915;0,000458;0;-41,36352;21,99411;-0,11673;-0,082397;2,018738;291,6938;0;0,377655;-53,12576;200,2739;0,197411;0,186253;-169,8177;12,22915;0,027466;0,109863;-13,76638;0,288391;0,054932;-0,027466
13;208;00:00:00:208;0;0;0;1,424634;4,596128;1,534642;1,311762;8,363684;-1,368181;-0,33962;11,02621;-3,986652;-2,410926;12,47618;-5,819363;0,530763;4,193356;0,932063;-2,330403;11,1711;0,516477;-3,76587;15,79713;2,053912;-4,458329;18,32178;2,736729;-4,946791;20,3772;3,163406;-0,629694;3,672743;0,184478;-4,108378;10,32766;-0,614574;-7,254446;15,00038;-0,615276;-8,883574;17,57917;-0,783935;-10,15061;19,73052;-1,069228;-1,714676;3,191153;-0,435983;-5,492296;8,908914;-1,540808;-7,066578;13,21197;-3,498815;-5,10894;12,35984;-5,30608;-4,699679;10,43792;-3,691458;-2,751832;2,728237;-1,067942;-6,602038;7,000704;-2,434366;-7,320187;10,65493;-3,801734;-6,344973;11,14245;-5,516628;-4,841443;9,674047;-6,464426;93,98993;29,088;-155,9476;161,4385;-49,93619;115,4055;-175,0912;-49,93616;115,4055;-155,9066;-49,99168;114,7294;-155,9066;-49,99167;114,7294;93,60996;29,088;-155,9476;69,37292;30,8186;-173,676;73,03371;30,12963;-173,3689;76,89655;29,16635;-173,1038;76,86697;29,39272;-173,1643;96,91488;28,49367;-149,0916;90,00807;27,84913;-146,0445;93,64737;29,79107;-145,9037;97,64641;31,43722;-145,4986;97,62881;31,2214;-145,5325;100,3334;27,46174;-141,7416;116,8969;29,70159;-145,7964;-139,1484;31,33426;-144,5441;-43,80807;28,392;-141,6108;-43,70214;28,57891;-141,3887;104,8181;25,3373;-131,5167;113,709;30,99832;-156,1374;179,0858;32,4355;-155,1435;-118,9637;31,90172;-150,6266;-119,0497;32,14987;-150,7889;0;0;0;-296,1731;-273,2029;126,0823;-279,434;-677,6595;523,1333;-81,51954;-948,4372;875,2491;164,559;-1083,834;1119,313;-173,6031;-251,8314;162,1627;-1,179479;-667,101;641,5768;10,29655;-861,202;834,0082;11,30388;-977,84;946,9205;7,769286;-1081,658;1045,374;-15,53884;-222,4326;206,9217;241,5511;-618,194;706,6908;481,3617;-847,0754;1038,28;607,0511;-985,1838;1229,568;706,1862;-1110,534;1396,271;129,8455;-191,2056;244,0605;448,0291;-530,6484;717,8571;583,4312;-880,8602;1117,494;443,086;-972,6172;1140,961;392,7255;-769,2831;921,9856;270,0088;-163,2061;281,8926;634,3828;-415,8752;693,5137;673,9285;-715,4685;1000,095;608,3669;-865,6998;1114,395;505,0841;-857,8193;1059,113;0;0;0;-3,071308;5,978107;-15,26713;0,494957;-6,028175;-30,90763;3,73435;-16,89148;-43,9167;6,012439;-24,52469;-52,45972;-2,176523;3,534794;-14,94527;-3,167689;1,238823;-44,76356;-5,226284;27,72331;-54,49677;-6,469488;42,05703;-58,78257;-7,579922;53,60985;-61,40899;-1,060814;0,492096;-14,53829;-1,467705;-3,370285;-43,96247;-0,781059;29,69169;-62,3474;-0,131607;47,3957;-71,22802;0,649452;61,67793;-77,59093;-0,123024;-2,059936;-14,17208;0,088692;-7,115364;-40,5035;14,71424;-8,920669;-53,18642;13,93604;-17,01164;-48,71177;6,611824;-13,87024;-43,25294;0,825405;-4,645586;-13,81731;1,70517;-10,67161;-34,84726;16,32786;-14,13918;-46,21696;19,57226;-20,23887;-46,34285;14,83726;-24,58191;-39,91699;12,22894;11,6229;3,731068;3,765029;38,85103;2,534943;23,47028;18,66729;15,35271;-16,46669;3,504758;3,731716;-8,787088;-8,833089;3,571441;3,794573;-8,722761;18,20319;103,3227;93,87055;0,295414;19,80063;64,8434;59,48156;-0,016479;0,004764;0,000458;0;0,316601;-5,401954;0,003347;0,003147;-0,492497;-5,893192;0,00329;-0,003104;-0,831585;0,059738;0;-0,000458;-2,207326;0,06237;0;0;21,5744;-11,7116;0,054932;0,041199;113,3995;-520,0652;0,200844;0;11,39831;-432,8269;0,197411;-0,372505;95,866;-6,921386;-0,027466;-0,054932;-38,58186;1,167297;-0,027466;0
14;224;00:00:00:224;0;0;0;1,429679;4,593198;1,538719;1,321874;8,363351;-1,360924;-0,325787;11,03001;-3,977528;-2,394968;12,48394;-5,809504;0,535477;4,191968;0,935602;-2,317379;11,17342;0,525024;-3,75584;15,79689;2,067351;-4,449892;18,32037;2,752858;-4,939623;20,37502;3,181742;-0,625416;3,673331;0,18732;-4,096078;10,33299;-0,607131;-7,24197;15,00582;-0,597663;-8,871091;17,58497;-0,760765;-10,1382;19,73687;-1,041475;-1,710817;3,193523;-0,433787;-5,481447;8,916621;-1,534844;-7,048252;13,22445;-3,488369;-5,091694;12,37107;-5,296223;-4,685908;10,4467;-3,683656;-2,748368;2,732342;-1,066367;-6,593223;7,010449;-2,430217;-7,305407;10,66722;-3,793895;-6,329106;11,15501;-5,508093;-4,827686;9,685259;-6,45714;93,94744;29,11931;-156,0357;161,3865;-49,97428;115,379;-175,1432;-49,97427;115,379;-155,958;-50,03017;114,7024;-155,958;-50,03016;114,7025;93,56747;29,11931;-156,0357;69,29963;30,83934;-173,681;72,96108;30,1507;-173,3728;76,82471;29,18771;-173,1064;76,79494;29,41402;-173,1672;96,87719;28,52918;-149,177;89,89103;27,88118;-146,1013;93,52824;29,82337;-145,9651;97,52551;31,47025;-145,5638;97,50814;31,25436;-145,5972;100,3015;27,5012;-141,8238;116,8432;29,74585;-145,9178;-139,2019;31,37953;-144,6667;-43,8573;28,43955;-141,729;-43,75126;28,62664;-141,507;104,795;25,38116;-131,5941;113,6502;31,03252;-156,2571;179,0268;32,4706;-155,2646;-119,0189;31,94062;-150,7453;-119,1053;32,18863;-150,9079;0;0;0;-296,6729;-272,7636;125,2242;-280,3399;-677,7698;521,5768;-82,71117;-949,2125;873,1965;163,2127;-1085,174;1116,989;-174,0582;-251,6013;161,379;-2,388216;-667,2609;639,4847;9,173534;-860,7189;830,6718;10,22494;-977,0438;942,9174;6,723918;-1080,638;1040,839;-15,93629;-222,4676;206,2341;240,4356;-618,7573;704,7545;480,1213;-847,2589;1034,876;605,7532;-985,1982;1225,38;704,8497;-1110,442;1391,45;129,5013;-191,4738;243,4617;447,0686;-531,5341;716,1846;581,898;-882,245;1115,074;441,6778;-974,1395;1138,685;391,5723;-770,4774;920,0378;269,7157;-163,7045;281,3792;633,6302;-417,0471;692,1968;672,7954;-716,9205;998,1693;607,1855;-867,3649;1112,385;504,0595;-859,5305;1057,34;0;0;0;-29,98495;26,35574;-51,48483;-54,35371;-6,617546;-93,39236;-71,49767;-46,51451;-123,1556;-80,77525;-80,42907;-139,4691;-27,30489;13,80444;-47,02449;-72,52424;-9,590148;-125,5274;-67,38111;28,98788;-200,1858;-64,73645;47,77336;-240,1828;-62,72207;61,21444;-272,1119;-23,84689;-2,099991;-41,25738;-66,93076;-33,80012;-116,1804;-74,42092;-11,00922;-204,1969;-77,87704;-0,864029;-251,2836;-80,19447;5,516052;-289,278;-20,65444;-16,09182;-35,93015;-57,62672;-53,13778;-100,3475;-91,99046;-83,0841;-145,1568;-84,49172;-91,33529;-136,5509;-69,19527;-71,65431;-116,8671;-17,58385;-29,90055;-30,80177;-45,15266;-70,31535;-79,01286;-67,98362;-87,11814;-115,551;-70,8847;-99,90691;-120,6379;-61,47479;-102,6707;-106,3957;12,23058;11,63171;3,730682;3,764327;38,849;2,536134;23,47027;18,6673;15,27602;-16,52727;3,504702;3,731611;-8,811534;-8,929224;3,571387;3,794522;-8,690545;18,20087;103,3227;93,87055;0,321425;19,7999;64,84341;59,48156;-0,121994;0,071468;-0,000458;0,000687;-4,601383;-3,634643;-0,003347;-0,006294;-1,466732;-5,768108;-0,00329;-0,00309;1,932964;-0,139046;0;0;1,560704;-0,044174;0,000458;0;-6,330871;4,002285;-0,054932;0,041199;-295,079;106,0386;-0,401688;-0,566483;-58,45412;7,505035;-0,394821;0,000858;165,8729;-11,92703;0;0,027466;226,0818;-6,392669;0,027466;0
15;240;00:00:00:240;0;0;0;1,430015;4,592767;1,539693;1,32326;8,363217;-1,3596;-0,323571;11,0304;-3,976197;-2,392237;12,48483;-5,808348;0,535861;4,191749;0,936363;-2,31603;11,17363;0,526434;-3,759443;15,79269;2,077311;-4,456202;18,31416;2,767484;-4,948138;20,36749;3,200166;-0,624975;3,673381;0,187806;-4,094649;10,33361;-0,606149;-7,245447;15,00311;-0,588626;-8,877391;17,58075;-0,747357;-10,14695;19,73167;-1,024479;-1,710335;3,193812;-0,433558;-5,480045;8,917572;-1,53432;-7,045904;13,22596;-3,487366;-5,089175;12,37261;-5,295044;-4,683933;10,44789;-3,682739;-2,74784;2,732867;-1,066382;-6,591919;7,011685;-2,430181;-7,304038;10,6685;-3,793807;-6,327443;11,15642;-5,507798;-4,82577;9,686792;-6,45664;93,94223;29,13171;-156,0456;161,3705;-49,97554;115,3821;-175,1593;-49,97552;115,3821;-155,974;-50,03154;114,7055;-155,974;-50,03155;114,7055;93,56227;29,13171;-156,0456;69,17712;30,85004;-173,6821;72,83949;30,16198;-173,3722;76,70436;29,19949;-173,1033;76,67431;29,42567;-173,1647;96,87373;28,54203;-149,1861;89,79834;27,8893;-146,0844;93,4338;29,83168;-145,9518;97,42953;31,47913;-145,5536;97,41238;31,2632;-145,5866;100,2999;27,51434;-141,8319;116,84;29,7591;-145,9278;-139,2049;31,39284;-144,6766;-43,85942;28,45298;-141,7383;-43,75333;28,64006;-141,5163;104,7961;25,39433;-131,601;113,6521;31,04349;-156,2531;179,0289;32,48151;-155,2604;-119,0158;31,95137;-150,7406;-119,1021;32,19939;-150,9032;0;0;0;-296,9756;-272,5878;124,9796;-280,94;-677,7632;521,1302;-83,53031;-949,4624;872,6311;162,2679;-1085,665;1116,377;-174,341;-251,5181;161,1666;-3,169656;-667,3995;638,9719;8,6826;-860,0986;829,7142;9,884028;-976,0258;941,7374;6,498434;-1079,31;1039,494;-16,19298;-222,5028;206,0635;239,6976;-619,0768;704,3079;479,4874;-846,9898;1033,708;605,1849;-984,6255;1223,837;704,3433;-1109,634;1389,616;129,2698;-191,616;243,33;446,4177;-531,9965;715,8267;580,7928;-882,9932;1114,448;440,6389;-974,8135;1138,094;390,7444;-771,004;919,5698;269,5079;-163,9508;281,2847;633,1013;-417,6318;691,9479;671,9568;-717,6594;997,6995;606,2855;-868,1202;1111,874;503,2633;-860,2042;1056,906;0;0;0;-18,16034;10,54859;-14,67705;-36,00597;0,394821;-26,79348;-49,1488;-14,99748;-33,92601;-56,68831;-29,47425;-36,74125;-16,96873;4,993915;-12,73942;-46,88636;-8,319854;-30,7703;-29,45602;37,21618;-57,45506;-20,45452;61,08283;-70,80459;-13,52906;79,65659;-80,67512;-15,4016;-2,115726;-10,23245;-44,27862;-19,16885;-26,79634;-38,0373;16,14189;-70,11794;-34,09767;34,36088;-92,56553;-30,3812;48,46572;-110,0235;-13,8917;-8,530854;-7,902144;-39,05582;-27,74906;-21,47198;-66,31564;-44,89517;-37,55378;-62,3331;-40,44342;-35,45951;-49,67451;-31,59999;-28,0838;-12,46834;-14,77861;-5,670547;-31,73732;-35,08186;-14,93454;-50,31395;-44,33727;-28,19252;-53,99895;-45,3186;-30,66444;-47,77622;-40,42625;-26,04103;12,24019;11,64206;3,730845;3,764494;38,85247;2,534228;23,47027;18,6673;15,26655;-16,64811;3,504758;3,731716;-8,8346;-9,033028;3,571387;3,794573;-8,689415;18,20079;103,3227;93,87054;0,30901;19,80024;64,84339;59,48157;0,208511;-0,114341;0;0;-0,567913;-7,250061;0,003347;0,006294;-1,383991;-6,228218;0;0,00309;0,067806;-0,004692;0,001373;-0,000458;-0,7449;0,020599;-0,000916;0,000916;19,83032;-11,14855;0,027466;-0,041199;242,0082;-216,925;0,401688;0,75531;4,964447;-27,60658;0,197411;0,370789;-111,9095;8,061218;0,082397;-0,027466;-138,3362;3,886413;-0,082397;0,054932
16;256;00:00:00:256;0;0;0;1,430212;4,592265;1,541005;1,32293;8,363818;-1,356832;-0,324354;11,03195;-3,972179;-2,393324;12,48701;-5,803484;0,535972;4,191441;0,937677;-2,31603;11,17344;0,530499;-3,758076;15,79217;2,083619;-4,454116;18,31351;2,775002;-4,945488;20,36677;3,208657;-0,624973;3,673314;0,189122;-4,094813;10,33378;-0,602098;-7,247497;15,00199;-0,579336;-8,880562;17,57908;-0,735228;-10,15113;19,72971;-1,010025;-1,710422;3,193944;-0,432239;-5,480339;8,918043;-1,530532;-7,047066;13,22669;-3,482287;-5,090461;12,37408;-5,290442;-4,684731;10,44901;-3,678675;-2,748019;2,733201;-1,065061;-6,592332;7,012445;-2,426861;-7,305232;10,66946;-3,789523;-6,328943;11,15795;-5,503527;-4,827154;9,688797;-6,452916;93,91831;29,13159;-156,0568;161,3672;-49,99877;115,3864;-175,1625;-49,99875;115,3864;-155,9769;-50,05479;114,7096;-155,9769;-50,05479;114,7096;93,53834;29,13159;-156,0568;69,14716;30,84316;-173,7112;72,8097;30,15523;-173,4008;76,67481;29,19286;-173,1314;76,6447;29,41903;-173,193;96,85011;28,54441;-149,1969;89,73805;27,89174;-146,0893;93,37238;29,83424;-145,9591;97,36709;31,48206;-145,563;97,35007;31,26609;-145,5957;100,2771;27,51935;-141,842;116,8213;29,76072;-145,929;-139,2239;31,39481;-144,6784;-43,8777;28,45579;-141,739;-43,77161;28,64293;-141,517;104,775;25,40287;-131,6096;113,634;31,04206;-156,2531;179,0105;32,48036;-155,2609;-119,0341;31,95144;-150,7409;-119,1205;32,19941;-150,9036;0;0;0;-296,9957;-272,5619;124,9212;-281,0284;-677,7448;521,0594;-83,67172;-949,4686;872,5652;162,0942;-1085,699;1116,324;-174,3641;-251,5049;161,121;-3,250636;-667,4122;638,8873;8,824265;-859,856;829,0997;10,14778;-975,6669;940,8335;6,86194;-1078,876;1038,354;-16,21947;-222,5058;206,0343;239,6119;-619,1141;704,249;479,7179;-846,5966;1033,125;605,5981;-984,0156;1222,978;704,9158;-1108,861;1388,537;129,2408;-191,6334;243,3162;446,3336;-532,0536;715,7953;580,6969;-883,0851;1114,381;440,5207;-974,9066;1138,019;390,6389;-771,0765;919,5151;269,4762;-163,9822;281,2857;633,0231;-417,706;691,9458;671,9168;-717,7371;997,6943;606,231;-868,2062;1111,857;503,1737;-860,2972;1056,879;0;0;0;-1,208782;1,553535;-3,505468;-5,301475;1,104355;-4,248619;-8,484363;-0,371933;-3,948211;-10,42414;-2,04277;-3,181458;-1,382589;0,791073;-2,74086;-4,858821;-0,763893;-5,078315;8,49992;14,55688;-36,86714;15,82503;21,53206;-54,23355;21,81038;26,07536;-68,39561;-1,589209;-0,178814;-1,750946;-5,144119;-2,240181;-3,530502;13,83305;23,59772;-34,93881;24,79076;36,5982;-51,5213;34,3523;46,3829;-64,7335;-1,738071;-1,040697;-0,828266;-5,046844;-3,421783;-1,885414;-5,753517;-5,51033;-4,02832;-7,089615;-5,578994;-4,491806;-6,327152;-4,345893;-3,278732;-1,90258;-1,888275;0,05722;-4,692077;-4,451751;-0,128746;-2,403259;-4,657745;-0,30899;-3,27301;-5,161285;-1,018524;-5,373001;-5,578994;-1,636505;12,24021;11,64549;3,730791;3,765011;38,84976;2,535658;23,47026;18,66729;15,2817;-16,64739;3,504702;3,731664;-8,839624;-9,07318;3,571441;3,794625;-8,698407;18,20143;103,3227;93,87055;0,298707;19,80054;64,8434;59,48155;-0,162735;0,085759;-0,000572;-0,000687;0,90929;0,04303;-0,003347;-0,003147;-0,301437;-2,409153;0,00329;0,003104;-0,539532;0,038109;-0,001373;0,000458;-0,618197;0,018082;0,000458;-0,001373;-22,27478;12,00599;-0,034332;-0,041199;88,63219;437,5854;-0,401688;-0,566483;64,95322;229,1439;0,197411;0,000858;-36,44028;2,568054;-0,164795;0,054932;7,602131;-0,151062;0,082397;-0,137329
17;272;00:00:00:272;0;0;0;1,432329;4,588917;1,548991;1,323702;8,365822;-1,341817;-0,324994;11,0392;-3,950907;-2,400362;12,49313;-5,77586;0,537534;4,189466;0,945573;-2,313414;11,17281;0,554503;-3,752127;15,79196;2,109486;-4,446438;18,31351;2,80183;-4,936476;20,36693;3,236227;-0,624101;3,673052;0,196906;-4,093254;10,33575;-0,578355;-7,245245;15,00434;-0,542462;-8,878084;17,58201;-0,691201;-10,14859;19,73341;-0,960115;-1,710134;3,195129;-0,424549;-5,479789;8,922132;-1,508505;-7,047859;13,23452;-3,450917;-5,092679;12,38524;-5,262186;-4,685779;10,45713;-3,654367;-2,74832;2,735846;-1,057467;-6,592862;7,018535;-2,407738;-7,307686;10,6777;-3,763606;-6,33278;11,16937;-5,477489;-4,83132;9,702228;-6,430498;93,77832;29,1364;-156,1362;161,3626;-50,114;115,3745;-175,1671;-50,114;115,3745;-155,8401;-50,17006;114,696;-155,8401;-50,17005;114,696;93,39835;29,13639;-156,1362;69,12816;30,81179;-173,7512;72,79064;30,12395;-173,4407;76,65577;29,16166;-173,171;76,62565;29,3878;-173,2326;96,71253;28,5638;-149,2739;89,58684;27,91846;-146,1682;93,21838;29,86127;-146,0439;97,21066;31,51001;-145,6529;97,19398;31,29396;-145,6848;100,1447;27,55404;-141,9144;116,6896;29,78468;-145,9965;-139,3571;31,42126;-144,7499;-44,00538;28,48804;-141,8019;-43,89938;28,67563;-141,5803;104,654;25,45786;-131,6728;113,5093;31,04298;-156,3029;178,8839;32,48312;-155,3144;-119,1593;31,96262;-150,7927;-119,2461;32,21028;-150,9561;0;0;0;-297,0076;-272,5318;124,8424;-280,9932;-677,8117;520,8678;-83,59968;-949,6117;872,2826;162,4918;-1085,594;1115,815;-174,3707;-251,4865;161,0421;-3,250636;-667,4007;638,6434;8,862957;-860,3267;828,9025;10,21354;-976,4009;940,6447;6,954588;-1079,824;1038,159;-16,21959;-222,5018;205,9554;239,6217;-619,1245;704,0059;479,8162;-846,4487;1032,559;605,7505;-983,7911;1222,239;705,1181;-1108,582;1387,66;129,2461;-191,6413;243,237;446,3512;-532,0818;715,568;580,8204;-883,1309;1114,068;440,6373;-974,9957;1137,738;390,7025;-771,1442;919,2717;269,4869;-164,0023;281,2064;633,0479;-417,7516;691,7465;672,1084;-717,799;997,4379;606,4501;-868,3026;1111,603;503,3291;-860,4202;1056,663;0;0;0;-0,712395;1,806736;-4,726409;2,111435;-4,014015;-11,49559;4,32229;-8,583068;-16,96014;23,85878;6,305695;-30,54428;-0,398397;1,108646;-4,730701;0;0,692368;-14,63127;2,321452;-28,2383;-11,83319;3,945529;-44,03686;-11,32393;5,558878;-56,91147;-11,73592;-0,007331;0,241756;-4,736423;0,589371;-0,620842;-14,58549;5,896568;8,86917;-33,98323;9,143828;13,46397;-44,34585;12,13646;16,70265;-52,66571;0,315428;-0,475645;-4,747867;1,055717;-1,696587;-13,6385;7,41291;-2,746582;-18,77403;6,99234;-5,350112;-16,85142;3,810882;-4,065513;-14,60266;0,64373;-1,205921;-4,75645;1,484871;-2,735138;-11,95621;11,49559;-3,713607;-15,38658;13,14926;-5,784988;-15,23208;9,321212;-7,381438;-12,94899;12,233;11,64681;3,724136;3,758626;38,8578;2,531451;23,47027;18,80647;15,24578;-16,54418;3,504646;3,731716;-8,83569;-9,087051;3,571387;3,794573;-8,709171;18,20221;103,3227;93,87058;0,268341;19,80139;64,84339;59,48155;0,482025;-0,252371;0,000572;8,350754;-2,155209;6,192626;-0,003347;0,003147;0,236092;-0,832272;-0,00329;-0,003104;-0,645847;0,04715;-0,000458;0,001831;-1,821971;0,050812;-0,000458;0;38,6856;-20,2878;0,068665;501,0864;-183,8699;368,9758;0;0,377655;32,25174;94,61287;-0,394821;-0,372505;-6,378933;0,54245;0,054932;0,082397;-72,22641;1,963806;-0,054932;0,082397
18;288;00:00:00:288;0;0;0;1,430005;4,587211;1,556176;1,316054;8,369424;-1,32748;-0,336856;11,04634;-3,930264;-2,414836;12,50202;-5,750856;0,535037;4,18816;0,952749;-2,321649;11,16998;0,576646;-3,763568;15,78381;2,144422;-4,459768;18,30292;2,843673;-4,951458;20,35477;3,283626;-0,626797;3,672203;0,204076;-4,101747;10,3336;-0,556306;-7,259986;14,99781;-0,50443;-8,896494;17,57364;-0,644484;-10,17026;19,724;-0,906269;-1,712956;3,194563;-0,417376;-5,487928;8,920589;-1,487911;-7,061191;13,23508;-3,42143;-5,106731;12,39067;-5,235751;-4,696922;10,46006;-3,631677;-2,751292;2,735621;-1,050296;-6,600245;7,017763;-2,389708;-7,319838;10,67846;-3,73891;-6,346759;11,17398;-5,452721;-4,844544;9,709963;-6,409337;93,64812;29,13648;-156,155;161,3548;-50,23019;115,4266;-175,1749;-50,23016;115,4266;-155,8458;-50,2863;114,7464;-155,8458;-50,28629;114,7464;93,26815;29,13648;-156,155;68,95624;30,77714;-173,7823;72,61971;30,09009;-173,4696;76,48627;29,1285;-173,1967;76,45581;29,35449;-173,259;96,58397;28,57747;-149,2908;89,40275;27,93712;-146,1771;93,03085;29,88026;-146,0599;97,02005;31,5301;-145,6751;97,00381;31,31397;-145,7063;100,0204;27,58208;-141,9274;116,5632;29,80381;-146,0107;-139,4851;31,44276;-144,7681;-44,12822;28,51513;-141,812;-44,02231;28,70313;-141,5908;104,5393;25,50506;-131,6776;113,3863;31,0409;-156,308;178,7589;32,48288;-155,3232;-119,2833;31,97068;-150,8;-119,3704;32,21804;-150,964;0;0;0;-297,1346;-272,331;124,3633;-281,045;-677,9207;519,9763;-83,57041;-950,0284;871,0214;162,9034;-1085,94;1114,175;-174,4644;-251,368;160,5684;-3,407568;-667,3633;637,2032;8,481502;-860,1078;827,2827;9,713082;-976,0833;938,9377;6,360144;-1079,427;1036,389;-16,27188;-222,4861;205,4883;239,5282;-619,2427;702,5813;479,7018;-846,2394;1030,287;605,6356;-983,4244;1219,518;705,0124;-1108,104;1384,579;129,2288;-191,7124;242,7757;446,3182;-532,3271;714,2463;580,8915;-883,6009;1112,182;440,7876;-975,6663;1136,04;390,7721;-771,6312;917,8134;269,505;-164,161;280,7507;633,0797;-418,1169;690,5992;672,3199;-718,2952;995,8833;606,7496;-868,9901;1110,041;503,6179;-861,2276;1055,322;0;0;0;-7,618903;12,05206;-28,74684;-3,112793;-6,540298;-53,49541;1,75631;-25,00534;-75,67405;24,69706;-20,74241;-98,37913;-5,624055;7,108212;-28,42426;-9,415894;2,243042;-86,41433;-22,88729;13,1321;-97,18894;-30,02733;19,05441;-102,4246;-35,66667;23,86093;-106,1897;-3,137559;0,941276;-28,02372;-5,613327;-7,098198;-85,47591;-6,866455;12,55989;-136,3163;-6,889343;22,00699;-163,2843;-6,345749;28,70178;-184,8678;-1,037836;-4,2665;-27,68326;-1,979828;-14,71996;-79,29897;4,265785;-28,20396;-113,1535;9,020804;-40,23742;-101,8639;4,181385;-29,21962;-87,50152;1,082897;-9,518622;-27,33994;1,911163;-21,92402;-68,83907;12,6915;-29,77752;-93,27506;17,96722;-41,25023;-93,67561;17,32921;-48,44284;-80,45768;12,2361;11,6522;3,724034;3,75934;38,85488;2,532959;23,47028;18,80647;15,25537;-16,58621;3,504702;3,731664;-8,841091;-9,148042;3,571387;3,794573;-8,713907;18,20255;103,3227;93,87056;0,252564;19,80186;64,84338;59,48156;-0,174866;0,090437;0,000458;0,000572;0,574894;-2,521934;0,003347;-0,003147;-0,324097;-3,65942;0;0;-0,284157;0,02037;0,000458;-0,001373;-0,946605;0,027924;-0,000458;0,000458;-39,41345;20,56846;-0,006866;-501,0109;163,8061;-522,8736;0,401688;-0,377655;-33,61129;-169,6289;0,197411;0,186253;21,70143;-1,60675;0,054932;-0,192261;52,52194;-1,373291;0;0,027466
19;304;00:00:00:304;0;0;0;1,4295;4,587689;1,55523;1,312683;8,370954;-1,326932;-0,342455;11,04807;-3,928101;-2,42179;12,50343;-5,747394;0,534369;4,188365;0,952227;-2,3243;11,16942;0,57691;-3,765404;15,78424;2,14249;-4,461217;18,30381;2,84051;-4,952643;20,35594;3,27943;-0,627662;3,672053;0,204102;-4,10468;10,33249;-0,555198;-7,264006;14,996;-0,506075;-8,901134;17,57135;-0,64766;-10,17543;19,72124;-0,910734;-1,713972;3,194088;-0,416837;-5,490906;8,91906;-1,486094;-7,065913;13,23316;-3,419051;-5,112095;12,3891;-5,234219;-4,701174;10,45862;-3,630266;-2,752468;2,734834;-1,049266;-6,603125;7,015882;-2,38727;-7,324588;10,67615;-3,736615;-6,352422;11,17181;-5,450903;-4,850105;9,708205;-6,407988;93,64049;29,11175;-156,1438;161,3688;-50,25882;115,4437;-175,1609;-50,25879;115,4437;-155,8313;-50,3148;114,7631;-155,8313;-50,31479;114,7631;93,26052;29,11174;-156,1438;68,99293;30,75155;-173,7662;72,65598;30,06434;-173,454;76,52206;29,10261;-173,1819;76,49173;29,32862;-173,2441;96,57307;28,55371;-149,2811;89,43456;27,91034;-146,1487;93,06321;29,85342;-146,0303;97,05275;31,50308;-145,6446;97,03644;31,28695;-145,6759;100,0062;27,55973;-141,9191;116,5485;29,78144;-146,0064;-139,5007;31,42067;-144,7646;-44,14459;28,49374;-141,8082;-44,03881;28,6818;-141,5871;104,5213;25,4853;-131,6704;113,3822;31,01546;-156,2899;178,7543;32,45749;-155,3055;-119,2902;31,94567;-150,7835;-119,3773;32,19302;-150,9475;0;0;0;-296,9951;-272,2286;123,9322;-280,6338;-678,0414;519,195;-82,93622;-950,3018;869,9113;163,6812;-1086,291;1112,825;-174,3147;-251,2896;160,1378;-2,913505;-667,1936;635,8746;9,151071;-859,7979;825,2355;10,48855;-975,7248;936,4963;7,230072;-1079,052;1033,626;-16,11015;-222,4351;205,0582;240,0377;-619,1135;701,2584;480,6906;-846,0519;1028,022;606,9009;-983,238;1216,733;706,5186;-1107,947;1381,362;129,3981;-191,6784;242,3453;446,8066;-532,2346;713,0107;581,6722;-883,6341;1110,416;441,6166;-975,9918;1134,456;391,4351;-771,8071;916,4518;269,6833;-164,1475;280,3205;633,5226;-418,0706;689,5174;673,0735;-718,3416;994,4014;607,6146;-869,2678;1108,556;504,4261;-861,6923;1054,054;0;0;0;8,3642;6,141185;-25,86579;24,67346;-7,238387;-46,875;38,05124;-16,39938;-66,60461;46,66328;-21,03424;-80,99555;8,987187;4,70066;-25,83647;29,64378;10,18238;-79,71667;40,17412;18,59665;-122,8294;46,52828;21,50917;-146,4786;52,19574;22,49336;-165,7963;9,704231;3,057003;-25,81215;30,57146;7,753371;-79,37621;59,33189;11,24954;-135,9157;75,91438;11,18088;-167,0666;90,37399;9,412765;-192,9874;10,16021;2,038479;-25,82073;29,30259;5,556106;-74,13482;46,84352;-1,991272;-105,9723;49,74174;-19,52934;-95,05462;39,77966;-10,54859;-81,69364;10,70166;0,806093;-25,81501;26,57318;2,780914;-64,90802;45,21274;-2,780914;-88,90914;51,90182;-16,65687;-89,1323;48,49434;-27,88353;-76,09176;12,22909;11,64513;3,722777;3,761167;38,82999;2,546084;23,47025;18,80647;15,25489;-16,55017;3,504702;3,731664;-8,858384;-9,113005;3,571387;3,794573;-8,710052;18,20227;103,3227;93,87056;0,246288;19,80202;64,84339;59,48156;-1,493454;0,787539;-0,001488;0;-0,028782;2,162247;0;0;-1,037579;2,102222;0;0;0,231342;-0,017052;0;0;-0,376552;0,010185;0,000458;0,000458;-79,11529;41,82615;-0,11673;-0,034332;-36,22055;281,0508;-0,200844;0,188828;-42,80891;345,6985;0;0;30,92994;-2,245331;-0,027466;0,082397;34,20321;-1,0643;0,054932;0
20;320;00:00:00:320;0;0;0;1,429981;4,588828;1,551422;1,313726;8,37004;-1,333457;-0,340949;11,0454;-3,936726;-2,419987;12,49959;-5,757293;0,534848;4,189107;0,948684;-2,322853;11,17022;0,567138;-3,763628;15,78638;2,129076;-4,45925;18,30655;2,82511;-4,950512;20,35906;3,262423;-0,627187;3,67231;0,200902;-4,103249;10,33256;-0,564405;-7,262456;14,99619;-0,519358;-8,899511;17,57147;-0,663188;-10,17374;19,72116;-0,928132;-1,713508;3,19396;-0,419722;-5,489583;8,918518;-1,494209;-7,065009;13,23039;-3,431798;-5,11085;12,38475;-5,245864;-4,699829;10,45599;-3,639872;-2,752011;2,734302;-1,051846;-6,60198;7,014718;-2,39385;-7,322951;10,67388;-3,746465;-6,35058;11,16794;-5,461101;-4,848326;9,703337;-6,416767;93,69415;29,09639;-156,1254;161,3872;-50,21905;115,426;-175,1425;-50,21904;115,426;-155,8136;-50,2749;114,746;-155,8136;-50,2749;114,746;93,31418;29,09639;-156,1254;69,04424;30,75109;-173,7455;72,70693;30,06363;-173,4341;76,57253;29,10168;-173,1629;76,54229;29,32774;-173,2248;96,62398;28,53286;-149,2645;89,4816;27,8861;-146,1282;93,11108;29,82911;-146,008;97,10123;31,47848;-145,6207;97,08485;31,26238;-145,6522;100,0532;27,53332;-141,905;116,6093;29,75403;-145,9676;-139,4396;31,39212;-144,7241;-44,087;28,46255;-141,7721;-43,98126;28,65041;-141,5509;104,5615;25,45191;-131,6608;113,4383;30,99997;-156,2669;178,8109;32,44118;-155,281;-119,2356;31,92566;-150,7604;-119,3225;32,17313;-150,9241;0;0;0;-296,9648;-272,2573;123,9889;-280,4465;-678,1031;519,1869;-82,62465;-950,3563;869,822;164,0699;-1086,318;1112,665;-174,2745;-251,3019;160,1691;-2,75445;-667,1596;635,8587;9,260169;-859,7953;825,3425;10,5736;-975,7338;936,6735;7,298379;-1079,065;1033,863;-16,05824;-222,4261;205,0566;240,2137;-619,0472;701,1919;480,9576;-845,9162;1028,112;607,2194;-983,059;1216,912;706,8812;-1107,728;1381,616;129,459;-191,65;242,3129;446,9852;-532,1429;712,9017;582,0514;-883,5219;1110,259;442,0087;-975,8992;1134,355;391,7181;-771,7217;916,3681;269,7539;-164,1003;280,2587;633,6954;-417,9578;689,3711;673,3672;-718,2037;994,2639;607,9637;-869,1379;1108,447;504,765;-861,587;1053,973;0;0;0;1,821041;-1,720905;3,402472;11,24096;-3,702163;-0,486374;18,69428;-3,27301;-5,355834;23,32592;-1,642227;-9,630202;2,407551;-0,733852;1,880407;9,543299;2,039909;-0,94986;6,545931;0,154495;6,420135;5,102902;-0,537872;10,63156;4,098415;-0,801086;14,21356;3,114044;0,539303;-0,092983;10,5629;3,979682;-3,988266;16,02173;8,14247;5,418777;19,11163;10,746;10,71739;21,75236;13,17787;15,21492;3,655672;1,707315;-1,942634;10,72025;5,501747;-6,543159;22,74799;6,729126;-9,452819;23,52619;5,556106;-6,048202;16,97874;5,11837;-5,023956;4,232883;2,835274;-3,706455;10,37121;6,76918;-8,777617;17,6239;8,271216;-8,251189;20,94555;7,787704;-6,534576;20,33043;6,322861;-4,817962;12,22825;11,64442;3,722561;3,761749;38,82217;2,550236;23,47027;18,80649;15,25573;-16,55599;3,504646;3,731664;-8,86304;-9,117812;3,571441;3,794573;-8,729245;18,20366;103,3227;93,87057;0,243893;19,80208;64,84339;59,48157;-0,468979;0,249066;0,00103;0,000687;0,050583;-0,34893;-0,003347;0;-0,27935;-0,288448;0,00329;0;-1,151619;0,083313;0;0,000458;-0,143705;0,00309;0;0,000458;61,4685;-32,30838;0,151062;0,041199;4,761886;-150,6706;-0,200844;0;45,49369;-143,4402;0,197411;0;-82,97766;6,02188;0;0,027466;13,97082;-0,42572;-0,027466;0
21;336;00:00:00:336;0;0;0;1,431663;4,589559;1,547706;1,317052;8,369176;-1,339325;-0,336343;11,04351;-3,944452;-2,414597;12,49724;-5,766283;0,536457;4,189696;0,945171;-2,318253;11,17168;0,557183;-3,762903;15,7854;2,122748;-4,460644;18,30443;2,820759;-4,953631;20,35618;3,259681;-0,625678;3,672745;0,197651;-4,098823;10,3338;-0,57392;-7,261231;14,99518;-0,521419;-8,900226;17,56944;-0,661247;-10,17622;19,71848;-0,922939;-1,712101;3,194317;-0,422733;-5,485605;8,919534;-1,502728;-7,057233;13,23154;-3,443105;-5,103577;12,38317;-5,256444;-4,694337;10,45504;-3,649235;-2,750698;2,734553;-1,054626;-6,59866;7,015429;-2,400908;-7,317345;10,67397;-3,756428;-6,344454;11,16615;-5,471304;-4,842906;9,699959;-6,425641;93,7498;29,0847;-156,1224;161,3916;-50,18467;115,407;-175,1382;-50,18465;115,4071;-155,8099;-50,24049;114,7275;-155,8099;-50,24047;114,7275;93,36983;29,0847;-156,1224;68,99237;30,7551;-173,7236;72,65546;30,06789;-173,4114;76,52158;29,10616;-173,1393;76,49123;29,33218;-173,2015;96,67735;28,51544;-149,2631;89,39594;27,86621;-146,1283;93,02376;29,80937;-146,0114;97,01228;31,45925;-145,6272;96,99609;31,24311;-145,6583;100,1032;27,51005;-141,906;116,6465;29,73981;-145,9967;-139,4021;31,37721;-144,7522;-44,05152;28,44602;-141,8028;-43,9458;28,63376;-141,5815;104,6051;25,42113;-131,6661;113,4889;30,98959;-156,2736;178,8621;32,43005;-155,2863;-119,1859;31,91115;-150,767;-119,2726;32,15875;-150,9304;0;0;0;-296,9937;-272,3256;124,2174;-280,5402;-677,9858;519,6299;-82,76559;-950,0945;870,4234;163,9025;-1085,968;1113,357;-174,3033;-251,3464;160,3817;-2,841264;-667,2078;636,4451;9,28565;-859,3217;826,0025;10,65351;-974,9707;937,3948;7,417045;-1078,063;1034,651;-16,08671;-222,4416;205,2486;240,1278;-619,0514;701,7443;480,8396;-845,1274;1028,784;607,0876;-981,828;1217,677;706,741;-1106,124;1382,483;129,4312;-191,6422;242,486;446,9059;-532,1103;713,3886;581,8583;-883,3515;1111,045;441,8323;-975,6353;1135,067;391,5971;-771,5621;916,9432;269,7265;-164,0684;280,4135;633,6268;-417,8879;689,7659;673,2279;-718,066;994,8547;607,809;-868,9039;1109,058;504,6335;-861,2939;1054,497;0;0;0;-1,732349;-4,101276;13,71145;-5,62334;7,035255;26,58176;-8,456468;15,70701;36,08322;-10,04434;20,98846;41,53061;-1,725912;-2,673626;12,75659;-5,208849;-2,889633;35,17913;1,528859;28,41568;39,59655;4,794448;45,78209;43,27583;7,119924;60,15014;47,28698;-1,707852;-0,926971;11,51991;-5,155563;-0,25177;33,14495;-7,081032;47,32704;40,28892;-7,910728;73,85444;45,89653;-8,411407;96,22764;52,0134;-1,669407;0,464201;10,38551;-4,760742;1,954078;29,2139;-11,58142;10,2253;47,17826;-10,58578;15,83862;42,69218;-7,261275;9,581565;34,50965;-1,645088;1,914024;9,28688;-4,119873;4,191398;23,68927;-8,359908;8,262633;35,44807;-9,281157;14,0419;36,66114;-7,8907;17,58385;31,43692;12,23428;11,65535;3,721517;3,762478;38,8059;2,55888;23,47027;18,80649;15,24184;-16,67579;3,504702;3,731716;-8,862751;-9,256717;3,571496;3,794625;-8,701432;18,20164;103,3227;93,87056;0,254109;19,80179;64,8434;59,48156;-0,976181;0,518646;0;0;-0,833645;-7,187805;0,003347;0,003147;0,017338;-8,334274;0,00329;0,003104;1,668777;-0,120735;0,000458;-0,000458;0,612941;-0,016937;0,000458;-0,000458;-30,43213;16,17479;-0,061798;-0,041199;-53,05366;-410,3324;0,401688;0,188828;17,80128;-482,7495;0;0,186253;169,2238;-12,24289;0,027466;-0,054932;45,39874;-1,20163;0,027466;-0,054932
22;352;00:00:00:352;0;0;0;1,432939;4,59095;1,542392;1,319561;8,367407;-1,348817;-0,332913;11,03931;-3,957031;-2,410635;12,49157;-5,780636;0,537654;4,190645;0,940268;-2,314928;11,17302;0,543854;-3,758421;15,78895;2,10398;-4,455521;18,30898;2,799031;-4,947976;20,36137;3,235544;-0,624585;3,673163;0,193278;-4,095673;10,33435;-0,586383;-7,258421;14,99554;-0,538287;-8,897619;17,56954;-0,680554;-10,1738;19,71822;-0,944299;-1,711111;3,194331;-0,426616;-5,482818;8,919408;-1,513618;-7,053018;13,22959;-3,459187;-5,099493;12,3785;-5,27139;-4,690941;10,45214;-3,661881;-2,749803;2,734135;-1,058038;-6,596384;7,014579;-2,40963;-7,313924;10,67171;-3,769541;-6,340774;11,16158;-5,484933;-4,83958;9,693826;-6,437422;93,82229;29,06093;-156,1044;161,4272;-50,12551;115,3647;-175,1025;-50,12549;115,3646;-155,7753;-50,18107;114,6859;-155,7753;-50,18106;114,6859;93,44231;29,06093;-156,1044;69,06956;30,75162;-173,6998;72,73207;30,06406;-173,3887;76,59743;29,102;-173,118;76,56726;29,32809;-173,1799;96,74567;28,48428;-149,2477;89,44682;27,82908;-146,1003;93,07549;29,77214;-145,9815;97,06458;31,42172;-145,5957;97,04832;31,20561;-145,627;100,1658;27,47146;-141,8943;116,7135;29,70527;-145,9807;-139,3348;31,34142;-144,7344;-43,98838;28,40732;-141,79;-43,88271;28,59484;-141,5685;104,6581;25,37327;-131,6606;113,5634;30,96587;-156,2517;178,9373;32,40524;-155,2625;-119,1137;31,88141;-150,7453;-119,2001;32,1292;-150,9083;0;0;0;-297,0946;-272,3694;124,4404;-280,7477;-677,918;519,9952;-83,05494;-949,9556;870,9083;163,564;-1085,797;1113,921;-174,3999;-251,3817;160,5925;-3,117241;-667,2951;637,0424;9,246692;-859,2532;826,3806;10,74412;-974,8291;937,6537;7,613025;-1077,871;1034,813;-16,1773;-222,4677;205,4437;239,8623;-619,1253;702,3152;480,8368;-844,9393;1028,876;607,2405;-981,5095;1217,515;707,0333;-1105,709;1382,119;129,3468;-191,6637;242,6667;446,6672;-532,1713;713,8997;581,392;-883,4205;1111,723;441,3961;-975,5406;1135,702;391,2676;-771,5056;917,505;269,6477;-164,0834;280,5803;633,4276;-417,9305;690,1893;672,8953;-718,0713;995,4525;607,4455;-868,7968;1109,67;504,3105;-861,0913;1055,03;0;0;0;-6,056785;-2,627849;13,37743;-12,44831;4,065513;21,91543;-17,36104;8,33702;29,0966;-20,31255;10,26535;33,86879;-5,793571;-2,118587;12,64644;-16,55862;-5,241394;35,83717;-2,337545;4,108428;22,68219;5,436837;8,497237;15,53535;11,7588;11,47842;9,727477;-5,435139;-1,563549;11,70587;-15,9316;-4,434585;34,25216;-0,171661;11,28387;5,516052;9,178161;19,11163;-9,681701;17,54379;24,90234;-21,80672;-5,06401;-1,28603;10,84042;-14,32228;-3,656387;30,6673;-27,9808;-4,142761;40,69519;-26,17264;5,676269;38,08593;-19,76681;3,390312;33,70285;-4,724979;-0,901937;10,00786;-11,95621;-2,557754;25,40588;-19,95563;-0,314713;35,86578;-21,81244;6,425858;36,74697;-19,37485;12,15362;31,97479;12,2337;11,65682;3,721315;3,762781;38,80175;2,560965;23,47027;18,80647;15,24109;-16,67763;3,504702;3,731664;-8,87582;-9,279151;3,571441;3,794573;-8,701478;18,20164;103,3227;93,87058;0,253338;19,80182;64,84339;59,48156;-0,249252;0,125141;0;-0,000687;-0,04446;-0,110664;0;-0,003147;-0,784149;-1,346054;-0,00329;-0,003104;-0,002747;0;-0,000916;0,001373;-0,046272;0,001717;-0,000458;-0,000458;43,61572;-23,6103;0;-0,041199;47,35107;424,6284;-0,200844;-0,377655;-48,08921;419,2932;-0,394821;-0,372505;-100,2914;7,244109;-0,082397;0,109863;-39,55276;1,119232;-0,054932;0
23;368;00:00:00:368;0;0;0;1,428896;4,592411;1,54179;1,309089;8,369133;-1,348816;-0,348341;11,03949;-3,95546;-2,42905;12,48962;-5,777356;0,533621;4,191157;0,940283;-2,327116;11,17035;0,546643;-3,776198;15,78408;2,108088;-4,476461;18,30305;2,803789;-4,971588;20,3547;3,240781;-0,628582;3,672438;0,194095;-4,107742;10,32978;-0,582369;-7,279983;14,98445;-0,527526;-8,924629;17,55516;-0,6662;-10,20554;19,70138;-0,927053;-1,715021;3,192442;-0,425049;-5,493971;8,913369;-1,508725;-7,072121;13,22084;-3,45387;-5,118538;12,37247;-5,267283;-4,705925;10,44699;-3,657766;-2,753657;2,731137;-1,055754;-6,606047;7,007375;-2,404106;-7,329765;10,66336;-3,763829;-6,35851;11,15447;-5,479941;-4,855886;9,688783;-6,433352;93,79697;29,02479;-156,0522;161,4805;-50,15046;115,3894;-175,0492;-50,15044;115,3894;-155,7214;-50,20562;114,7102;-155,7215;-50,20559;114,7102;93,41699;29,02479;-156,0522;69,06031;30,711;-173,6212;72,72263;30,02348;-173,3101;76,58788;29,06147;-173,0394;76,55772;29,28755;-173,1012;96,71577;28,45104;-149,1974;89,36942;27,79133;-146,0189;92,99657;29,73454;-145,9031;96,98403;31,38458;-145,5201;96,96796;31,16843;-145,5511;100,1316;27,44186;-141,8455;116,6965;29,66776;-145,9012;-139,3531;31,30424;-144,656;-44,0083;28,37099;-141,7115;-43,90282;28,55857;-141,4902;104,6192;25,34953;-131,6127;113,5498;30,92733;-156,1768;178,9227;32,3669;-155,1884;-119,1317;31,84417;-150,6729;-119,218;32,0919;-150,8359;0;0;0;-297,1711;-272,4529;124,7592;-280,9025;-677,8034;520,5717;-83,26756;-949,6893;871,6746;163,3183;-1085,441;1114,796;-174,4716;-251,4387;160,8867;-3,31673;-667,376;637,8421;9,065866;-859,4297;827,5187;10,57217;-975,0457;938,9774;7,447264;-1078,11;1036,289;-16,24283;-222,4928;205,7061;239,6733;-619,1583;703,063;480,8206;-844,6087;1029,806;607,3224;-980,9702;1218,56;707,199;-1104,989;1383,27;129,2874;-191,6645;242,8997;446,4999;-532,1637;714,5531;581,2766;-883,3076;1112,667;441,2518;-975,2634;1136,586;391,1038;-771,3332;918,265;269,594;-164,0583;280,785;633,291;-417,8796;690,7127;672,771;-717,9386;996,2396;607,3118;-868,5256;1110,49;504,1598;-860,7252;1055,742;0;0;0;-4,591941;-5,00822;19,12808;-9,28688;6,877899;34,58976;-12,75659;15,97595;45,97663;-14,74213;21,38901;52,47116;-4,307985;-3,418922;17,65036;-11,96937;-4,849433;47,98507;-10,84953;-10,59151;68,29261;-10,31712;-12,99477;79,42199;-9,94563;-14,35089;88,54865;-3,93185;-1,507759;15,74278;-11,34109;-1,979828;44,86942;-0,967026;19,83833;55,83;4,909515;32,35817;62,65639;9,936332;43,21289;69,05364;-3,566265;-0,052214;13,97896;-10,03647;0,452042;39,20459;-6,923676;6,774902;56,63109;-8,657454;16,63399;53,03764;-9,830474;10,3426;45,59898;-3,225803;1,504183;12,28237;-8,193969;3,058433;31,39972;-7,455825;7,959365;47,22404;-8,019446;16,2735;49,14665;-9,043693;21,96693;42,71507;12,23318;11,66228;3,721447;3,763585;38,79955;2,562169;23,47027;18,80649;15,22378;-16,68373;3,504646;3,731611;-8,904437;-9,341087;3,571496;3,794625;-8,729019;18,20364;103,3227;93,87056;0,233231;19,8024;64,84339;59,48156;-0,132065;0,072241;0;0,000687;-1,03878;-0,366211;-0,003347;-0,003147;-1,717014;-3,716182;0,00329;0,003104;-1,65247;0,120049;0;-0,001373;-1,206434;0,034561;0;0,000458;7,031249;-3,174019;0;0,082397;-59,65919;-15,33279;-0,200844;0;-55,9719;-142,2077;0,394821;0,372505;-98,98337;7,20291;0,054932;-0,164795;-69,60975;1,970672;0,027466;0,054932
24;384;00:00:00:384;0;0;0;1,421512;4,595243;1,540175;1,293621;8,371212;-1,351069;-0,369789;11,03814;-3,957417;-2,453936;12,48423;-5,778591;0,526661;4,192285;0,939178;-2,346598;11,16633;0,545493;-3,803141;15,77791;2,106345;-4,50755;18,29583;2,801681;-5,006115;20,34672;3,23834;-0,63498;3,67136;0,193651;-4,126275;10,32238;-0,582496;-7,308625;14,97014;-0,527281;-8,958942;17,53722;-0,665803;-10,24466;19,68058;-0,92658;-1,720865;3,189319;-0,424875;-5,51044;8,903335;-1,507901;-7,097917;13,20708;-3,453702;-5,143504;12,36196;-5,267738;-4,726383;10,43781;-3,657793;-2,758985;2,72605;-1,054988;-6,619573;6,995197;-2,402364;-7,351558;10,6491;-3,763235;-6,38209;11,14156;-5,479975;-4,876811;9,678647;-6,433455;93,79636;28,99501;-155,9511;161,526;-50,15259;115,4563;-175,0037;-50,15257;115,4563;-155,6759;-50,20739;114,777;-155,6759;-50,20739;114,777;93,4164;28,99501;-155,9511;69,0751;30,68252;-173,5119;72,73712;29,99494;-173,2011;76,60207;29,03286;-172,9307;76,57199;29,25895;-172,9924;96,71116;28,42153;-149,0983;89,36533;27,75741;-145,8959;92,99232;29,70062;-145,7804;96,97945;31,35069;-145,3976;96,96341;31,13454;-145,4286;100,1228;27,41311;-141,7483;116,697;29,63579;-145,7887;-139,3533;31,27226;-144,5438;-44,01039;28,33907;-141,6002;-43,90504;28,52667;-141,3789;104,6051;25,32262;-131,5175;113,5625;30,89496;-156,05;178,935;32,33436;-155,0616;-119,1226;31,81091;-150,5478;-119,2088;32,05867;-150,7108;0;0;0;-296,9286;-272,5406;124,7953;-280,2761;-677,9031;520,5749;-82,34506;-949,6941;871,5856;164,4194;-1085,316;1114,605;-174,2297;-251,4694;160,8858;-2,585493;-667,2157;637,6747;10,14304;-859,1552;827,2803;11,8451;-974,7174;938,7037;8,88542;-1077,745;1035,989;-16,00305;-222,4492;205,6571;240,3974;-618,8843;702,8221;482,2398;-843,8889;1029,132;609,1375;-980,0242;1217,656;709,3553;-1103,871;1382,183;129,522;-191,5512;242,8057;447,1692;-531,8014;714,2596;582,4874;-882,7844;1112,338;442,4418;-974,9029;1136,333;392,0216;-771,0247;918,0186;269,8252;-163,8785;280,6479;633,8708;-417,4474;690,3813;673,8099;-717,4405;995,8972;608,4711;-868,1023;1110,191;505,1915;-860,4247;1055,504;0;0;0;14,55545;-5,261421;2,167225;37,58096;-5,979537;0,19455;55,34935;-0,286102;-5,34439;66,06745;7,467269;-11,43265;14,51754;-1,842499;-0,055075;43,87424;9,613036;-10,04219;64,6305;16,47377;-14,30511;76,37589;19,69528;-16,42227;86,28934;21,91543;-17,99011;14,38674;2,612114;-2,941131;43,44892;16,43944;-14,45103;85,14976;43,19;-40,43769;108,9077;56,7627;-54,20494;129,3783;67,07381;-65,20271;14,07623;6,800652;-5,640506;40,15445;21,73805;-17,61246;72,64995;31,39686;-19,72961;71,40254;21,62933;-15,13481;55,0704;18,50796;-14,78576;13,87453;10,79249;-8,222579;34,79004;25,93231;-19,88411;62,33024;29,8891;-20,54214;69,56004;25,40016;-17,88711;61,90108;18,03016;-14,31656;12,23263;11,66297;3,721511;3,76437;38,79853;2,562651;23,47027;18,80647;15,22121;-16,68001;3,504646;3,731716;-8,92676;-9,350992;3,571441;3,794573;-8,741972;18,20457;103,3227;93,87057;0,210289;19,80302;64,84339;59,48155;-0,061111;0,028896;0;-0,000687;-0,154495;0,223389;0;0,006294;-1,339359;-0,594292;-0,00329;-0,003104;-0,777168;0,055733;0,000458;0,000916;-1,376474;0,037537;0;-0,000916;4,257202;-2,600669;0;-0,082397;53,0571;35,37597;0,200844;0,566483;22,6593;187,3134;-0,394821;-0,372505;52,51807;-3,858947;0,027466;0,137329;-10,20237;0,178528;0;-0,082397
25;400;00:00:00:400;0;0;0;1,416317;4,598989;1,533768;1,284431;8,371369;-1,361981;-0,381689;11,03319;-3,971816;-2,467226;12,47461;-5,795109;0,521991;4,1942;0,93322;-2,358747;11,16457;0,529077;-3,818579;15,7781;2,081046;-4,524755;18,29685;2,771552;-5,024733;20,34823;3,204291;-0,638977;3,670947;0,188274;-4,137345;10,31707;-0,597958;-7,324152;14,96187;-0,552078;-8,976873;17,52713;-0,69572;-10,26455;19,66879;-0,96074;-1,724249;3,186842;-0,429717;-5,519839;8,895195;-1,521522;-7,111623;13,19446;-3,47371;-5,156043;12,34883;-5,286251;-4,737105;10,42743;-3,673494;-2,761775;2,721545;-1,059316;-6,626777;6,984573;-2,413399;-7,362309;10,63582;-3,779505;-6,393103;11,12686;-5,496798;-4,886194;9,664144;-6,448014;93,88635;28,96904;-155,8456;161,5559;-50,08642;115,5025;-174,9738;-50,0864;115,5025;-155,6471;-50,14101;114,8241;-155,6471;-50,14099;114,8241;93,50639;28,96903;-155,8456;69,19998;30,68126;-173,411;72,86114;29,99309;-173,1019;76,7249;29,03051;-172,8339;76,6951;29,25672;-172,8951;96,79646;28,38635;-148,9958;89,47284;27,71725;-145,7911;93,10174;29,66027;-145,6714;97,09042;31,30969;-145,2852;97,07415;31,09359;-145,3166;100,2016;27,36862;-141,6501;116,7804;29,59653;-145,6863;-139,2696;31,23145;-144,4393;-43,93157;28,29462;-141,5017;-43,82628;28,48196;-141,2802;104,6725;25,26642;-131,4268;113,652;30,86958;-155,9455;179,0253;32,30764;-154,9547;-119,0355;31,77828;-150,4433;-119,1214;32,02625;-150,6057;0;0;0;-296,4855;-272,7105;124,8922;-279,3745;-677,9744;520,754;-81,10136;-949,526;871,7746;165,8621;-1084,891;1114,763;-173,8121;-251,5371;160,9521;-1,416564;-666,9745;637,7438;11,69857;-858,9561;827,4202;13,61791;-974,5473;938,8785;10,84039;-1077,604;1036,189;-15,61915;-222,3846;205,6836;241,5094;-618,4406;702,8298;483,9854;-843,1644;1029,135;611,2374;-979,1548;1217,655;711,7549;-1102,889;1382,178;129,8726;-191,3638;242,7952;448,1573;-531,1993;714,2101;584,0305;-881,9587;1112,329;443,9363;-974,2723;1136,361;393,2477;-770,4738;918,0201;270,1449;-163,5733;280,602;634,6823;-416,7166;690,2767;675,1019;-716,5847;995,8615;609,8693;-867,3271;1110,193;506,4377;-859,8162;1055,509;0;0;0;26,58176;-10,19525;5,815029;54,09479;-4,28009;10,74886;74,62227;10,08224;11,34109;86,56024;25,50888;9,469985;25,05827;-4,059791;3,978967;70,13573;14,47391;4,142761;93,33148;11,94763;8,388518;106,3684;10,20813;10,48851;117,2984;8,474349;12,03346;23,03383;3,879547;1,59502;66,72048;26,62754;0,457764;104,7363;43,47038;0,177383;125,9966;52,15645;-0,051498;143,981;58,8684;-0,30899;21,03925;11,24382;-0,627995;59,28611;36,12327;-2,966881;92,5827;49,53575;-0,566483;89,67017;37,83989;1,653671;73,56548;33,05339;0,097275;19,1803;18,31198;-2,755165;48,69175;43,84517;-6,274223;77,52513;51,34964;-2,145767;83,89091;46,50879;0,114441;74,77283;36,51237;0,30899;12,228;11,65872;3,720825;3,765154;38,78465;2,57005;23,47027;18,80649;15,23;-16,64632;3,504702;3,731664;-8,930787;-9,327865;3,571387;3,794522;-8,741028;18,20451;103,3227;93,87056;0,214891;19,80291;64,84341;59,48156;-0,83313;0,443959;0;0,000687;0,527401;2,021599;0,003347;-0,003147;-0,241642;1,387653;-0,00329;-0,00309;0,056648;-0,003891;0;-0,000916;0,276124;-0,006638;0,000916;0,000458;-46,3211;24,90377;0;0,082397;40,91377;107,8926;0,200844;-0,566483;65,86303;118,9167;0;0,000858;50,02898;-3,577423;-0,027466;-0,109863;99,15584;-2,650451;0,054932;0,082397
26;416;00:00:00:416;0;0;0;1,414101;4,601547;1,528129;1,281449;8,370404;-1,372166;-0,385034;11,02836;-3,985702;-2,470637;12,46667;-5,811369;0,520106;4,195624;0,927853;-2,363191;11,16434;0,5137;-3,82972;15,77526;2,06712;-4,539538;18,29277;2,75843;-5,042469;20,34328;3,191826;-0,640442;3,670945;0,183258;-4,141133;10,31468;-0,612737;-7,333434;14,95572;-0,568427;-8,989241;17,51894;-0,712971;-10,27953;19,65893;-0,978768;-1,725347;3,185611;-0,434412;-5,52281;8,89106;-1,534833;-7,115984;13,18693;-3,493349;-5,15947;12,33973;-5,304152;-4,740134;10,42072;-3,688653;-2,76251;2,719086;-1,063701;-6,628753;6,978841;-2,424519;-7,364816;10,62821;-3,795332;-6,395259;11,11737;-5,512962;-4,887723;9,653863;-6,461955;93,97278;28,95341;-155,7817;161,5765;-50,01687;115,5122;-174,9532;-50,01687;115,5122;-155,6278;-50,0713;114,8348;-155,6278;-50,07131;114,8348;93,5928;28,95341;-155,7817;69,17783;30,68924;-173,341;72,83919;30,00116;-173,0316;76,70319;29,03868;-172,7632;76,67333;29,26487;-172,8245;96,87968;28,36182;-148,9342;89,49106;27,68544;-145,7147;93,12023;29,62842;-145,5943;97,10896;31,27774;-145,2076;97,09268;31,06165;-145,2391;100,2798;27,33493;-141,5921;116,8656;29,56672;-145,6179;-139,1837;31,20002;-144,3684;-43,85007;28,25949;-141,4367;-43,7448;28,44655;-141,215;104,7415;25,22095;-131,3753;113,7347;30,85517;-155,8888;179,109;32,292;-154,8957;-118,954;31,75712;-150,3861;-119,0396;32,00529;-150,5481;0;0;0;-296,1738;-272,9353;125,2767;-278,8359;-677,9584;521,4298;-80,40803;-949,1877;872,6727;166,6352;-1084,265;1115,794;-173,5319;-251,652;161,3095;-0,687607;-666,8685;638,7287;12,69617;-858,3922;828,7841;14,75474;-973,7223;940,4687;12,08436;-1076,557;1037,98;-15,37935;-222,3598;206,0063;242,1736;-618,1216;703,7575;484,9909;-842,2568;1030,543;612,4301;-977,9129;1219,342;713,1022;-1101,36;1384,107;130,0757;-191,2152;243,0857;448,7213;-530,7109;715,0273;584,8783;-881,202;1113,525;444,7074;-973,4848;1137,469;393,8985;-769,8511;918,9625;270,3123;-163,303;280,8617;635,1146;-416,0792;690,9388;675,7109;-715,7861;996,8375;610,4913;-866,4435;1111,202;506,9789;-858,9451;1056,38;0;0;0;18,70107;-13,48829;23,067;32,31954;0,958443;40,54641;41,59963;20,30182;53,89023;46,39077;37,58812;61,86675;16,81208;-6,893635;21,44837;43,73743;6,362915;59,09728;59,85622;33,82873;81,83669;68,20982;49,50142;95,40939;74,63783;62,80517;107,4257;14,38799;1,487732;19,36054;39,84975;19,13166;55,66406;60,33038;54,45099;84,49744;71,55704;74,5182;101,1772;80,8382;91,753;115,7226;12,18295;8,915662;17,43221;33,84018;29,30545;49,03221;50,86899;45,40443;71,7945;46,26274;47,24693;66,51305;39,04438;37,35923;56,53954;10,04505;16,21842;15,5797;25,93803;38,24329;39,72816;36,53812;47,91069;58,56513;37,31632;53,01476;60,52779;32,46975;52,26517;52,27661;12,23572;11,66454;3,720544;3,765295;38,778;2,573436;23,47027;18,80647;15,22805;-16,76163;3,504646;3,731716;-8,94593;-9,399713;3,571496;3,794625;-8,746128;18,20488;103,3227;93,87057;0,223812;19,80265;64,84339;59,48157;-0,398712;0,203133;0;-0,000687;-0,116959;-6,91864;-0,003347;0,003147;-0,908604;-4,310875;0,00658;0,006194;-0,306015;0,022316;0;0,000458;0,535225;-0,015793;-0,000916;0,000916;26,06506;-14,44959;0;-0,082397;-38,66157;-536,4143;-0,401688;0,377655;-40,0177;-341,9117;0,592232;0,557041;-21,75979;1,572418;0;0,082397;15,54608;-0,549316;-0,109863;0,027466
27;432;00:00:00:432;0;0;0;1,410459;4,605446;1,519727;1,278154;8,368201;-1,388497;-0,38763;11,01985;-4,008876;-2,472527;12,45327;-5,839194;0,517158;4,19781;0,91958;-2,369471;11,16413;0,488698;-3,837909;15,77809;2,031258;-4,548643;18,29694;2,716711;-5,052218;20,34829;3,145397;-0,642519;3,670979;0,175146;-4,146065;10,3112;-0,637398;-7,338842;14,95203;-0,60648;-8,994745;17,51476;-0,758314;-10,28498;19,65403;-1,030108;-1,726674;3,183794;-0,442384;-5,526257;8,884952;-1,557647;-7,11896;13,17671;-3,525528;-5,160853;12,32656;-5,333218;-4,742295;10,41072;-3,713762;-2,763088;2,715422;-1,071533;-6,630482;6,97031;-2,444254;-7,36682;10,61669;-3,82285;-6,396103;11,10282;-5,540685;-4,887285;9,637997;-6,48561;94,11785;28,94639;-155,6813;161,5921;-49,88977;115,5302;-174,9376;-49,88976;115,5302;-155,6145;-49,9441;114,8545;-155,6145;-49,9441;114,8546;93,73787;28,94639;-155,6813;69,3231;30,72041;-173,2584;72,98363;30,03166;-172,9509;76,84643;29,06859;-172,6852;76,81684;29,29491;-172,7459;97,02195;28,33972;-148,8365;89,64496;27,65988;-145,6378;93,27695;29,60258;-145,5115;97,26814;31,25096;-145,1196;97,2515;31,03496;-145,1517;100,4164;27,29702;-141,4993;116,9972;29,54159;-145,5392;-139,0506;31,17238;-144,2856;-43,72259;28,22608;-141,3625;-43,61723;28,41269;-141,1405;104,866;25,16212;-131,2921;113,8764;30,84966;-155,795;179,2527;32,28438;-154,7977;-118,8123;31,73997;-150,2904;-118,8974;31,98847;-150,4516;0;0;0;-296,0409;-273,0888;125,615;-278,6561;-677,9021;522,0397;-80,20605;-948,9006;873,5038;166,8414;-1083,791;1116,767;-173,4188;-251,7374;161,6315;-0,42095;-666,855;639,6514;13,2715;-858,2837;829,6137;15,49861;-973,5723;941,2447;12,96546;-1076,383;1038,71;-15,29142;-222,3597;206,3073;242,4009;-617,9783;704,6442;485,458;-842,02;1031,56;613,0322;-977,6257;1220,428;713,8196;-1101,032;1385,248;130,1416;-191,1413;243,3675;448,8995;-530,4629;715,826;585,0439;-880,7473;1114,719;444,8426;-972,9368;1138,552;394,0523;-769,4478;919,8712;270,3564;-163,1554;281,1248;635,2332;-415,7353;691,606;675,8194;-715,3284;997,7871;610,5756;-865,8729;1112,171;507,0453;-858,3274;1057,214;0;0;0;7,977962;-9,206771;20,30039;10,78463;3,381729;36,58962;12,11893;17,22336;49,8619;12,37178;28,39279;58,38775;6,784916;-5,126953;19,31977;15,99937;0,803947;55,35793;34,52003;6,511688;49,77607;44,63195;8,995055;46,56028;52,86638;10,48279;43,82515;5,275547;0,005722;18,05877;13,6385;8,600234;53,20358;28,02658;14,21356;61,01417;36,13186;17,2348;65,16265;43,04123;19,69528;68,47572;3,953218;4,434585;16,90292;10,6945;14,88304;47,92213;9,939193;27,28271;71,58851;8,11386;32,87887;64,97955;9,229659;24,20425;54,52538;2,646446;8,852004;15,78569;7,112503;20,63656;40,03143;6,508827;27,4601;56,97441;5,055427;34,235;58,13598;3,985404;37,06169;50,02213;12,23556;11,66245;3,720396;3,764928;38,77841;2,573194;23,47026;18,80647;15,24588;-16,75054;3,504702;3,731664;-8,929488;-9,376369;3,571441;3,794625;-8,726882;18,20349;103,3227;93,87055;0,234068;19,80236;64,84338;59,48156;0,02449;-0,014534;-0,000572;0;1,069679;0,665245;0,003347;-0,003147;0,986538;1,400642;-0,00329;0;1,154766;-0,083313;0;-0,000916;0,615372;-0,017509;-0,000916;-0,000458;25,39215;-13,06;-0,034332;0,041199;71,19827;455,0331;0,401688;-0,377655;113,7085;342,691;-0,592232;-0,371647;87,64685;-6,337737;0;-0,082397;4,808821;-0,102997;0;-0,082397
28;448;00:00:00:448;0;0;0;1,404651;4,60897;1,514416;1,268214;8,368158;-1,398227;-0,405106;11,01204;-4,021663;-2,494325;12,43796;-5,852905;0,511938;4,199533;0,914619;-2,383042;11,16184;0,474919;-3,859827;15,77347;2,016494;-4,575112;18,29117;2,701409;-5,082388;20,3417;3,129664;-0,646983;3,670407;0,170636;-4,158426;10,30541;-0,650429;-7,357834;14,94171;-0,626929;-9,017361;17,50186;-0,782834;-10,31058;19,63889;-1,058003;-1,730452;3,181171;-0,446478;-5,536748;8,876388;-1,569181;-7,133466;13,16219;-3,546767;-5,173232;12,31074;-5,351536;-4,75333;10,39871;-3,727928;-2,7662;2,710791;-1,075226;-6,638518;6,959351;-2,453661;-7,378753;10,60332;-3,836558;-6,408326;11,08856;-5,554809;-4,897723;9,624348;-6,497827;94,1937;28,92621;-155,5754;161,6239;-49,82531;115,5761;-174,8296;-49,8253;115,5761;-155,5076;-49,87881;114,9012;-155,5076;-49,87881;114,9012;93,81374;28,9262;-155,5754;69,33674;30,7212;-173,1485;72,99719;30,03239;-172,8412;76,85985;29,06926;-172,5757;76,83031;29,2956;-172,6363;97,09408;28,31177;-148,733;89,73022;27,62457;-145,5164;93,36369;29,5671;-145,3868;97,35607;31,21497;-144,9922;97,33926;30,999;-145,0247;100,4833;27,26118;-141,3994;117,1304;29,50401;-145,4039;-138,9162;31,13228;-144,1465;-43,59459;28,18016;-141,2325;-43,4892;28,36634;-141,01;104,9236;25,11633;-131,1984;113,9503;30,83029;-155,6926;179,3274;32,26392;-154,6934;-118,7401;31,71462;-150,188;-118,825;31,96329;-150,3488;0;0;0;-295,8223;-273,3227;126,1191;-278,4618;-677,7632;523,025;-79,78127;-948,2083;874,862;167,3893;-1082,644;1118,312;-173,2419;-251,8686;162,1279;-0,044167;-666,8425;641,1515;13,79697;-858,1124;831,6716;16,09437;-973,2973;943,6149;13,60957;-1076,009;1041,341;-15,16684;-222,3617;206,794;242,6968;-617,7698;706,1239;485,8853;-841,8345;1033,833;613,5216;-977,4309;1223,131;714,3518;-1100,811;1388,305;130,2212;-191,0323;243,8457;449,1063;-530,0963;717,1948;585,3423;-880,371;1116,554;444,9928;-972,3107;1140,094;394,2019;-768,9084;921,2596;270,3911;-162,9356;281,5947;635,3369;-415,2234;692,7901;675,9171;-714,6366;999,438;610,6017;-864,9989;1113,834;507,0054;-857,3749;1058,632;0;0;0;13,11207;-14,03761;30,24459;11,6601;8,334159;59,12017;25,48635;41,53633;81,49337;32,86886;68,8362;92,69714;10,61368;-7,867812;29,78468;22,607;0,749588;90,00777;31,52802;10,27679;123,476;35,7458;16,50238;142,21;38,64661;22,41897;157,8483;7,475316;-0,120163;29,20246;17,75408;12,51125;88,77753;25,63763;11,12366;136,3792;29,35981;11,68442;162,2257;31,93187;13,28087;183,403;4,777193;6,539583;28,69749;12,40539;21,99268;82,12852;17,89856;22,57919;110,1322;9,00936;37,57095;92,46253;8,977889;32,36389;83,30154;2,081394;13,19289;28,19538;6,222724;30,71022;71,04491;5,862236;41,51058;99,05433;1,573563;52,44255;99,78675;-2,394676;57,15179;85,07537;12,24147;11,65926;3,711763;3,75615;38,77667;2,574162;23,54647;18,80647;15,24643;-16,81901;3,504646;3,731716;-8,947336;-9,370519;3,571441;3,794573;-8,754501;18,25269;103,3227;93,87056;0,239848;19,8022;64,84339;59,48156;-0,104141;0,058093;4,572486;-0,000572;0,033531;-4,108429;-0,003347;0,003147;-1,070881;0,35099;0;-0,003104;-1,657162;2,951774;0;0,000458;0,34682;-0,009727;0,000916;-0,000458;-7,717895;4,357624;274,3835;-0,034332;-62,16888;-286,4204;-0,401688;0,377655;-123,4451;-62,97912;0,197411;-0,186253;-168,7156;182,1052;0;0,082397;-16,1131;0,466919;0,109863;0
29;464;00:00:00:464;0;0;0;1,404651;4,60897;1,514416;1,268214;8,368158;-1,398227;-0,405106;11,01204;-4,021663;-2,494325;12,43796;-5,852905;0,511938;4,199533;0,914619;-2,383042;11,16184;0,474919;-3,859827;15,77347;2,016494;-4,575112;18,29117;2,701409;-5,082388;20,3417;3,129664;-0,646983;3,670407;0,170636;-4,158426;10,30541;-0,650429;-7,357834;14,94171;-0,626929;-9,017361;17,50186;-0,782834;-10,31058;19,63889;-1,058003;-1,730452;3,181171;-0,446478;-5,536748;8,876388;-1,569181;-7,133466;13,16219;-3,546767;-5,173232;12,31074;-5,351536;-4,75333;10,39871;-3,727928;-2,7662;2,710791;-1,075226;-6,638518;6,959351;-2,453661;-7,378753;10,60332;-3,836558;-6,408326;11,08856;-5,554809;-4,897723;9,624348;-6,497827;94,1937;28,92621;-155,5754;161,6239;-49,82531;115,5761;-174,8296;-49,8253;115,5761;-155,5076;-49,87881;114,9012;-155,5076;-49,87881;114,9012;93,81374;28,9262;-155,5754;69,33674;30,7212;-173,1485;72,99719;30,03239;-172,8412;76,85985;29,06926;-172,5757;76,83031;29,2956;-172,6363;97,09408;28,31177;-148,733;89,73022;27,62457;-145,5164;93,36369;29,5671;-145,3868;97,35607;31,21497;-144,9922;97,33926;30,999;-145,0247;100,4833;27,26118;-141,3994;117,1304;29,50401;-145,4039;-138,9162;31,13228;-144,1465;-43,59459;28,18016;-141,2325;-43,4892;28,36634;-141,01;104,9236;25,11633;-131,1984;113,9503;30,83029;-155,6926;179,3274;32,26392;-154,6934;-118,7401;31,71462;-150,188;-118,825;31,96329;-150,3488;0;0;0;-295,4739;-273,5341;126,4378;-277,8654;-677,7606;523,6088;-78,73273;-947,7394;875,6292;168,6971;-1081,725;1119,135;-172,9287;-251,972;162,4256;0,770107;-666,705;641,9781;15,11206;-857,8348;832,5575;17,68255;-972,9511;944,533;15,4198;-1075,613;1042,285;-14,89894;-222,3274;207,0646;243,4385;-617,4222;706,9058;487,0248;-841,2155;1035,06;614,8785;-976,6568;1224,603;715,8879;-1099,902;1389,979;130,4479;-190,8749;244,0914;449,7357;-529,5825;717,8869;586,2127;-879,4997;1117,828;445,7354;-971,3615;1141,193;394,864;-768,1879;922,1096;270,5779;-162,6577;281,8163;635,819;-414,5659;693,3546;676,6331;-713,834;1000,26;611,3352;-864,1434;1114,682;507,6317;-856,5559;1059,365;0;0;0;20,90835;-12,68435;19,12021;35,78567;0,157356;35,03036;62,91246;28,1353;46,02813;78,47285;55,11475;49,35836;18,78977;-6,205558;17,85922;48,85643;8,251189;49,60155;78,90513;16,65687;53,15208;95,29083;20,77102;55,08614;108,6133;23,73504;56,63681;16,07349;2,058506;16,23344;44,50035;20,85399;46,91219;68,36986;37,1418;73,61983;81,41326;46,44584;88,26827;92,16785;54,50821;100,4219;13,6013;9,444236;14,73713;37,76836;30,83038;41,52488;52,22511;52,27661;76,45797;44,56043;56,95152;65,94657;39,72816;43,22433;51,0006;11,20376;16,67189;13,29517;28,93066;39,45636;33,86592;42,95826;48,15387;49,34692;44,00539;51,33247;50,84038;37,57953;49,1352;43,98536;12,24147;11,65926;3,711763;3,75615;38,77667;2,574162;23,54647;18,80647;15,24643;-16,81901;3,504646;3,731716;-8,947336;-9,370519;3,571441;3,794573;-8,754501;18,25269;103,3227;93,87056;0,239848;19,8022;64,84339;59,48156;0;0;0;0;0;0;0;0;0;0;0;0;0;0;0;0;0;0;0;0;6,248473;-3,485584;-274,3492;0,034332;-2,011871;246,5057;0,200844;-0,188828;64,25285;-21,05941;0;0,186253;99,42969;-177,1064;0;-0,027466;-20,80922;0,583649;-0,054932;0,027466
30;480;00:00:00:480;0;0;0;1,390849;4,615485;1,507296;1,243718;8,369517;-1,411471;-0,437052;11,00421;-4,039379;-2,53024;12,42102;-5,873158;0,499421;4,202466;0,908044;-2,416063;11,15549;0,457019;-3,908797;15,76606;1,986347;-4,632748;18,28309;2,664603;-5,147049;20,33299;3,087452;-0,657844;3,668745;0,164766;-4,188776;10,29204;-0,667178;-7,401124;14,91942;-0,652158;-9,06776;17,47466;-0,812721;-10,36689;19,6076;-1,091762;-1,739789;3,175336;-0,451699;-5,56276;8,857503;-1,58383;-7,170799;13,13621;-3,567609;-5,208127;12,28747;-5,371006;-4,783239;10,37887;-3,74466;-2,774068;2,700906;-1,079822;-6,658757;6,935824;-2,465408;-7,409506;10,57544;-3,854087;-6,440307;11,06083;-5,572988;-4,92531;9,599582;-6,513544;94,29089;28,89472;-155,3591;161,6777;-49,73863;115,703;-174,7759;-49,73862;115,703;-155,4554;-49,79173;115,0292;-155,4554;-49,79172;115,0292;93,91092;28,89472;-155,3591;69,50902;30,7179;-172,8673;73,16824;30,02831;-172,5623;77,02925;29,06451;-172,3002;77,00008;29,29099;-172,36;97,18575;28,27037;-148,5203;89,82763;27,5797;-145,3112;93,46281;29,52204;-145,1779;97,4565;31,16932;-144,7801;97,4395;30,95339;-144,8131;100,5674;27,20983;-141,1916;117,2101;29,462;-145,2109;-138,8362;31,08875;-143,9514;-43,51948;28,13322;-141,0432;-43,41422;28,31915;-140,8206;104,9948;25,05255;-130,9989;114,0485;30,79917;-155,4744;179,4265;32,23132;-154,4726;-118,645;31,67555;-149,9701;-118,7294;31,92446;-150,1303;0;0;0;-295,4739;-273,5341;126,4378;-277,8604;-677,7704;523,6006;-78,72472;-947,7556;875,6159;168,7065;-1081,744;1119,119;-172,9287;-251,972;162,4256;0,770107;-666,705;641,9781;15,33387;-858,0325;832,6753;18,02659;-973,2557;944,7081;15,86433;-1076,004;1042,501;-14,89894;-222,3274;207,0646;243,4385;-617,4222;706,9058;487,0009;-841,2822;1035,075;614,8409;-976,7598;1224,623;715,8389;-1100,035;1390,002;130,4479;-190,8749;244,0914;449,7357;-529,5825;717,8869;586,1216;-879,4971;1117,843;445,6687;-971,3594;1141,201;394,8376;-768,187;922,1088;270,5779;-162,6577;281,8163;635,819;-414,5659;693,3546;676,6268;-713,8339;1000,26;611,3284;-864,1431;1114,681;507,6279;-856,5557;1059,364;0;0;0;0;0;0;0,296116;-0,595093;-0,489235;0,481009;-0,967026;-0,795364;0,563622;-1,127243;-0,932693;0;0;0;0;0;0;13,30912;-11,8618;7,066727;20,64228;-18,27621;10,50568;26,67189;-23,45466;12,94899;0;0;0;0;0;0;-1,436233;-3,99971;0,886917;-2,251625;-6,179809;1,23024;-2,943992;-7,987975;1,401901;0;0;0;0;0;0;-5,461692;0,160217;0,846863;-4,002571;0,120163;0,50354;-1,585007;0,060081;-0,045776;0;0;0;0;0;0;-0,377655;0,011444;0;-0,406265;0,017166;-0,005722;-0,231743;0,011444;-0,022888;12,2368;11,65855;3,711727;3,755928;38,77925;2,57279;23,54645;18,80647;15,1963;-16,77576;3,504702;3,731716;-8,942768;-9,358829;3,571441;3,794573;-8,736263;18,25136;103,3227;93,87055;0,241474;19,80216;64,84341;59,48156;0,154724;-0,082283;-0,00103;0;-3,007908;2,595176;0,003347;0;0,274086;0,701408;0;0;1,094284;-0,07988;0,000458;-0,000458;0,097567;-0,002403;0,000916;0;9,283446;-4,936981;-0,061798;0;-180,4744;155,7106;0,200844;0;16,44516;42,0845;0;0;65,65704;-4,792785;0,027466;-0,027466;5,854028;-0,144196;0,054932;0
31;496;00:00:00:496;0;0;0;1,386775;4,617552;1,50472;1,238159;8,370119;-1,415852;-0,443321;11,00219;-4,04593;-2,540828;12,41232;-5,879927;0,495955;4,203469;0,905295;-2,42423;11,15409;0,447752;-3,917144;15,76642;1,971576;-4,641105;18,28425;2,646875;-5,155345;20,33465;3,067359;-0,660538;3,668393;0,16179;-4,195735;10,28858;-0,67676;-7,411634;14,91351;-0,666133;-9,080153;17,46736;-0,829069;-10,38078;19,59913;-1,110052;-1,741807;3,173773;-0,45489;-5,568217;8,852407;-1,593106;-7,178265;13,12854;-3,580806;-5,214036;12,2799;-5,382559;-4,788643;10,37278;-3,754618;-2,775417;2,698158;-1,083218;-6,662384;6,929321;-2,473883;-7,414565;10,56759;-3,86529;-6,44477;11,05246;-5,584003;-4,92843;9,591494;-6,522843;94,3479;28,905;-155,2908;161,6496;-49,70074;115,7725;-174,8039;-49,70071;115,7725;-155,3728;-49,75407;115,0993;-155,3728;-49,75406;115,0993;93,96793;28,905;-155,2908;69,58074;30,74207;-172,8389;73,23959;30,05214;-172,5349;77,10006;29,08805;-172,274;77,07101;29,31461;-172,3335;97,24342;28,27465;-148,4522;89,87803;27,58115;-145,244;93,51415;29,52337;-145,1087;97,50874;31,17034;-144,7092;97,49162;30,95444;-144,7424;100,6246;27,20759;-141,1247;117,2687;29,46329;-145,1412;-138,7766;31,08893;-143,8797;-43,46167;28,13079;-140,9751;-43,35628;28,31651;-140,7522;105,0497;25,04133;-130,935;114,1018;30,81058;-155,4133;179,4808;32,24192;-154,4099;-118,5902;31,6825;-149,9076;-118,6745;31,93154;-150,0676;0;0;0;-294,6458;-273,925;126,865;-276,4177;-677,7976;524,4401;-76,85196;-947,1973;876,7519;171,0518;-1080,388;1120,284;-172,1777;-252,148;162,8201;2,751365;-666,3238;643,0521;18,08879;-857,7858;834,4957;21,20387;-973,0757;946,9272;19,38571;-1075,873;1045,038;-14,24731;-222,2276;207,4168;245,2595;-616,6201;707,9107;489,5965;-839,9038;1036,583;617,8624;-975,0644;1226,408;719,2142;-1098,076;1392,018;131,0081;-190,5248;244,4046;451,2965;-528,4495;718,7658;588,3627;-877,9381;1119,093;447,7633;-969,9633;1142,369;396,6325;-766,9965;923,1128;271,0499;-162,0646;282,092;637,0334;-413,1543;694,0594;678,4395;-712,16;1001,312;613,2123;-862,4783;1115,772;509,2635;-855,0691;1060,305;0;0;0;49,68595;-23,45323;25,63262;86,5631;-1,627922;50,36831;112,3656;33,49113;68,161;140,7187;81,3446;69,87189;45,06326;-10,5586;23,66924;118,8755;22,87388;64,43881;165,2952;14,80293;109,2281;190,6367;10,80322;133,152;211,283;7,896422;152,2407;39,09784;5,98526;21,13437;109,2596;48,12812;60,29605;155,7369;82,70072;90,44265;181,2887;101,7265;107,0766;202,5204;117,5423;120,9869;33,61344;21,00563;18,79692;93,64413;67,98362;52,73438;134,4652;93,53828;75,02174;125,6733;83,77074;70,08361;107,6903;71,42829;60,23597;28,32413;35,58683;16,54529;72,8588;84,69199;42,28878;108,7646;100,4305;63,09699;113,0333;99,88975;65,4087;98,1388;89,20097;56,4537;12,23327;11,65619;3,705314;3,75114;38,76507;2,580302;23,54646;18,91784;15,22968;-16,73844;3,504646;3,731716;-8,942679;-9,365924;3,571441;3,794573;-8,736465;18,25138;103,3227;93,87055;0,249446;19,80192;64,8434;59,48154;-0,850754;0,450668;0,000572;6,682205;2,002945;2,23938;-0,003347;0;0,005322;-0,42572;0;0;-0,012131;0,001373;-0,000458;0;0,478296;-0,013962;-0,000458;-0,000687;-60,32867;31,97708;0,09613;400,9323;300,6512;-21,34779;-0,401688;0;-16,12587;-67,62771;0;0;-66,38489;4,875183;-0,054932;0,027466;22,84373;-0,693512;-0,082397;-0,041199
32;512;00:00:00:512;0;0;0;1,382579;4,62183;1,495413;1,238248;8,367324;-1,434439;-0,443791;10,98974;-4,073785;-2,541095;12,39185;-5,91415;0,49303;4,205942;0,895354;-2,428233;11,15452;0,414204;-3,932734;15,76639;1,927961;-4,662739;18,2839;2,597933;-5,181664;20,33397;3,014211;-0,661882;3,668609;0,151019;-4,197331;10,28559;-0,711458;-7,421855;14,90451;-0,7099;-9,094988;17,45503;-0,877753;-10,39934;19,58399;-1,162754;-1,741826;3,172084;-0,466451;-5,567645;8,846652;-1,626714;-7,175051;13,11717;-3,628552;-5,207134;12,26443;-5,424334;-4,784342;10,36164;-3,790651;-2,774093;2,694546;-1,095527;-6,659575;6,920976;-2,504606;-7,409458;10,55572;-3,906442;-6,436448;11,03642;-5,624509;-4,91819;9,573285;-6,556849;94,5545;28,9427;-155,1746;161,5865;-49,52826;115,8424;-174,7908;-49,52825;115,8424;-155,3628;-49,58149;115,1716;-155,3628;-49,58149;115,1716;94,17453;28,94271;-155,1746;69,70145;30,83339;-172,6673;73,36002;30,14291;-172,3647;77,21981;29,17835;-172,1059;77,19093;29,40501;-172,1649;97,4524;28,29054;-148,3369;89,98211;27,57819;-145,089;93,62016;29,52018;-144,9496;97,61652;31,16652;-144,5465;97,59916;30,95068;-144,5802;100,8321;27,1999;-141,0135;117,4806;29,46863;-145,021;-138,5611;31,09018;-143,7525;-43,25264;28,12272;-140,8606;-43,14694;28,30774;-140,637;105,2486;25,00113;-130,8345;114,3048;30,85028;-155,3037;179,6877;32,27856;-154,2938;-118,3818;31,70529;-149,7924;-118,4656;31,95481;-149,9514;0;0;0;-294,4013;-274,049;127,0195;-276,1042;-677,7933;524,7363;-76,23417;-946,8399;877,1573;172,0892;-1079,458;1120,617;-171,9697;-252,2081;162,985;3,241405;-666,2401;643,6082;18,88959;-857,3198;835,3132;22,16352;-972,3931;947,902;20,4659;-1075,007;1046,152;-14,08568;-222,2065;207,5954;245,6771;-616,4124;708,4856;490,4237;-838,827;1037,27;618,9145;-973,5102;1227,18;720,4526;-1096,126;1392,881;131,1292;-190,4311;244,5961;451,6239;-528,1437;719,3224;588,8085;-877,4777;1119,885;448,1162;-969,5092;1143,063;396,9561;-766,631;923,7101;271,1309;-161,8997;282,2958;637,251;-412,7641;694,5679;678,693;-711,6878;1001,984;613,4263;-861,9739;1116,432;509,4205;-854,5827;1060,86;0;0;0;14,66846;-7,44152;9,274005;18,80693;0,257492;17,77267;37,06741;21,44623;24,32442;62,24298;55,80711;19,9871;12,47549;-3,61061;9,897708;29,40238;5,026817;33,36525;48,04775;27,95792;49,04937;57,57898;40,95268;58,48502;64,81155;51,91612;66,8621;9,698241;1,266003;10,7131;25,05541;12,46548;34,49535;49,63016;64,60761;41,26167;63,12274;93,25217;46,34285;74,30076;117,0387;51,75018;7,263421;5,624771;11,48844;19,64664;18,34488;33,39386;26,74484;27,62032;47,52159;21,17443;27,24266;41,60499;19,41633;21,92974;35,84289;4,858016;9,890555;12,22515;13,05771;23,41461;30,51281;15,2092;28,33271;40,31753;12,83741;30,25817;39,60228;9,418487;29,18243;33,28514;12,23788;11,66425;3,69637;3,74272;38,75457;2,58589;23,62265;18,91784;15,17869;-16,83277;3,504758;3,731664;-8,981067;-9,492311;3,571441;3,794573;-8,736037;18,25134;103,3227;93,87056;0,262443;19,80156;64,84339;59,48156;-0,630341;0,335283;4,571228;0;-3,059578;-5,659904;0,006695;-0,003147;-2,303238;-7,583255;0;0;0,025692;-0,00206;0;0,000458;0,779795;-0,021744;-0,000458;0,000687;13,22479;-6,923103;274,2393;-400,9323;-303,7513;-473,957;0,602531;-0,188828;-138,5135;-429,4521;0;0;2,269363;-0,205994;0,027466;0,027466;18,08994;-0,466919;0;0,082397
33;528;00:00:00:528;0;0;0;1,379157;4,625029;1,488667;1,240845;8,364764;-1,448823;-0,435682;10,98181;-4,096991;-2,533266;12,37598;-5,943063;0,490928;4,20784;0,887555;-2,429538;11,15526;0,385413;-3,932747;15,7727;1,883434;-4,661699;18,29272;2,545017;-5,179477;20,34443;2,954638;-0,662344;3,668892;0,141847;-4,196154;10,28389;-0,742257;-7,415321;14,90652;-0,760818;-9,085047;17,45852;-0,939491;-10,38617;19,58827;-1,233281;-1,740925;3,171022;-0,47692;-5,564423;8,842974;-1,657452;-7,166699;13,10985;-3,671128;-5,195096;12,25321;-5,460997;-4,776182;10,35356;-3,822675;-2,771805;2,692116;-1,107229;-6,654373;6,915406;-2,533652;-7,400069;10,54774;-3,943936;-6,423243;11,02488;-5,660827;-4,903481;9,559503;-6,587164;94,73959;29,00485;-155,0827;161,4875;-49,37236;115,9243;-174,8898;-49,37235;115,9243;-155,3534;-49,42635;115,2557;-155,3534;-49,42635;115,2557;94,35962;29,00485;-155,0827;69,89812;30,94087;-172,6242;73,55593;30,2495;-172,324;77,4144;29,28417;-172,0687;77,38581;29,51101;-172,127;97,64342;28,33297;-148,2441;90,21306;27,62135;-145,0481;93,85554;29,56284;-144,8997;97,85625;31,2077;-144,4885;97,8383;30,99199;-144,5233;101,0257;27,22054;-140,9227;117,6677;29,50477;-144,9399;-138,37;31,12272;-143,6647;-43,06546;28,14698;-140,7833;-42,95934;28,33134;-140,559;105,4397;24,99102;-130,7515;114,4787;30,91602;-155,2332;179,8656;32,34166;-154,2175;-118,1997;31,75639;-149,7155;-118,2832;32,00636;-149,8736;0;0;0;-294,1496;-274,3058;127,578;-276,1254;-677,5939;525,8777;-76,23159;-946,0413;878,871;172,3164;-1077,934;1122,583;-171,7942;-252,3565;163,5815;3,481552;-666,2655;645,6211;19,62496;-857,615;837,9674;23,15573;-972,8297;950,8859;21,656;-1075,554;1049,388;-14,00501;-222,2195;208,2416;245,7728;-616,2327;710,5675;490,7875;-838,6505;1039,996;619,4162;-973,3317;1230,243;721,0609;-1095,943;1396,209;131,1303;-190,3297;245,2898;451,5896;-527,7983;721,3389;588,5379;-876,7938;1122,761;447,6452;-968,5795;1145,576;396,6755;-765,9621;925,8715;271,0514;-161,683;283,0344;637,0825;-412,2634;696,4113;678,2886;-710,9719;1004,453;612,8214;-861,008;1118,86;508,747;-853,4878;1062,894;0;0;0;15,10334;-15,40232;33,50615;-1,267433;11,96766;68,48144;0,154495;47,91641;102,8252;13,63349;91,47834;117,9657;10,53357;-8,902072;35,7871;14,40882;-1,527786;120,7723;44,12233;-17,70973;159,2502;59,53296;-26,1898;179,0314;71,40576;-32,81021;194,1318;4,839688;-0,779629;38,77401;5,744934;10,77747;124,9151;21,8296;10,59151;163,5361;30,10368;10,70595;183,7635;36,50093;10,98061;199,6765;0,067234;6,080389;41,62073;-2,059936;20,71953;120,9898;-16,2363;41,03851;172,5998;-28,26118;55,78423;150,8217;-16,83569;40,13157;129,6787;-4,769325;13,00192;44,31438;-10,11372;30,04074;110,6014;-24,26147;42,95253;148,1151;-36,28921;57,9586;145,7119;-40,40908;65,6948;122,0512;12,23388;11,65621;3,690107;3,737021;38,74631;2,59019;23,62266;19,02921;15,21332;-16,77563;3,504702;3,731664;-8,935294;-9,428087;3,571441;3,794573;-8,720465;18,25021;103,3227;93,87057;0,286674;19,80088;64,84341;59,48155;-0,495529;0,25805;0,000458;6,682205;2,077732;3,428306;-0,003347;0;2,746353;3,853454;0;0;0,934353;-0,067978;0;0,000458;1,453863;-0,041084;0,000916;-0,000458;8,088682;-4,633997;-274,2462;400,9323;308,2386;545,2926;-0,602531;0,188828;302,9754;686,2025;0;0;54,51965;-3,955078;0;0;40,44406;-1,160431;0,082397;-0,068665
34;544;00:00:00:544;0;0;0;1,37641;4,626215;1,487526;1,23983;8,364142;-1,452347;-0,434944;10,97917;-4,103625;-2,531195;12,37169;-5,952452;0,488863;4,208449;0,885809;-2,433189;11,15475;0,377326;-3,939507;15,77224;1,872054;-4,670012;18,29226;2,531923;-5,188939;20,34394;2,940218;-0,663559;3,66877;0,139314;-4,198502;10,28226;-0,751527;-7,418044;14,9046;-0,775808;-9,087811;17,45637;-0,957534;-10,38883;19,58584;-1,253779;-1,741419;3,170257;-0,480193;-5,565496;8,84046;-1,667237;-7,166518;13,10627;-3,684181;-5,193168;12,24914;-5,471893;-4,775489;10,35024;-3,832383;-2,771573;2,690717;-1,111208;-6,654064;6,912112;-2,543439;-7,398626;10,54391;-3,955719;-6,420274;11,02046;-5,671906;-4,899627;9,554794;-6,596344;94,79629;29,0404;-155,0383;161,4385;-49,31835;115,9761;-174,9389;-49,31834;115,9761;-155,4034;-49,37272;115,3083;-155,4034;-49,37271;115,3083;94,41631;29,0404;-155,0383;69,93349;30,98971;-172,5844;73,59135;30,29819;-172,2845;77,44972;29,33272;-172,0298;77,42117;29,55959;-172,0879;97,70415;28,36236;-148,1983;90,27881;27,64984;-145,0127;93,92258;29,59117;-144,8617;97,92467;31,23562;-144,4482;97,90655;31,01994;-144,4832;101,0896;27,24288;-140,8766;117,725;29,53351;-144,9039;-138,311;31,15032;-143,6264;-43,00669;28,17202;-140,7478;-42,90033;28,35617;-140,5232;105,5057;25,00297;-130,7067;114,526;30,954;-155,2067;179,9145;32,37891;-154,1892;-118,1479;31,7903;-149,6861;-118,2314;32,04037;-149,844;0;0;0;-293,9442;-274,4977;127,9827;-276,2728;-677,4573;526,7267;-76,70438;-945,5933;880,2406;171,8628;-1077,014;1124,291;-171,6681;-252,4704;164,0494;3,559828;-666,3104;647,3485;19,6339;-857,9539;840,6294;23,10551;-973,2985;954,047;21,53986;-1076,104;1052,947;-13,97732;-222,2365;208,7919;245,7022;-616,131;712,4154;490,3435;-838,8202;1043,067;618,739;-973,6182;1233,971;720,1658;-1096,298;1400,469;131,0762;-190,266;245,9179;451,3963;-527,5776;723,1832;587,9828;-876,3531;1125,324;446,8834;-967,9052;1147,781;396,1702;-765,4766;927,7925;270,9142;-161,5372;283,7365;636,7703;-411,9292;698,154;677,656;-710,491;1006,702;611,9546;-860,3135;1121,038;507,8227;-852,6592;1064,708;0;0;0;12,32099;-11,51562;24,28293;-8,843421;8,193969;50,94051;-28,36704;26,88217;82,17429;-27,2162;55,18913;102,4876;7,563828;-6,832123;28,07593;4,696548;-2,695083;103,6434;0,536442;-20,33043;159,7195;-3,013462;-28,1353;189,6686;-6,968379;-32,97615;213,5181;1,661628;-1,018524;33,01906;-4,238605;6,105422;110,8732;-26,63898;-10,17952;184,2842;-40,63224;-17,18902;223,6805;-53,70426;-21,33751;255,5923;-3,24297;3,824472;37,68682;-11,59859;13,24368;110,6586;-33,3023;26,44157;153,7742;-45,7077;40,45486;132,2822;-30,31683;29,13379;115,2592;-8,234023;8,747577;42,12713;-18,72539;20,05005;104,5647;-37,95719;28,85341;134,9544;-52,01054;41,66793;130,6686;-55,45807;49,71313;108,8619;12,2352;11,65607;3,690231;3,736166;38,75074;2,587836;23,62266;19,02921;15,21253;-16,78347;3,504702;3,731664;-8,925901;-9,419223;3,571441;3,794625;-8,709668;18,24944;103,3227;93,87057;0,304546;19,80038;64,84339;59,48155;0,265961;-0,141263;0;0;-0,047607;-0,470581;0;0;0,563564;0,531864;0;0,003104;0,647793;-0,046463;0;0;1,072317;-0,02964;-0,000916;0;45,68939;-23,95878;-0,027466;-400,9323;-127,5204;-233,9332;0,200844;0;-130,9673;-199,2954;0;0,186253;-17,1936;1,290894;0;-0,027466;-22,89275;0,686645;-0,109863;0,027466
35;560;00:00:00:560;0;0;0;1,368501;4,628387;1,488065;1,229275;8,366169;-1,451866;-0,446752;10,97874;-4,104765;-2,54323;12,36816;-5,955663;0,482122;4,209278;0,88556;-2,449141;11,1514;0,373057;-3,964244;15,76777;1,862331;-4,699378;18,2872;2,519323;-5,221935;20,33841;2,925354;-0,66882;3,667862;0,138043;-4,212138;10,27625;-0,757354;-7,438092;14,89407;-0,789203;-9,111183;17,44337;-0,97497;-10,41479;19,5708;-1,274467;-1,745382;3,167738;-0,482422;-5,576228;8,832388;-1,674139;-7,180996;13,09579;-3,693186;-5,204786;12,24106;-5,478883;-4,786153;10,34293;-3,838722;-2,774253;2,686651;-1,114352;-6,661249;6,902371;-2,551065;-7,409771;10,53276;-3,964854;-6,430443;11,01038;-5,680187;-4,906742;9,54676;-6,602824;94,83327;29,08655;-154,9402;161,3586;-49,29426;116,1223;-175,0188;-49,29422;116,1223;-155,4838;-49,34924;115,455;-155,4838;-49,34922;115,455;94,45329;29,08654;-154,9402;69,998;31,04381;-172,4617;73,65574;30,352;-172,1627;77,51376;29,38628;-171,9091;77,48528;29,61321;-171,9669;97,74689;28,40433;-148,0979;90,36582;27,68565;-144,8923;94,01134;29,62679;-144,7379;98,01524;31,27067;-144,3212;97,99689;31,05503;-144,3567;101,1376;27,27971;-140,7746;117,7685;29,57424;-144,806;-138,2657;31,1902;-143,5266;-42,9605;28,20989;-140,6496;-42,85389;28,39389;-140,4247;105,5592;25,03171;-130,604;114,5665;30,9996;-155,1017;179,9565;32,42389;-154,0825;-118,1021;31,83235;-149,5777;-118,1856;32,08253;-149,7354;0;0;0;-293,7794;-274,5688;128,0512;-276,2321;-677,3793;526,9716;-76,78152;-945,3684;880,6931;171,7002;-1076,679;1124,918;-171,5442;-252,5069;164,1542;3,778942;-666,2793;647,8338;20,1585;-858,074;841,3878;23,78929;-973,4987;954,9444;22,34707;-1076,367;1053,949;-13,90442;-222,2292;208,9439;245,843;-616,0332;712,9716;490,6129;-838,8967;1043,982;619,068;-973,7853;1235,07;720,5348;-1096,535;1401,711;131,1059;-190,2201;246,1143;451,4607;-527,4268;723,7703;587,9503;-876,1375;1126,111;446,7519;-967,6602;1148,437;396,1224;-765,2769;928,3748;270,9002;-161,4533;283,9752;636,7518;-411,7316;698,7413;677,5888;-710,2615;1007,409;611,7973;-860,0486;1121,703;507,6031;-852,3773;1065,261;0;0;0;9,889125;-4,270076;4,109144;2,441883;4,677772;14,69421;-4,628419;13,49258;27,14539;-9,758233;20,10727;37,61673;7,436513;-2,194404;6,287098;13,14682;1,865387;29,11663;31,47572;-7,209777;45,50743;41,02707;-12,00485;53,84445;48,43264;-15,77568;60,11581;4,374057;0,439167;9,12094;8,451461;5,865097;33,37383;16,16478;-4,594802;54,87442;19,74106;-10,02502;65,96374;22,13859;-14,22501;74,53536;1,778126;2,752304;11,78312;3,865242;9,049415;35,22205;-1,951217;12,93755;47,18971;-7,8907;14,70566;39,34478;-2,869606;11,98196;34,93881;-0,836849;5,037546;14,32228;-1,110077;11,85894;35,23349;-4,034042;13,7701;42,42897;-9,438514;15,89584;39,90554;-13,17501;16,91437;33,12492;12,23;11,65131;3,689674;3,73702;38,74017;2,59336;23,62264;19,0292;15,18473;-16,75183;3,504702;3,731611;-8,943515;-9,386405;3,571441;3,794625;-8,705315;18,24913;103,3227;93,87055;0,299362;19,80052;64,84338;59,48156;-0,63446;0,331435;-0,00103;-0,000572;-1,667862;1,898575;0;-0,003147;-1,056805;1,96907;0;0;0,261211;-0,018311;0;-0,000916;-0,311047;0,008469;-0,000458;0,000458;-54,02526;28,36189;-0,061798;-0,034332;-97,21526;142,1493;0;-0,188828;-97,22213;86,23236;0;-0,186253;-23,19488;1,689148;0;-0,054932;-83,00181;2,286529;0,027466;0,027466
36;576;00:00:00:576;0;0;0;1,361051;4,630006;1,489859;1,218209;8,368485;-1,449011;-0,459966;10,97942;-4,102166;-2,557308;12,36634;-5,95396;0,475634;4,209771;0,886724;-2,465114;11,14785;0,373853;-3,985022;15,76234;1,86407;-4,722689;18,28088;2,52163;-5,247233;20,33148;2,928169;-0,674084;3,666886;0,138388;-4,22618;10,27045;-0,757821;-7,456695;14,8851;-0,787547;-9,132234;17,43287;-0,972097;-10,43782;19,55924;-1,270539;-1,749557;3,16537;-0,482841;-5,587667;8,824851;-1,675743;-7,196975;13,08658;-3,694728;-5,218526;12,23495;-5,479434;-4,79832;10,33699;-3,839479;-2,777359;2,682962;-1,115502;-6,669423;6,893487;-2,553733;-7,422343;10,52304;-3,967328;-6,442651;11,0024;-5,681968;-4,916255;9,541162;-6,603927;94,83808;29,12342;-154,857;161,2969;-49,2941;116,253;-175,0805;-49,29408;116,253;-155,5456;-49,34954;115,5857;-155,5456;-49,34955;115,5857;94,4581;29,12342;-154,857;69,97687;31,07983;-172,4238;73,63496;30,38811;-172,1243;77,49338;29,42247;-171,8702;77,46481;29,64937;-171,9281;97,75663;28,44045;-148,0124;90,34157;27,7297;-144,8468;93,98679;29,67087;-144,6933;97,99062;31,31493;-144,2772;97,97231;31,09926;-144,3126;101,1523;27,31444;-140,6869;117,7785;29,61073;-144,7235;-138,2546;31,22649;-143,4433;-42,94764;28,24566;-140,5659;-42,84085;28,42962;-140,341;105,5802;25,06359;-130,5142;114,5729;31,03613;-155,0152;179,9638;32,46032;-153,9953;-118,0915;31,86817;-149,4889;-118,1751;32,11838;-149,6466;0;0;0;-293,3048;-274,6992;128,0188;-275,6093;-677,4796;526,9603;-76,0903;-945,3081;880,7902;172,4021;-1076,427;1125,144;-171,1397;-252,5567;164,1691;4,736021;-666,0783;648,0899;21,4785;-857,8373;841,9376;25,29828;-973,243;955,6474;24,0023;-1076,096;1054,771;-13,58873;-222,1747;209,0202;246,6612;-615,6727;713,3212;491,6011;-838,1663;1044,803;620,1384;-972,8525;1236,146;721,6637;-1095,436;1402,996;131,3436;-190,0689;246,248;452,1046;-526,9425;724,1844;588,7991;-875,5082;1126,654;447,4344;-967,175;1148,858;396,7564;-764,8384;928,7551;271,061;-161,2093;284,1638;637,1829;-411,1471;699,1988;678,2684;-709,5934;1007,957;612,4192;-859,4445;1122,2;508,0366;-851,8953;1065,65;0;0;0;28,4729;-7,819175;-1,941919;37,36353;-6,01387;-0,680923;41,47303;3,616333;5,830764;42,1164;15,11764;13,56697;24,26648;-2,984047;0,893354;57,42475;12,06207;15,36655;79,20026;14,20212;32,98187;90,53939;15,33508;42,1772;99,31415;16,22772;49,31831;18,9414;3,270149;4,574775;49,09086;21,63219;20,97702;59,29183;43,83087;49,24965;64,2271;55,96733;64,56756;67,73471;65,9809;77,10456;14,26578;9,070872;8,025168;38,63239;29,05941;24,85084;50,92335;37,75406;32,59849;40,94982;29,10804;25,27428;38,04159;26,30424;22,81952;9,647368;14,63842;11,31821;25,86365;35,06755;27,45438;40,77816;40,08865;32,88459;37,31346;36,24343;29,82902;26,00956;28,91922;23,37456;12,22994;11,65224;3,689368;3,737478;38,7346;2,59629;23,62264;19,02921;15,21788;-16,74796;3,504702;3,731664;-8,906335;-9,40264;3,571496;3,794625;-8,70132;18,24884;103,3227;93,87058;0,296735;19,80059;64,84339;59,48155;-0,33371;0,175781;0;0,000572;1,988754;0,23243;0;0,003147;2,230797;-0,974121;0,00329;0;0,239697;-0,017624;-0,000458;0,001831;-0,157564;0,004234;0,000458;-0,000458;18,04504;-9,339236;0,061798;0,068665;219,3969;-99,9687;0;0,377655;197,2561;-176,5915;0,197411;0;-1,290894;0,041199;-0,027466;0,164795;9,208988;-0,254059;0,054932;-0,054932
37;592;00:00:00:592;0;0;0;1,357325;4,630535;1,491616;1,212291;8,370129;-1,445729;-0,467264;10,98086;-4,098214;-2,565228;12,36691;-5,949956;0,472356;4,209841;0,888143;-2,473332;11,14593;0,376739;-3,997629;15,75917;1,866372;-4,737646;18,2771;2,52364;-5,264068;20,32726;2,929962;-0,67679;3,666349;0,139369;-4,233492;10,2676;-0,755618;-7,468565;14,87906;-0,783977;-9,146597;17,42525;-0,967757;-10,45425;19,55044;-1,265545;-1,751752;3,164243;-0,482266;-5,593709;8,821294;-1,674306;-7,20529;13,08273;-3,692089;-5,225899;12,23302;-5,476663;-4,804847;10,33473;-3,837311;-2,779055;2,681282;-1,115317;-6,673853;6,889412;-2,553149;-7,429443;10,5187;-3,966026;-6,449731;10,99929;-5,680306;-4,921894;9,539551;-6,602254;94,82615;29,14309;-154,821;161,2608;-49,30917;116,3253;-175,1165;-49,30917;116,3253;-155,5814;-49,36491;115,6579;-155,5814;-49,36491;115,6579;94,44617;29,14309;-154,821;69,98161;31,09565;-172,3721;73,63976;30,4039;-172,0726;77,4982;29,43825;-171,8186;77,46964;29,66517;-171,8765;97,74753;28,46121;-147,9749;90,32591;27,74858;-144,7975;93,97089;29,68979;-144,6445;97,97463;31,33393;-144,2289;97,95631;31,11828;-144,2642;101,1463;27,33607;-140,6478;117,7673;29,63332;-144,6924;-138,2654;31,24928;-143,4123;-42,9568;28,26889;-140,5336;-42,84993;28,45288;-140,3087;105,5787;25,0858;-130,4731;114,5648;31,05486;-154,9717;179,9559;32,47917;-153,9519;-118,0975;31,88748;-149,4444;-118,1812;32,13767;-149,6022;0;0;0;-292,8578;-274,7963;127,9112;-274,9567;-677,5958;526,8078;-75,31583;-945,312;880,6646;173,2254;-1076,274;1125,077;-170,7505;-252,5863;164,0993;5,694396;-665,8655;648,0422;22,79882;-857,5816;841,8735;26,81111;-972,9718;955,5688;25,66778;-1075,819;1054,676;-13,27293;-222,1161;208,9995;247,5037;-615,3246;713,3493;492,7727;-837,551;1044,682;621,4877;-972,1042;1235,943;723,158;-1094,589;1402,725;131,5941;-189,9268;246,2732;452,7909;-526,4904;724,2806;589,7273;-874,9543;1126,751;448,2365;-966,8079;1148,894;397,4776;-764,4816;928,8001;271,2474;-160,988;284,2328;637,6733;-410,6141;699,3589;679,05;-709,0111;1008,106;613,1811;-858,9666;1122,307;508,6239;-851,5602;1065,718;0;0;0;26,82209;-5,829334;-6,458759;39,15882;-6,975174;-9,14955;46,46802;-0,228882;-7,535933;49,39341;9,155272;-4,005432;23,35667;-1,775265;-4,189252;57,50253;12,76302;-2,863884;79,21904;15,3408;-3,839492;90,76988;16,2735;-4,714965;99,92838;16,63971;-5,704879;18,94775;3,514767;-1,240253;50,54855;20,8826;1,682281;70,29533;36,91291;-7,238387;80,9555;44,90089;-12,17079;89,65873;50,82321;-16,27922;15,0311;8,524417;1,509189;41,1787;27,12822;5,770683;55,69553;33,23364;5,830764;48,12526;22,02415;2,151489;43,27154;21,40903;2,700805;11,18374;13,28087;4,1399;29,42562;31,98337;9,604453;46,89788;34,93881;8,914947;45,71628;28,67317;6,437302;35,23635;20,10727;4,068374;12,22718;11,65262;3,689024;3,738089;38,72869;2,599468;23,62266;19,0292;15,20115;-16,7327;3,504702;3,731664;-8,916475;-9,416196;3,571387;3,794625;-8,695223;18,2484;103,3227;93,87057;0,290066;19,80079;64,84339;59,48156;-0,354996;0,190673;0,00103;-0,000572;-1,003647;0,915642;0;0;-0,608425;-0,813332;-0,00658;0;0,36581;-0,026207;0,000458;-0,000458;-0,400144;0,011444;0;0,000458;-1,277161;0,893497;0,061798;-0,068665;-179,5441;40,99273;0;-0,188828;-170,3533;9,647368;-0,592232;0;7,566832;-0,514984;0,054932;-0,137329;-14,55484;0,432587;-0,027466;0,054932
38;608;00:00:00:608;0;0;0;1,356757;4,630338;1,492743;1,210607;8,370829;-1,443405;-0,469815;10,98208;-4,094826;-2,568303;12,36833;-5,945828;0,47177;4,209667;0,889282;-2,475178;11,1454;0,380312;-4,000205;15,75826;1,870346;-4,740638;18,27601;2,527821;-5,267415;20,32606;2,934304;-0,677396;3,666194;0,140524;-4,235359;10,2671;-0,752036;-7,469301;14,87935;-0,780296;-9,146698;17,42596;-0,964017;-10,45381;19,55149;-1,26175;-1,752365;3,164083;-0,481095;-5,595467;8,82082;-1,670936;-7,207314;13,0831;-3,686722;-5,228241;12,23408;-5,471974;-4,806944;10,33512;-3,833462;-2,77968;2,681128;-1,11413;-6,67541;6,889007;-2,550171;-7,431861;10,51855;-3,961912;-6,452489;10,99981;-5,676202;-4,924528;9,5406;-6,598789;94,80491;29,14235;-154,8215;161,26;-49,32902;116,3365;-175,1174;-49,32901;116,3365;-155,5819;-49,38475;115,6688;-155,5819;-49,38474;115,6688;94,42494;29,14235;-154,8215;69,97733;31,08946;-172,3631;73,63548;30,39773;-172,0635;77,49393;29,4321;-171,8094;77,46537;29,65901;-171,8674;97,72649;28,46269;-147,9751;90,32483;27,75407;-144,812;93,9698;29,6953;-144,659;97,97356;31,33944;-144,2435;97,95526;31,12379;-144,2788;101,1259;27,33988;-140,6474;117,7391;29,63876;-144,7074;-138,2939;31,25528;-143,4281;-42,98415;28,27609;-140,5476;-42,87729;28,46018;-140,3227;105,5596;25,09276;-130,4714;114,5434;31,05399;-154,9725;179,9343;32,47861;-153,9533;-118,119;31,88837;-149,4455;-118,2028;32,13852;-149,6035;0;0;0;-292,6343;-274,828;127,8058;-274,6044;-677,6887;526,6155;-74,88251;-945,3887;880,4351;173,6952;-1076,297;1124,846;-170,5538;-252,5905;164,0142;6,187476;-665,7504;647,869;23,58965;-857,4488;841,7618;27,76214;-972,8337;955,4869;26,74748;-1075,68;1054,615;-13,11053;-222,084;208,9406;247,9425;-615,1536;713,217;493,414;-837,3435;1044,504;622,2388;-971,886;1235,735;723,9991;-1094,37;1402,484;131,7258;-189,8593;246,2387;453,1535;-526,2769;724,1945;590,1625;-874,7217;1126,603;448,6321;-966,6908;1148,733;397,8507;-764,3452;928,6694;271,3491;-160,8872;284,2217;637,9391;-410,3696;699,3239;679,4783;-708,7504;1008,028;613,6082;-858,7802;1122,208;508,9635;-851,4635;1065,618;0;0;0;13,41105;-1,90258;-6,32143;21,13724;-5,573272;-11,53564;25,99919;-4,606246;-13,77296;28,18894;-1,373291;-13,87024;11,801;-0,25177;-5,106925;29,58476;6,906509;-10,39123;47,44962;7,970809;-6,706238;57,06131;8,285522;-4,909515;64,78214;8,331298;-3,627777;9,744196;1,92976;-3,536224;26,32856;10,25963;-7,933616;38,47789;12,45117;-10,64873;45,06683;13,09204;-12,53128;50,46844;13,1321;-14,43672;7,90286;4,0555;-2,06995;21,75522;12,8088;-5,169868;26,1097;13,95607;-8,914947;23,74077;7,026672;-9,62448;22,38607;8,185386;-7,839202;6,103992;6,047487;-0,666618;15,9502;14,66846;-2,102852;25,69485;15,64407;-4,680633;25,62618;11,1866;-5,979537;20,37906;5,802154;-6,008148;12,22569;11,64988;3,688839;3,738206;38,7272;2,600201;23,62266;19,02922;15,19278;-16,72048;3,504702;3,731611;-8,903202;-9,389001;3,571387;3,794573;-8,682472;18,24746;103,3227;93,87056;0,289391;19,80081;64,84339;59,48155;-0,089493;0,044031;0;0,001259;-0,501823;0,733223;0;-0,003147;0,796394;1,631698;0;-0,003104;0,765038;-0,056305;0;-0,000916;-0,040521;0,001259;0;-0,000458;15,93017;-8,798503;-0,061798;0,109863;30,1094;-10,94513;0;-0,188828;84,28915;146,7018;0,394821;-0,186253;23,95362;-1,805877;-0,027466;-0,027466;21,5774;-0,611114;0;-0,054932
39;624;00:00:00:624;0;0;0;1,356195;4,630253;1,493517;1,207704;8,37176;-1,441217;-0,474606;10,98347;-4,090987;-2,574282;12,36977;-5,940606;0,471057;4,209528;0,890314;-2,47792;11,14464;0,384657;-4,003218;15,75711;1,875643;-4,743863;18,27467;2,533601;-5,270863;20,32458;2,940446;-0,678291;3,665976;0,141894;-4,238361;10,26621;-0,747186;-7,472901;14,87805;-0,774238;-9,150675;17,42447;-0,957319;-10,45814;19,54984;-1,254541;-1,753398;3,163766;-0,479408;-5,598489;8,81985;-1,665924;-7,212512;13,08216;-3,679894;-5,233941;12,23423;-5,466217;-4,811358;10,33496;-3,828386;-2,78086;2,68073;-1,11214;-6,67831;6,888013;-2,54526;-7,436535;10,51768;-3,95575;-6,458047;10,99968;-5,670334;-4,930007;9,541206;-6,593943;94,7754;29,12708;-154,821;161,2791;-49,35826;116,3389;-175,0983;-49,35824;116,3389;-155,5623;-49,41384;115,6708;-155,5623;-49,41384;115,6708;94,39542;29,12708;-154,821;69,96889;31,06718;-172,3566;73,62697;30,37549;-172,057;77,4854;29,40989;-171,8028;77,45683;29,63679;-171,8608;97,6953;28,4506;-147,9751;90,31089;27,74339;-144,8112;93,95555;29,68465;-144,6588;97,95898;31,32889;-144,2437;97,94073;31,11322;-144,2789;101,0936;27,3314;-140,6473;117,7086;29,62753;-144,7048;-138,3252;31,24464;-143,4267;-43,01509;28,26683;-140,5446;-42,90833;28,45101;-140,3198;105,5268;25,08949;-130,4703;114,5159;31,03811;-154,9681;179,906;32,46315;-153,95;-118,1485;31,87483;-149,4426;-118,2323;32,12491;-149,6006;0;0;0;-292,6003;-274,8162;127,7381;-274,5105;-677,7164;526,4879;-74,74094;-945,4388;880,2509;173,8663;-1076,355;1124,621;-170,5186;-252,58;163,9458;6,298252;-665,7186;647,6546;23,75187;-857,4619;841,5456;27,95416;-972,8724;955,268;26,96516;-1075,741;1054,392;-13,07421;-222,0746;208,8713;248,0544;-615,1233;713,0021;493,4645;-837,4624;1044,299;622,2541;-972,0857;1235,531;723,9838;-1094,636;1402,279;131,7626;-189,8497;246,1684;453,2589;-526,2485;723,9922;590,3;-874,7444;1126,278;448,7845;-966,7546;1148,451;397,9812;-764,3687;928,4388;271,3866;-160,878;284,1505;638,0326;-410,3453;699,1452;679,6401;-708,7423;1007,781;613,7917;-858,8118;1121,962;509,1317;-851,5269;1065,411;0;0;0;2,04277;0,708103;-4,059791;5,637645;-1,662254;-7,661819;8,494019;-3,009796;-11,04927;10,26821;-3,484726;-13,52692;2,108574;0,626564;-4,099845;6,646536;1,911163;-12,86316;9,733736;-0,78392;-12,97188;11,52152;-2,317428;-13,13782;13,06093;-3,639221;-13,36098;2,178937;0,557899;-4,157066;6,716251;1,81961;-12,89463;3,026962;-7,135391;-12,3024;0,915527;-11,98196;-12,20512;-0,921249;-15,95878;-12,33101;2,205133;0,576496;-4,215717;6,325722;1,70517;-12,1336;8,251189;-1,361847;-19,4664;9,140967;-3,828048;-16,96586;7,832049;-1,410484;-13,84163;2,248764;0,552893;-4,270076;5,604743;1,459122;-10,72025;9,710311;0,480652;-14,80293;11,01208;-1,893997;-14,75715;10,09083;-3,799438;-12,41112;12,2239;11,64766;3,688686;3,738589;38,72349;2,60216;23,62266;19,0292;15,18972;-16,70677;3,504646;3,731716;-8,903776;-9,371379;3,571387;3,794625;-8,685684;18,2477;103,3227;93,87056;0,285305;19,80092;64,8434;59,48156;-0,222473;0,117488;0;-0,001259;-0,183678;0,822258;-0,003347;0,006294;-0,034447;1,05732;0;0,003104;-0,192719;0,01442;0;0;-0,245145;0,006638;0,000458;0,000458;-7,97882;4,407405;0;-0,151062;19,08875;5,342102;-0,200844;0,566483;-49,85046;-34,46273;0;0,372505;-57,46535;4,243469;0;0,054932;-12,27744;0,322723;0,027466;0,054932
40;640;00:00:00:640;0;0;0;1,355152;4,629953;1,495392;1,201168;8,373975;-1,435849;-0,485594;10,98694;-4,081552;-2,58809;12,3735;-5,927765;0,469612;4,209157;0,89283;-2,48384;11,14295;0,395277;-4,012145;15,75253;1,892121;-4,754599;18,26874;2,553177;-5,283214;20,31775;2,962461;-0,680222;3,665487;0,145242;-4,244984;10,26433;-0,735325;-7,483552;14,87338;-0,754166;-9,163759;17,4185;-0,932849;-10,47343;19,54302;-1,226516;-1,755703;3,163111;-0,475277;-5,605266;8,817855;-1,653652;-7,223915;13,08064;-3,662896;-5,246745;12,23513;-5,451918;-4,821315;10,33496;-3,815878;-2,783563;2,679943;-1,107264;-6,684923;6,886035;-2,533225;-7,44675;10,51626;-3,940334;-6,470363;11,00005;-5,655613;-4,942459;9,543114;-6,581878;94,70322;29,08943;-154,8235;161,3258;-49,43029;116,3411;-175,0516;-49,43028;116,3411;-155,5142;-49,48551;115,672;-155,5142;-49,48551;115,672;94,32326;29,08944;-154,8235;69,89883;31,01251;-172,3352;73,55708;30,32114;-172,0348;77,41591;29,35582;-171,7794;77,38724;29,58265;-171,8377;97,61901;28,42074;-147,9788;90,21648;27,71538;-144,8054;93,85928;29,65686;-144,6567;97,86086;31,3017;-144,245;97,84282;31,08598;-144,2798;101,0144;27,31034;-140,6511;117,6302;29,60129;-144,7101;-138,4056;31,21993;-143,4349;-43,09443;28,2456;-140,5487;-42,98789;28,43007;-140,3242;105,4462;25,08119;-130,4719;114,4429;31,00018;-154,9725;179,8311;32,42636;-153,9569;-118,2261;31,84311;-149,4503;-118,31;32,09301;-149,6087;0;0;0;-292,5665;-274,8111;127,6917;-274,3547;-677,7352;526,3871;-74,48343;-945,4622;880,0701;174,1901;-1076,371;1124,365;-170,4758;-252,5717;163,8839;6,462783;-665,6731;647,3939;24,02034;-857,2802;841,2169;28,28188;-972,6187;954,9084;27,34309;-1075,43;1054,013;-13,0205;-222,0615;208,7891;248,2346;-615,0701;712,7112;493,7249;-837,261;1043,908;622,5621;-971,8046;1235,091;724,3344;-1094,29;1401,803;131,8246;-189,8306;246,0672;453,4402;-526,1902;723,6915;590,6172;-874,6884;1125,868;449,1304;-966,7636;1148,105;398,2477;-764,3594;928,1343;271,4575;-160,854;284,0312;638,2066;-410,2857;698,8505;679,9238;-708,6898;1007,411;614,1287;-858,8045;1121,61;509,4623;-851,5635;1065,12;0;0;0;2,024173;0,306129;-2,78449;9,346961;-1,127243;-6,045341;15,45095;-1,396179;-10,849;19,42491;-0,955582;-15,33508;2,567768;0,500679;-3,717899;9,871869;2,732277;-15,64121;16,10801;10,9005;-19,71817;19,66327;15,22064;-21,57783;22,67539;18,6367;-22,77374;3,223032;0,788212;-4,930973;10,80894;3,190041;-17,45796;15,62404;12,08496;-23,45466;18,48221;16,86287;-26,40152;21,0371;20,74814;-28,55873;3,718614;1,141548;-6,075382;10,88047;3,493309;-18,04447;19,03724;3,358841;-24,63341;20,75672;-0,537872;-20,75386;15,98596;0,557899;-18,27049;4,25148;1,436233;-7,164001;10,43987;3,576278;-17,68112;17,01736;3,155708;-22,18437;20,21313;0,434876;-21,12007;19,83833;-2,197265;-17,44079;12,22338;11,64828;3,688227;3,73925;38,71386;2,607226;23,62267;19,02921;15,17414;-16,72822;3,504702;3,731664;-8,912222;-9,393082;3,571441;3,794573;-8,686769;18,24779;103,3227;93,87055;0,28393;19,80095;64,84339;59,48156;-0,577469;0,303969;0,000572;0,000572;-0,935097;-1,287117;0,003347;-0,003147;-0,506744;-1,302166;0,00329;-0,003104;-0,065117;0,00515;0;-0,000458;-0,082498;0,001831;-0,000458;0,000458;-21,29974;11,18889;0,034332;0,109863;-45,08514;-126,5625;0,401688;-0,566483;-28,33786;-141,5691;0,197411;-0,372505;7,656096;-0,556183;0;-0,027466;9,758841;-0,288391;-0,054932;0
41;656;00:00:00:656;0;0;0;1,355399;4,629678;1,496022;1,19795;8,374887;-1,43352;-0,491755;10,98855;-4,076657;-2,596198;12,37537;-5,920455;0,469428;4,208914;0,894071;-2,486052;11,14223;0,40183;-4,012681;15,75214;1,89933;-4,754346;18,26852;2,560669;-5,282421;20,31763;2,970126;-0,680936;3,665273;0,147278;-4,247985;10,26364;-0,727572;-7,486626;14,87266;-0,74333;-9,16699;17,41779;-0,920385;-10,4769;19,54233;-1,212761;-1,756846;3,162893;-0,472495;-5,60874;8,817213;-1,645275;-7,231939;13,07914;-3,652683;-5,255678;12,23517;-5,443438;-4,827607;10,33509;-3,807972;-2,785149;2,679737;-1,10377;-6,688725;6,88549;-2,524659;-7,453494;10,51568;-3,930254;-6,478796;11,00035;-5,646245;-4,950974;9,544374;-6,574152;94,65549;29,05354;-154,8335;161,3783;-49,47392;116,3151;-174,999;-49,4739;116,3151;-155,4608;-49,52872;115,6453;-155,4608;-49,52872;115,6453;94,27552;29,05354;-154,8335;69,89993;30,96571;-172,3405;73,55788;30,27433;-172,0402;77,41647;29,309;-171,785;77,38785;29,53584;-171,8432;97,56704;28,39007;-147,9904;90,181;27,68811;-144,8211;93,82307;29,62967;-144,6739;97,82378;31,27474;-144,2635;97,80587;31,05899;-144,2981;100,9589;27,28574;-140,6634;117,5924;29,56644;-144,6899;-138,4449;31,18581;-143,4164;-43,13444;28,21322;-140,5288;-43,02814;28,39781;-140,3046;105,3879;25,06569;-130,4835;114,4045;30,96196;-154,9646;179,7913;32,38872;-153,9506;-118,269;31,80822;-149,4453;-118,3529;32,05802;-149,6038;0;0;0;-292,5039;-274,7931;127,5792;-273,9652;-677,8627;526,0694;-73,8285;-945,6616;879,5112;175,0135;-1076,585;1123,603;-170,3891;-252,5494;163,7329;6,817974;-665,5717;646,7567;24,53249;-857,1862;840,2764;28,89153;-972,5416;953,8019;28,04205;-1075,378;1052,771;-12,90464;-222,0322;208,5882;248,632;-614,9574;711,9996;494,3464;-837,0967;1042,726;623,3193;-971,6262;1233,653;725,2153;-1094,112;1400,154;131,9629;-189,7913;245,8193;453,8468;-526,0706;722,9552;591,4526;-874,6016;1124,825;450,0093;-966,821;1147,233;398,8889;-764,3607;927,3849;271,6196;-160,8069;283,7386;638,6033;-410,167;698,1284;680,6042;-708,6068;1006,487;614,9404;-858,8289;1120,728;510,2503;-851,6793;1064,401;0;0;0;3,756523;1,080036;-6,752014;23,3674;-7,653235;-19,06013;39,29579;-11,9648;-33,53119;49,40629;-12,8231;-45,71914;5,20277;1,336098;-9,056567;21,31149;6,079673;-38,23185;30,72873;5,641937;-56,43082;36,57853;4,623413;-66,38717;41,93777;3,124237;-74,52392;6,951213;1,759529;-12,05206;23,84233;6,766319;-42,6979;37,29057;9,859084;-70,94192;45,43304;10,70595;-86,29989;52,84882;10,68878;-98,89411;8,299827;2,357483;-14,8716;24,39594;7,181167;-44,17705;50,1194;5,212783;-62,57629;52,73151;-3,444672;-52,31667;38,4736;-0,074387;-44,95811;9,730338;2,830267;-17,55523;23,80657;7,121086;-43,32447;40,82393;4,978179;-55,48096;48,70319;-1,459122;-52,91748;47,27554;-6,952286;-43,17283;12,22039;11,64617;3,688425;3,739894;38,71246;2,607962;23,62266;19,0292;15,17497;-16,692;3,504702;3,731664;-8,908519;-9,372869;3,571496;3,794573;-8,71704;18,24997;103,3227;93,87057;0,266879;19,80142;64,84338;59,48156;-0,084457;0,044189;-0,000572;-0,000572;0,050068;2,173462;0;0;0,222187;1,212788;0,00329;0;-1,816234;0,13092;-0,000458;0,000916;-1,0231;0,028381;-0,000458;-0,000458;29,58068;-15,58685;-0,068665;-0,068665;59,10987;207,6347;-0,200844;0,188828;43,73588;150,8972;0;0,186253;-105,067;7,546234;-0,027466;0,082397;-56,43614;1,593017;0;-0,054932
42;672;00:00:00:672;0;0;0;1,356269;4,628499;1,498878;1,19314;8,377043;-1,426083;-0,501419;10,99317;-4,063667;-2,609095;12,38138;-5,902715;0,469516;4,208107;0,897818;-2,488776;11,14104;0,417376;-4,005079;15,75344;1,917718;-4,741328;18,27104;2,58048;-5,265174;20,32103;2,990988;-0,68181;3,66491;0,152185;-4,252147;10,26313;-0,710297;-7,487901;14,87418;-0,721501;-9,166821;17,42043;-0,896138;-10,47566;19,54591;-1,186578;-1,758503;3,162863;-0,466496;-5,613853;8,817262;-1,627478;-7,241878;13,08045;-3,628288;-5,267932;12,23908;-5,422814;-4,836603;10,33759;-3,789853;-2,787612;2,680066;-1,096731;-6,694583;6,886146;-2,507277;-7,464492;10,51669;-3,909151;-6,492688;11,00343;-5,626197;-4,964962;9,549432;-6,557357;94,55071;29,00109;-154,8672;161,451;-49,57129;116,2799;-174,9263;-49,57127;116,2799;-155,3863;-49,62555;115,6086;-155,3863;-49,62555;115,6086;94,17074;29,0011;-154,8672;69,87746;30,88685;-172,4541;73,5351;30,19557;-172,1538;77,39349;29,23032;-171,8983;77,36493;29,45715;-171,9565;97,45657;28,34892;-148,0257;90,12865;27,65752;-144,8815;93,76966;29,5992;-144,7363;97,76921;31,24461;-144,3279;97,75145;31,02883;-144,3623;100,8446;27,25732;-140,6986;117,483;29,52897;-144,7192;-138,5571;31,15047;-143,4498;-43,24527;28,18276;-140,5565;-43,13928;28,36774;-140,3327;105,2719;25,05569;-130,5154;114,3201;30,90448;-154,9589;179,7044;32,33252;-153,948;-118,3603;31,75797;-149,4442;-118,4442;32,00755;-149,6032;0;0;0;-292,5188;-274,7766;127,5414;-273,7826;-677,8963;525,947;-73,47591;-945,7234;879,2458;175,48;-1076,656;1123,198;-170,3781;-252,5348;163,6585;6,950721;-665,5281;646,3635;24,14118;-857,6932;839,8914;28,22817;-973,3452;953,4073;27,16863;-1076,419;1052,356;-12,86177;-222,0193;208,466;248,812;-614,916;711,5344;494,4117;-837,4708;1042,163;623,3265;-972,2292;1233,026;725,1785;-1094,906;1399,465;132,0315;-189,7783;245,6524;454,0553;-526,032;722,4525;591,978;-874,5125;1124,205;450,5775;-966,8242;1146,72;399,2792;-764,3694;926,9109;271,7148;-160,7945;283,529;638,8314;-410,1343;697,6144;681,158;-708,5771;1005,882;615,607;-858,8522;1120,168;510,8512;-851,7583;1063,947;0;0;0;-0,891209;0,992775;-2,266645;10,95629;-2,01416;-7,341384;21,15512;-3,713607;-15,92445;27,99153;-4,291534;-24,33586;0,663042;0,874043;-4,466772;7,964819;2,617836;-23,58913;-23,47872;-30,42411;-23,0999;-39,8013;-48,21395;-23,67782;-52,405;-62,45612;-24,87373;2,572238;0,771046;-7,32994;10,80465;2,483368;-27,91214;3,922462;-22,44758;-33,77723;0,432015;-36,18049;-37,62245;-2,202987;-47,63603;-41,36467;4,113435;0,784636;-10,01501;12,50553;2,311706;-30,15804;31,52275;5,34439;-37,17613;34,09195;-0,19455;-30,76744;23,41604;-0,526428;-28,43857;5,709171;0,742435;-12,57706;13,68427;1,962662;-30,83896;33,23078;1,779556;-36,24343;39,9971;-1,401901;-33,57124;36,05747;-4,737854;-27,23694;12,21436;11,63852;3,68823;3,74147;38,70695;2,610746;23,62266;19,02921;15,25047;-16,59092;3,504702;3,731716;-8,885421;-9,299736;3,571496;3,794625;-8,725846;18,2506;103,3227;93,87057;0,22985;19,80249;64,8434;59,48156;-0,330505;0,167027;0;0,000572;4,529972;6,064567;0;0,003147;1,385879;4,387951;0;0,003104;-0,528374;0,037994;0,000458;0;-2,221706;0,064201;0,000916;0;-14,76288;7,37028;0,034332;0,068665;268,7943;233,4663;0;0,188828;69,82154;190,5098;-0,197411;0,186253;77,27164;-5,575562;0,054932;-0,054932;-71,91635;2,1492;0,082397;0,027466
43;688;00:00:00:688;0;0;0;1,361684;4,62737;1,497454;1,197704;8,376713;-1,426435;-0,498143;10,99462;-4,061424;-2,607016;12,38471;-5,897683;0,473882;4,207697;0,897441;-2,47957;11,14297;0,420864;-3,994031;15,75633;1,920101;-4,729446;18,27435;2,582158;-5,252756;20,32461;2,992009;-0,678764;3,665435;0,153168;-4,24498;10,26648;-0,704729;-7,481971;14,87667;-0,713848;-9,16178;17,4224;-0,887466;-10,47153;19,54742;-1,177163;-1,756591;3,164257;-0,464242;-5,608914;8,821719;-1,620337;-7,238856;13,08426;-3,620967;-5,266993;12,24205;-5,417386;-4,833977;10,34115;-3,784173;-2,786834;2,682293;-1,093261;-6,692211;6,891488;-2,498925;-7,463576;10,52148;-3,901429;-6,493671;11,00749;-5,619757;-4,967026;9,553061;-6,552022;94,51465;28,93986;-154,9294;161,5346;-49,61296;116,177;-174,8428;-49,61294;116,177;-155,3019;-49,66659;115,5051;-155,3019;-49,66658;115,5051;94,13467;28,93986;-154,9294;69,90758;30,81991;-172,441;73,56458;30,1285;-172,1414;77,42235;29,16315;-171,8866;77,39394;29,38999;-171,9447;97,41269;28,29187;-148,0912;90,10465;27,58848;-144,8774;93,745;29,53021;-144,7332;97,74358;31,17577;-144,3259;97,72589;30,96;-144,3602;100,7933;27,20567;-140,7668;117,4611;29,46363;-144,7345;-138,581;31,08556;-143,4666;-43,27222;28,11897;-140,5737;-43,16658;28,30405;-140,3502;105,2123;25,01291;-130,5854;114,3135;30,83669;-154,964;179,6962;32,26483;-153,954;-118,3746;31,69104;-149,4534;-118,4584;31,94059;-149,6123;0;0;0;-292,5709;-274,7059;127,3701;-273,5139;-677,9856;525,5338;-72,92838;-945,9356;878,52;176,2161;-1076,941;1122,196;-170,3834;-252,4864;163,4337;7,114157;-665,4573;645,4308;23,94893;-857,8335;838,876;27,8547;-973,5921;952,3519;26,65821;-1076,746;1051,273;-12,80935;-221,9976;208,1716;249,0617;-614,8852;710,4978;494,8518;-837,5043;1040,787;623,8798;-972,298;1231,47;725,8333;-1095,004;1397,766;132,1309;-189,7764;245,2925;454,362;-526,0349;721,3847;592,8114;-874,5975;1122,705;451,4864;-967,0642;1145,461;399,8877;-764,5222;925,8259;271,8625;-160,8142;283,1066;639,1829;-410,1736;696,5715;682,019;-708,6442;1004,617;616,657;-859,0443;1118,969;511,8119;-852,0665;1062,952;0;0;0;-3,129959;4,242897;-10,28109;16,12329;-5,355834;-24,79648;32,85241;-12,73155;-43,55049;44,16346;-17,08603;-60,11008;-0,319719;2,90823;-13,49044;9,806155;4,25148;-55,96447;-11,53484;-8,417129;-60,92834;-22,40842;-14,81437;-63,32015;-30,62546;-19,60373;-64,98527;3,145248;1,306057;-17,66681;14,98174;1,848221;-62,19291;26,40152;-2,008438;-82,56911;33,19358;-4,125595;-93,33801;39,28756;-5,882263;-101,9096;5,965232;0,108719;-21,59643;18,40496;-0,174522;-64,06974;50,00496;-5,104064;-90,00777;54,5311;-14,39667;-75,55961;36,50951;-9,163856;-65,10543;8,866309;-1,184463;-25,34294;21,09146;-2,360344;-62,57343;51,66149;-4,02832;-75,93154;62,99972;-11,5242;-71,96616;57,63816;-18,49365;-59,70382;12,20937;11,63779;3,688143;3,743799;38,69654;2,616241;23,62266;19,0292;15,19479;-16,57452;3,504702;3,731716;-8,949553;-9,311416;3,571441;3,794573;-8,77333;18,25405;103,3227;93,87058;0,179137;19,80394;64,84338;59,48155;-0,624161;0,32969;0;-0,000572;-3,340873;0,984306;0;0;-3,847961;-0,700779;-0,00329;-0,003104;-2,849006;0,20668;-0,000458;0,000916;-3,042805;0,08709;-0,000916;-0,000458;-17,61932;9,759807;0;-0,068665;-472,2507;-304,8156;0;-0,188828;-314,0304;-305,3238;-0,197411;-0,372505;-139,238;10,12115;-0,054932;0,054932;-49,26594;1,373291;-0,109863;-0,027466
44;704;00:00:00:704;0;0;0;1,370138;4,624858;1,497503;1,214846;8,374053;-1,427051;-0,474684;10,9949;-4,06317;-2,580015;12,38889;-5,900539;0,48177;4,206862;0,897157;-2,457835;11,14787;0,418509;-3,964041;15,7646;1,915693;-4,69488;18,28424;2,576673;-5,214406;20,33563;2,985677;-0,67162;3,66678;0,152452;-4,224482;10,27472;-0,707741;-7,452563;14,89115;-0,717837;-9,127398;17,44013;-0,891957;-10,43294;19,56768;-1,182042;-1,750166;3,167651;-0,465362;-5,590862;8,832541;-1,623768;-7,210769;13,0986;-3,625041;-5,239999;12,25213;-5,42066;-4,811759;10,35031;-3,787279;-2,781085;2,687639;-1,094768;-6,677575;6,904343;-2,502596;-7,441474;10,53555;-3,906033;-6,469901;11,01945;-5,624015;-4,945594;9,561989;-6,555372;94,53342;28,95933;-155,033;161,5073;-49,59412;116,0839;-174,87;-49,5941;116,0839;-155,3295;-49,64796;115,4122;-155,3295;-49,64796;115,4122;94,15345;28,95932;-155,033;69,93111;30,84354;-172,5399;73,5881;30,15202;-172,2405;77,44578;29,18657;-171,9861;77,41737;29,41344;-172,0441;97,43385;28,30924;-148,1939;90,11587;27,60538;-144,9828;93,75648;29,54709;-144,8382;97,75539;31,19257;-144,4304;97,73766;30,9768;-144,4647;100,8166;27,22052;-140,8688;117,4763;29,48284;-144,8509;-138,565;31,10448;-143,5823;-43,25563;28,13718;-140,6897;-43,14988;28,3222;-140,4661;105,2377;25,02387;-130,6873;114,3357;30,85548;-155,0607;179,7192;32,2833;-154,0499;-118,3501;31,7079;-149,5487;-118,4339;31,95752;-149,7075;0;0;0;-292,8958;-274,6381;127,4555;-273,7833;-677,9749;525,5474;-73,11757;-946,0373;878,3732;176,0999;-1077,158;1121,88;-170,6453;-252,4618;163,4563;6,561801;-665,5726;645,2215;23,31474;-858,0491;838,7531;27,18638;-973,8563;952,2808;25,971;-1077,044;1051,248;-12,99213;-222,029;208,1126;248,6317;-615,0862;710,1638;494,479;-837,5982;1040,321;623,5512;-972,3309;1230,942;725,5523;-1094,984;1397,194;132,0162;-189,8601;245,1572;454,0658;-526,3024;720,9563;592,5641;-874,8243;1122,276;451,3816;-967,2405;1145,141;399,711;-764,7349;925,4846;271,8158;-160,9478;282,8984;639,0406;-410,4941;696,0704;681,9852;-708,9323;1004,154;616,7388;-859,2884;1118,583;511,9485;-852,2847;1062,633;0;0;0;-19,49358;4,064083;5,124807;-16,16192;0,640869;0,818253;-11,35182;-6,0997;-8,806228;-6,969452;-13,01193;-18,96858;-15,71488;1,471996;1,356125;-33,14137;-6,917953;-12,55989;-38,05116;-12,93755;-7,375716;-40,09902;-15,85007;-4,268646;-41,23235;-17,90428;-1,516342;-10,96684;-1,888275;-3,539085;-25,79927;-12,06207;-20,04432;-22,36748;-5,636215;-27,93503;-19,71245;-1,979828;-31,69441;-16,86001;1,178741;-34,34944;-6,883621;-5,018949;-8,115291;-17,77553;-16,04748;-25,70629;-14,84012;-13,60703;-25,74348;-6,282806;-10,58006;-19,17457;-10,60009;-12,76588;-20,4792;-2,803802;-8,016585;-12,49123;-8,540153;-19,23179;-30,06935;-2,028465;-17,28344;-27,78625;4,909515;-14,64844;-23,16284;8,199691;-13,09204;-19,12308;12,20883;11,63906;3,68814;3,743814;38,69891;2,615009;23,62266;19,0292;15,18796;-16,56557;3,504702;3,731664;-8,946876;-9,320951;3,571441;3,794573;-8,760087;18,25308;103,3227;93,87057;0,173589;19,80408;64,84339;59,48156;0,141678;-0,073886;0;0;-0,409699;0,536728;0;-0,003147;0,160675;-0,57209;0;0;0,794563;-0,058136;-0,000458;-0,000458;-0,332842;0,008469;0,000458;0,000458;45,95031;-24,21455;0;0,034332;175,8705;-26,8547;0;-0,188828;240,5182;7,721328;0,197411;0,186253;218,6142;-15,88898;0;-0,082397;162,5977;-4,717254;0,082397;0,054932
45;720;00:00:00:720;0;0;0;1,379049;4,620337;1,503264;1,233102;8,372702;-1,417705;-0,449629;10,99974;-4,052014;-2,551149;12,40003;-5,888951;0,490095;4,204855;0,902044;-2,434852;11,15248;0,429728;-3,931422;15,77032;1,933141;-4,656939;18,2906;2,597556;-5,172076;20,34253;3,009391;-0,664068;3,667998;0,156206;-4,202784;10,28426;-0,698309;-7,421492;14,90724;-0,705627;-9,091059;17,45978;-0,878152;-10,39213;19,59024;-1,166862;-1,743361;3,171796;-0,462662;-5,571732;8,845941;-1,616567;-7,185496;13,115;-3,616395;-5,214709;12,26721;-5,411372;-4,789626;10,36398;-3,7788;-2,774981;2,694627;-1,093078;-6,662039;6,920979;-2,498037;-7,418911;10,55477;-3,898576;-6,445631;11,03853;-5,615631;-4,923393;9,579264;-6,547539;94,48041;29,01022;-155,1778;161,4344;-49,63313;116,0164;-174,943;-49,63312;116,0164;-155,4018;-49,6875;115,3443;-155,4018;-49,6875;115,3443;94,10044;29,01022;-155,1778;69,83649;30,87778;-172,7157;73,49436;30,18671;-172,4148;77,3531;29,22161;-172,1585;77,32446;29,44839;-172,217;97,38843;28,3653;-148,3345;90,08403;27,66211;-145,1138;93,7242;29,60388;-144,9703;97,72303;31,24957;-144,5634;97,70537;31,03378;-144,5976;100,78;27,28122;-141,0047;117,468;29,52748;-144,9223;-138,5724;31,14928;-143,6534;-43,2602;28,18221;-140,7592;-43,15425;28,36726;-140,5355;105,2142;25,08936;-130,8164;114,2952;30,90342;-155,1812;179,6791;32,33184;-154,171;-118,3854;31,75897;-149,667;-118,4695;32,00851;-149,826;0;0;0;-293,4031;-274,4874;127,4526;-274,7976;-677,8438;525,561;-74,50218;-946,1009;878,44;174,5067;-1077,463;1122,007;-171,1186;-252,4117;163,4733;5,257666;-665,8668;645,3628;21,43545;-858,4685;838,9736;24,98853;-974,3311;952,545;23,50981;-1077,554;1051,548;-13,42072;-222,1098;208,1556;247,4019;-615,581;710,3445;492,7538;-838,5034;1040,561;621,5488;-973,4506;1231,21;723,3152;-1096,272;1397,483;131,6307;-190,0637;245,2245;452,9826;-526,9517;721,1621;591,1836;-875,6937;1122,474;449,9852;-967,8525;1145,309;398,4663;-765,2876;925,6734;271,4709;-161,2686;282,9888;638,1624;-411,2654;696,2906;680,7497;-709,7797;1004,43;615,41;-860,0092;1118,84;510,7173;-852,8224;1062,84;0;0;0;-30,43556;9,042262;-0,174522;-60,86253;7,867812;0,815392;-83,07659;-3,816604;4,005432;-95,59393;-18,31054;7,621764;-28,39637;3,006935;1,022816;-78,2481;-17,65251;8,480071;-112,7574;-25,16556;13,23509;-131,8709;-28,49007;15,85007;-147,6717;-30,56717;18,00155;-25,71541;-4,845142;2,579212;-73,79293;-29,68597;10,84614;-103,5147;-54,30794;14,35661;-120,1458;-67,17681;16,0675;-134,2249;-77,27622;17,33208;-23,12779;-12,21728;4,034042;-64,98813;-38,96141;12,34817;-82,82661;-52,16217;11,84463;-83,78791;-36,71836;10,07652;-74,67841;-33,15925;11,32965;-20,69378;-19,24825;5,42593;-52,69146;-46,27704;13,21507;-74,13196;-50,84324;16,58249;-79,72526;-43,24722;15,41519;-73,8716;-32,26089;12,40539;12,212;11,63952;3,689039;3,744062;38,7063;2,611073;23,62264;19,0292;15,20608;-16,58225;3,504758;3,731664;-8,95357;-9,314835;3,571441;3,794573;-8,821159;18,25752;103,3227;93,87054;0,150658;19,80474;64,84339;59,48156;0,443573;-0,236149;-0,00103;0;1,087303;-1,000671;0,003347;0;-0,401688;0,366955;0;0;-3,664341;0,26619;0,000916;-0,002289;-1,375893;0,039253;0;0;18,11371;-9,735774;-0,061798;0;89,82009;-92,24395;0,200844;0,188828;-33,74176;56,34269;0;0;-267,5342;19,45953;0,082397;-0,109863;-62,58301;1,847076;-0,027466;-0,027466
46;736;00:00:00:736;0;0;0;1,379049;4,620337;1,503264;1,233102;8,372702;-1,417705;-0,449629;10,99974;-4,052014;-2,551149;12,40003;-5,888951;0,490095;4,204855;0,902044;-2,434852;11,15248;0,429728;-3,931422;15,77032;1,933141;-4,656939;18,2906;2,597556;-5,172076;20,34253;3,009391;-0,664068;3,667998;0,156206;-4,202784;10,28426;-0,698309;-7,421492;14,90724;-0,705627;-9,091059;17,45978;-0,878152;-10,39213;19,59024;-1,166862;-1,743361;3,171796;-0,462662;-5,571732;8,845941;-1,616567;-7,185496;13,115;-3,616395;-5,214709;12,26721;-5,411372;-4,789626;10,36398;-3,7788;-2,774981;2,694627;-1,093078;-6,662039;6,920979;-2,498037;-7,418911;10,55477;-3,898576;-6,445631;11,03853;-5,615631;-4,923393;9,579264;-6,547539;94,48041;29,01022;-155,1778;161,4344;-49,63313;116,0164;-174,943;-49,63312;116,0164;-155,4018;-49,6875;115,3443;-155,4018;-49,6875;115,3443;94,10044;29,01022;-155,1778;69,83649;30,87778;-172,7157;73,49436;30,18671;-172,4148;77,3531;29,22161;-172,1585;77,32446;29,44839;-172,217;97,38843;28,3653;-148,3345;90,08403;27,66211;-145,1138;93,7242;29,60388;-144,9703;97,72303;31,24957;-144,5634;97,70537;31,03378;-144,5976;100,78;27,28122;-141,0047;117,468;29,52748;-144,9223;-138,5724;31,14928;-143,6534;-43,2602;28,18221;-140,7592;-43,15425;28,36726;-140,5355;105,2142;25,08936;-130,8164;114,2952;30,90342;-155,1812;179,6791;32,33184;-154,171;-118,3854;31,75897;-149,667;-118,4695;32,00851;-149,826;0;0;0;-293,9378;-274,2162;127,1069;-275,893;-677,7626;525,0002;-76,00547;-946,3909;877,7705;172,7748;-1078,132;1121,311;-171,6181;-252,2913;163,1801;3,878675;-666,1437;644,6896;19,47833;-858,812;837,9268;22,71201;-974,7126;951,2921;20,97005;-1077,967;1050,125;-13,87388;-222,1828;207,9304;246,1;-616,1533;709,7786;490,8895;-839,4685;1039,828;619,3685;-974,6291;1230,381;720,8667;-1097,626;1396,572;131,2224;-190,3124;245,0624;451,8348;-527,7556;720,73;589,6673;-876,6778;1121,955;448,4677;-968,7571;1144,752;397,1383;-766,108;925,1646;271,1047;-161,6879;282,8874;637,2303;-412,2636;696,0172;679,3959;-710,9332;1003,983;613,9539;-861,1543;1118,337;509,3853;-853,8591;1062,37;0;0;0;-32,08208;16,27493;-20,7417;-65,72055;4,8666;-33,64849;-90,19732;-17,40074;-40,16876;-103,9152;-40,10582;-41,71943;-29,97064;7,225513;-17,59243;-82,73943;-16,61396;-40,38906;-117,4271;-20,60509;-62,81089;-136,5915;-22,88818;-75,17623;-152,3857;-24,83368;-85,3672;-27,1892;-4,381656;-13,51404;-78,11164;-34,33513;-33,95748;-111,8574;-57,9071;-43,95675;-130,8203;-70,71304;-49,69596;-146,9135;-81,2416;-54,64554;-24,50037;-14,92381;-9,721755;-68,86768;-48,23398;-25,92087;-90,98052;-59,04578;-31,12793;-91,04633;-54,27933;-33,43391;-79,68234;-49,2239;-30,52711;-21,97552;-25,15483;-6,085395;-55,92442;-59,88979;-16,41083;-81,22729;-69,20814;-26,84212;-87,36991;-68,7046;-30,18379;-79,92553;-62,19863;-28,20969;12,212;11,63952;3,689039;3,744062;38,7063;2,611073;23,62264;19,0292;15,20608;-16,58225;3,504758;3,731664;-8,95357;-9,314835;3,571441;3,794573;-8,821159;18,25752;103,3227;93,87054;0,150658;19,80474;64,84339;59,48156;0;0;0;0;0;0;0;0;0;0;0;0;0;0;0;0;0;0;0;0;-26,61438;14,16893;0,061798;0;-65,23819;60,04028;-0,200844;0;24,10125;-22,01728;0;0;219,8604;-15,97137;-0,054932;0,137329;82,55355;-2,355194;0;0
47;752;00:00:00:752;0;0;0;1,392079;4,609904;1,523156;1,260181;8,372892;-1,384786;-0,412406;11,01472;-4,010756;-2,508292;12,42843;-5,843845;0,502246;4,199597;0,919684;-2,401384;11,15794;0,474256;-3,881977;15,77974;1,981312;-4,598615;18,302;2,647808;-5,106395;20,35541;3,061417;-0,653071;3,669315;0,170934;-4,171232;10,29973;-0,658432;-7,377581;14,93129;-0,657602;-9,0401;17,48874;-0,825489;-10,3351;19,62344;-1,110202;-1,733474;3,178939;-0,450634;-5,543951;8,869353;-1,583452;-7,147244;13,14893;-3,569195;-5,176963;12,30337;-5,365777;-4,75708;10,39343;-3,739701;-2,76614;2,707498;-1,083642;-6,639527;6,951353;-2,473521;-7,388879;10,59118;-3,862391;-6,413433;11,07898;-5,57707;-4,893076;9,620159;-6,512733;94,25153;29,14097;-155,4623;161,259;-49,80001;115,9583;-175,1183;-49,80001;115,9583;-155,5743;-49,85573;115,2841;-155,5743;-49,85573;115,2841;93,87156;29,14096;-155,4623;69,77101;30,9433;-172,9664;73,42976;30,25252;-172,6644;77,28947;29,28768;-172,4067;77,2606;29,5144;-172,4655;97,18029;28,51897;-148,607;89,99046;27,81233;-145,3103;93,62933;29,75431;-145,1703;97,62775;31,40058;-144,7659;97,61021;31,18474;-144,7997;100,5977;27,45701;-141,2618;117,3025;29,6782;-145,1252;-138,7367;31,30314;-143,8598;-43,41065;28,34299;-140,9517;-43,30424;28,52855;-140,7282;105,0725;25,29104;-131,05;114,1121;31,02365;-155,3771;179,4957;32,4548;-154,371;-118,5557;31,89374;-149,8585;-118,6407;32,14285;-150,0187;0;0;0;-293,9378;-274,2162;127,1069;-275,8258;-677,8981;524,8887;-75,89619;-946,6111;877,5894;172,9023;-1078,389;1121,1;-171,6181;-252,2913;163,1801;3,878675;-666,1437;644,6896;19,63734;-859,6982;838,2308;22,96561;-976,0779;951,7305;21,30711;-1079,719;1050,647;-13,87388;-222,1828;207,9304;246,1;-616,1533;709,7786;491,254;-839,8816;1039,838;619,931;-975,268;1230,383;721,5912;-1098,451;1396,554;131,2224;-190,3124;245,0624;451,8348;-527,7556;720,73;589,9738;-876,6864;1121,907;448,6922;-968,7637;1144,723;397,2273;-766,1115;925,1672;271,1047;-161,6879;282,8874;637,2303;-412,2636;696,0172;679,7302;-710,9442;1003,983;614,3138;-861,1664;1118,342;509,5872;-853,8666;1062,391;0;0;0;0;0;0;4,032611;-8,125304;-6,686211;6,556392;-13,2122;-10,86616;7,653235;-15,47241;-12,6915;0;0;0;0;0;0;9,540617;-53,17497;18,24188;15,21617;-81,92252;26,30424;20,22385;-105,1083;31,31675;0;0;0;0;0;0;21,87538;-24,7879;0,600815;33,75148;-38,33198;0,080109;43,47324;-49,5243;-1,104355;0;0;0;0;0;0;18,39351;-0,514984;-2,861023;13,4697;-0,394821;-1,716614;5,337238;-0,208855;0,154495;0;0;0;0;0;0;20,05863;-0,658035;0,02861;21,595;-0,7267;0,314713;12,11357;-0,452042;1,253128;12,20208;11,63763;3,691299;3,744464;38,74154;2,592628;23,62265;19,02921;15,15401;-16,40091;3,504646;3,731716;-9,015413;-9,244629;3,571441;3,794573;-8,882568;18,262;103,3227;93,87055;0,065611;19,80718;64,84339;59,48157;2,114182;-1,10673;0,000572;0,000572;-3,12458;10,8807;-0,006695;0,003147;-3,710575;4,212341;0;0;-3,68454;0,268822;-0,000458;0,000916;-5,102835;0,14637;0;0,000916;126,8509;-66,40377;0,034332;0,034332;-187,4748;652,8419;-0,401688;0,188828;-222,6345;252,7405;0;0;-221,0724;16,1293;-0,027466;0,054932;-306,1701;8,782195;0;0,054932
48;768;00:00:00:768;0;0;0;1,399067;4,601579;1,541811;1,272732;8,374444;-1,353551;-0,396213;11,02803;-3,969958;-2,490342;12,45166;-5,79737;0,508469;4,195035;0,936922;-2,385449;11,15926;0,52124;-3,860889;15,77491;2,05202;-4,57478;18,2945;2,731428;-5,080375;20,34631;3,155515;-0,647826;3,669494;0,186342;-4,156857;10,30825;-0,614439;-7,359394;14,94239;-0,590058;-9,019922;17,50194;-0,745012;-10,31336;19,63899;-1,018995;-1,729113;3,183226;-0,436914;-5,531882;8,883667;-1,54495;-7,132639;13,17168;-3,514467;-5,163356;12,33141;-5,31462;-4,744437;10,41517;-3,69572;-2,762639;2,715873;-1,071548;-6,630443;6,970922;-2,442616;-7,378913;10,61578;-3,818703;-6,403621;11,10923;-5,531852;-4,883884;9,653197;-6,472847;93,99553;29,22304;-155,6682;161,1665;-49,98272;115,9242;-175,2109;-49,98269;115,9242;-155,6637;-50,0391;115,2476;-155,6636;-50,03911;115,2476;93,61555;29,22304;-155,6682;69,43587;30,95421;-173,1948;73,09706;30,26494;-172,8882;76,96001;29,3014;-172,624;76,9304;29,52784;-172,6843;96,93876;28,62715;-148,8035;89,71931;27,92945;-145,4841;93,35338;29,872;-145,3545;97,34807;31,51992;-144,9589;97,33107;31,30395;-144,9915;100,3761;27,59144;-141,4452;117,0933;29,78853;-145,269;-138,9465;31,41744;-144,009;-43,60746;28,46627;-141,0853;-43,50085;28,65249;-140,8623;104,8849;25,45821;-131,2114;113,8959;31,09703;-155,5065;179,2776;32,53143;-154,5059;-118,7647;31,98459;-149,9868;-118,8505;32,23322;-150,1483;0;0;0;-294,7195;-273,5902;125,9134;-277,3641;-678,0835;522,7704;-77,989;-947,7924;874,8809;170,495;-1080,425;1118,121;-172,3472;-251,9758;162,1217;1,870595;-666,4708;642,018;16,68034;-859,9792;835,2593;19,47851;-976,3251;948,5999;17,37843;-1079,931;1047,39;-14,53372;-222,2619;207,0467;244,2069;-617,0812;707,3859;488,6932;-841,0558;1036,901;616,9893;-976,5897;1227,146;718,3211;-1099,906;1393,068;130,6291;-190,741;244,3407;450,1679;-529,1605;718,7432;587,9205;-878,7288;1119,037;446,6046;-970,9385;1141,964;395,3447;-767,8813;922,8229;270,5742;-162,4601;282,3212;635,8796;-414,086;694,5461;678,2239;-713,1383;1001,812;612,7001;-863,6042;1116,032;507,9465;-856,3271;1060,32;0;0;0;-46,90647;37,55807;-71,60925;-92,29803;-11,12366;-127,1038;-125,5681;-70,87897;-162,5118;-144,4395;-122,1256;-178,7052;-43,74647;18,92853;-63,50541;-120,4848;-19,62948;-160,3002;-177,4201;-16,86287;-178,2875;-209,2257;-14,83154;-187,8319;-235,7206;-12,72011;-195,3964;-39,59039;-4,743576;-53,02048;-113,5883;-55,67837;-143,5575;-153,6484;-70,45554;-176,2161;-176,5022;-79,30183;-194,1948;-196,2061;-87,26119;-209,1522;-35,59327;-25,71416;-43,30158;-100,0128;-84,28859;-119,216;-123,1985;-122,5433;-172,1992;-125,2613;-130,4855;-165,5159;-112,956;-106,1926;-140,6593;-31,82602;-46,33641;-33,96892;-81,04705;-109,3454;-88,25969;-90,37971;-131,65;-130,2509;-96,82273;-146,2669;-138,5765;-98,43635;-147,6345;-124,2142;12,21425;11,64861;3,693939;3,743893;38,78679;2,568842;23,62266;19,0292;15,15819;-16,45808;3,504702;3,731716;-9,029807;-9,291681;3,571441;3,794573;-8,931006;18,26554;103,3227;93,87057;0;19,80936;64,8434;59,48156;2,714996;-1,427135;0,000458;-0,000572;0,250797;-3,430252;0,003347;0;-0,863628;-2,823143;0;0;-2,906284;0,212402;0;0,001373;-3,936636;0,131149;0,000458;-0,000916;36,04887;-19,22435;-0,006866;-0,068665;202,5226;-858,657;0,602531;-0,188828;170,8168;-422,129;0;0;46,69532;-3,385163;0,027466;0,027466;69,97195;-0,913238;0,027466;-0,109863
49;784;00:00:00:784;0;0;0;1,399067;4,601579;1,541811;1,272732;8,374444;-1,353551;-0,396213;11,02803;-3,969958;-2,490342;12,45166;-5,79737;0,508469;4,195035;0,936922;-2,385449;11,15926;0,52124;-3,860889;15,77491;2,05202;-4,57478;18,2945;2,731428;-5,080375;20,34631;3,155515;-0,647826;3,669494;0,186342;-4,156857;10,30825;-0,614439;-7,359394;14,94239;-0,590058;-9,019922;17,50194;-0,745012;-10,31336;19,63899;-1,018995;-1,729113;3,183226;-0,436914;-5,531882;8,883667;-1,54495;-7,132639;13,17168;-3,514467;-5,163356;12,33141;-5,31462;-4,744437;10,41517;-3,69572;-2,762639;2,715873;-1,071548;-6,630443;6,970922;-2,442616;-7,378913;10,61578;-3,818703;-6,403621;11,10923;-5,531852;-4,883884;9,653197;-6,472847;93,99553;29,22304;-155,6682;161,1665;-49,98272;115,9242;-175,2109;-49,98269;115,9242;-155,6637;-50,0391;115,2476;-155,6636;-50,03911;115,2476;93,61555;29,22304;-155,6682;69,43587;30,95421;-173,1948;73,09706;30,26494;-172,8882;76,96001;29,3014;-172,624;76,9304;29,52784;-172,6843;96,93876;28,62715;-148,8035;89,71931;27,92945;-145,4841;93,35338;29,872;-145,3545;97,34807;31,51992;-144,9589;97,33107;31,30395;-144,9915;100,3761;27,59144;-141,4452;117,0933;29,78853;-145,269;-138,9465;31,41744;-144,009;-43,60746;28,46627;-141,0853;-43,50085;28,65249;-140,8623;104,8849;25,45821;-131,2114;113,8959;31,09703;-155,5065;179,2776;32,53143;-154,5059;-118,7647;31,98459;-149,9868;-118,8505;32,23322;-150,1483;0;0;0;-295,1388;-273,0907;124,7941;-278,1171;-678,1766;520,8963;-78,96062;-948,5916;872,4331;169,418;-1081,819;1115,333;-172,7206;-251,7021;161,0874;0,914544;-666,55;639,1989;15,41506;-859,6895;831,0169;18,0484;-975,8752;943,5827;15,81725;-1079,385;1041,745;-14,84838;-222,2726;206,1222;243,3444;-617,5927;704,7463;487,602;-841,7218;1032,849;615,7786;-977,3819;1222,318;717,017;-1100,839;1387,595;130,3675;-190,9982;243,5176;449,4438;-530,0193;716,433;587,0442;-880,0937;1115,753;445,7881;-972,6207;1138,895;394,5861;-769,1854;920,1841;270,3641;-162,9626;281,5956;635,3345;-415,2602;692,6919;677,6259;-714,6144;999,1911;612,1114;-865,4193;1113,319;507,3951;-858,3094;1057,927;0;0;0;-25,15554;29,97207;-67,15893;-45,18413;-5,584716;-112,4439;-58,29727;-47,95074;-146,8677;-64,6212;-83,62769;-167,3126;-22,40181;16,4237;-62,05701;-57,36306;-4,75502;-169,1465;-75,91724;17,3893;-254,5452;-85,80654;26,99661;-301,0311;-93,67078;32,75299;-338,7508;-18,87971;-0,645161;-55,47094;-51,74875;-30,68733;-158,3748;-65,4745;-39,95704;-243,1583;-72,64137;-47,53303;-289,7186;-78,24897;-55,99022;-328,3424;-15,69986;-15,43379;-49,3884;-43,44749;-51,52988;-138,6051;-52,57988;-81,89391;-197,0215;-48,98357;-100,9312;-184,164;-45,51601;-78,24611;-158,3233;-12,60567;-30,14946;-43,53904;-32,70149;-70,44982;-111,2537;-35,87722;-88,56582;-157,2819;-35,32219;-108,9077;-162,7865;-33,08773;-118,9384;-143,589;12,21425;11,64861;3,693939;3,743893;38,78679;2,568842;23,62266;19,0292;15,15819;-16,45808;3,504702;3,731716;-9,029807;-9,291681;3,571441;3,794573;-8,931006;18,26554;103,3227;93,87057;0;19,80936;64,8434;59,48156;0;0;0;0;0;0;0;0;0;0;0;0;0;0;0;0;0;0;0;0;-162,8998;85,62811;-0,027466;0,034332;-15,04784;205,8151;-0,200844;0;51,8177;169,3885;0;0;174,377;-12,74414;0;-0,082397;236,1982;-7,868957;-0,027466;0,054932
50;800;00:00:00:800;0;0;0;1,400538;4,584054;1,591866;1,26877;8,388684;-1,261377;-0,405028;11,07089;-3,845306;-2,502515;12,51444;-5,65313;0,509007;4,1842;0,983902;-2,387397;11,15192;0,652751;-3,858223;15,75026;2,23905;-4,569869;18,26217;2,948613;-5,073861;20,30917;3,397134;-0,648441;3,666949;0,229352;-4,160534;10,31345;-0,489536;-7,369492;14,94246;-0,405975;-9,033899;17,50125;-0,528444;-10,33086;19,63945;-0,775471;-1,730672;3,187533;-0,397564;-5,536792;8,899213;-1,433898;-7,141388;13,20943;-3,351119;-5,175147;12,39018;-5,164243;-4,753232;10,45548;-3,568249;-2,765167;2,727175;-1,035721;-6,636405;6,996544;-2,351469;-7,391944;10,65498;-3,687063;-6,420034;11,16816;-5,396335;-4,899841;9,724402;-6,355336;93,26463;29,40119;-156,0108;160,875;-50,59676;116,1531;-175,5023;-50,59673;116,1531;-155,944;-50,65531;115,4681;-155,944;-50,65531;115,4681;92,88464;29,40119;-156,0108;68,65981;30,93048;-173,6174;72,32635;30,24484;-173,3;76,19657;29,28446;-173,0211;76,16528;29,51017;-173,0848;96,24136;28,88032;-149,1239;89,03551;28,20645;-145,7251;92,65723;30,15021;-145,622;96,64204;31,80219;-145,2488;96,6265;31,58588;-145,2784;99,72765;27,92099;-141,7321;116,4012;30,08104;-145,6081;-139,6429;31,72298;-144,3673;-44,26464;28,80192;-141,394;-44,15772;28,99038;-141,1727;104,3235;25,88474;-131,4395;113,1956;31,26885;-155,7917;178,5699;32,71359;-154,8101;-119,4491;32,21325;-150,2732;-119,5376;32,46021;-150,4385;0;0;0;-295,1388;-273,0907;124,7941;-278,0786;-678,2539;520,8325;-78,89803;-948,7173;872,3292;169,4911;-1081,966;1115,212;-172,7206;-251,7021;161,0874;0,914544;-666,55;639,1989;15,23445;-859,767;830,9926;17,77057;-975,9947;943,5425;15,46137;-1079,539;1041,689;-14,84838;-222,2726;206,1222;243,3444;-617,5927;704,7463;487,9101;-841,5002;1032,763;616,257;-977,0391;1222,193;717,6377;-1100,396;1387,445;130,3675;-190,9982;243,5176;449,4438;-530,0193;716,433;586,9916;-880,0922;1115,762;445,7496;-972,6195;1138,9;394,5708;-769,1849;920,1838;270,3641;-162,9626;281,5956;635,3345;-415,2602;692,6919;677,9164;-714,6239;999,1909;612,4242;-865,4297;1113,323;507,5706;-858,3162;1057,945;0;0;0;0;0;0;2,310276;-4,640579;-3,828048;3,755807;-7,541656;-6,231308;4,385232;-8,829116;-7,266997;0;0;0;0;0;0;-10,83612;-4,652023;-1,459122;-16,66993;-7,169723;-2,414703;-21,35306;-9,195327;-3,330231;0;0;0;0;0;0;18,48507;13,29803;-5,115509;28,7075;20,56503;-7,455825;37,24193;26,57318;-9,017943;0;0;0;0;0;0;-3,152847;0,091553;0,497818;-2,314567;0,068665;0,291824;-0,915527;0,031471;-0,022888;0;0;0;0;0;0;17,42649;-0,569344;-0,011444;18,76831;-0,623703;0,217438;10,52856;-0,400543;1,052856;12,21789;11,65505;3,694834;3,744943;38,80692;2,558238;23,62266;19,0292;15,19363;-16,44501;3,504702;3,731611;-9,085083;-9,331572;3,571441;3,794573;-8,920463;18,26477;103,3227;93,87057;-0,079129;19,81154;64,84339;59,48156;1,208038;-0,636249;0;0;2,126598;0,784264;0;-0,006294;-3,316555;-2,393417;0;0;0,632629;-0,045776;0;0;-4,747762;0,130577;-0,000458;0;72,48229;-38,17491;0;0;127,5959;47,05581;0;-0,377655;-198,9933;-143,605;0;0;37,95776;-2,746582;0;0;-284,8657;7,834625;-0,027466;0
51;816;00:00:00:816;0;0;0;1,399252;4,580357;1,603599;1,263795;8,392821;-1,238998;-0,412954;11,08133;-3,814447;-2,512286;12,52882;-5,616973;0,507542;4,181732;0,995089;-2,392522;11,1489;0,684888;-3,857131;15,7485;2,273296;-4,565436;18,26103;2,98398;-5,066752;20,30849;3,433385;-0,650117;3,665982;0,239835;-4,165952;10,31269;-0,458604;-7,378326;14,93904;-0,360413;-9,044734;17,49689;-0,474864;-10,34346;19,63479;-0,715253;-1,732498;3,187753;-0,387728;-5,542092;8,900367;-1,406001;-7,154687;13,21185;-3,313658;-5,18796;12,39954;-5,129375;-4,762104;10,46228;-3,537536;-2,76716;2,728637;-1,026509;-6,64133;6,99968;-2,32812;-7,400194;10,6611;-3,653638;-6,429652;11,17945;-5,362128;-4,909029;9,739266;-6,325825;93,08282;29,43276;-156,0717;160,8141;-50,75489;116,2294;-175,5632;-50,75488;116,2293;-156,002;-50,81392;115,5422;-156,002;-50,81392;115,5422;92,70284;29,43276;-156,0717;68,63434;30,91207;-173,7008;72,30095;30,22654;-173,3831;76,17131;29,26627;-173,1038;76,13998;29,49195;-173,1676;96,0661;28,93066;-149,1801;88,866;28,26309;-145,7622;92,48459;30,20712;-145,6657;96,46682;31,86005;-145,2981;96,45166;31,64368;-145,327;99,56274;27,99067;-141,7809;116,2719;30,1249;-145,5786;-139,7732;31,76923;-144,3415;-44,38826;28,85388;-141,3592;-44,28132;29,04275;-141,1383;104,178;25,97933;-131,4746;113,0184;31,29962;-155,8441;178,3906;32,74693;-154,8674;-119,6238;32,25843;-150,3267;-119,7129;32,50497;-150,493;0;0;0;-295,2271;-272,0392;121,7908;-277,8435;-679,1031;515,3063;-78,37335;-951,28;864,8572;170,2165;-1085,723;1106,566;-172,7528;-251,052;158,2686;1,031399;-666,1097;631,3082;14,91775;-859,1543;819,9841;17,24229;-975,3889;930,8104;14,78147;-1079,022;1027,535;-14,8115;-222,1199;203,5416;243,565;-617,9048;697,2522;488,5917;-841,4678;1021,7;617,2132;-976,9415;1209,172;718,8399;-1100,351;1372,801;130,461;-191,2567;241,1566;449,7384;-530,952;709,7699;587,9045;-882,3683;1105,9;446,7411;-976,1543;1129,841;395,2111;-771,6077;912,5385;270,5158;-163,6408;279,446;635,6923;-416,7975;687,223;678,7507;-716,9775;991,2926;613,4655;-868,9674;1105,193;508,5596;-862,5897;1050,897;0;0;0;-5,297184;63,08984;-180,1987;14,10484;-50,95482;-331,5696;31,48055;-153,7628;-448,3223;43,52689;-225,4143;-518,7721;-1,936912;39,00718;-169,1265;7,011294;26,41869;-473,4392;-19,00211;36,75842;-660,5129;-31,697;36,34643;-763,9274;-40,79371;30,99632;-849,2145;2,212822;9,165286;-154,8328;13,23652;-18,73112;-449,6498;40,89832;1,939773;-663,7802;57,36922;5,859375;-781,248;72,13496;2,706527;-878,6487;5,612611;-15,50531;-141,6621;17,6754;-55,96447;-399,7879;54,77142;-136,5681;-591,7224;59,49496;-212,0876;-543,5657;38,41781;-145,3628;-458,7192;9,100913;-40,68732;-128,9763;21,46339;-92,23651;-328,1307;50,05646;-141,2172;-473,8998;62,47615;-212,265;-487,8215;59,34333;-256,4106;-422,8535;12,20481;11,65542;3,695451;3,745462;38,80555;2,55896;23,62264;19,02921;15,20703;-16,27235;3,504702;3,731716;-9,098591;-9,338225;3,571441;3,794573;-8,998223;18,27048;103,3227;93,87055;-0,092787;19,81193;64,84339;59,48155;-0,082169;0,043302;-0,00103;0,000572;0,804176;10,35919;0;0,006294;-0,810471;-0,399227;0;0;-4,665641;0,342636;0,000458;-0,001373;-0,819483;0,023575;0;-0,000458;-77,4124;40,773;-0,061798;0,034332;-79,34532;574,4956;0;0,75531;150,3651;119,6514;0;0;-317,8962;23,30474;0,027466;-0,082397;235,6967;-6,420135;0,027466;-0,027466
52;832;00:00:00:832;0;0;0;1,396608;4,573737;1,624657;1,254297;8,399578;-1,199573;-0,427979;11,09882;-3,760148;-2,530791;12,553;-5,55321;0,504577;4,177248;1,015224;-2,402741;11,14297;0,742991;-3,869227;15,7331;2,35687;-4,578748;18,24134;3,08136;-5,081214;20,28604;3,541924;-0,65346;3,664098;0,25878;-4,176689;10,31069;-0,402552;-7,39118;14,93523;-0,289927;-9,058764;17,49267;-0,396402;-10,35848;19,6307;-0,630131;-1,736107;3,187911;-0,369876;-5,552547;8,90171;-1,355326;-7,172481;13,22042;-3,240262;-5,206879;12,41926;-5,06214;-4,776879;10,47484;-3,480177;-2,771066;2,730939;-1,009712;-6,65099;7,004527;-2,285571;-7,416796;10,67093;-3,593194;-6,44893;11,19868;-5,300321;-4,927227;9,765282;-6,272388;92,75304;29,48616;-156,177;160,7212;-51,03047;116,3527;-175,6561;-51,03045;116,3527;-156,0897;-51,09016;115,6616;-156,0897;-51,09016;115,6616;92,37306;29,48616;-156,177;68,28326;30,87525;-173,8335;71,9521;30,19142;-173,5111;75,82557;29,23264;-173,2251;75,79352;29,45798;-173,2905;95,74757;29,01814;-149,2776;88,69811;28,36058;-145,8156;92,31366;30,30485;-145,7256;96,29364;31,95872;-145,3634;96,27882;31,74228;-145,3915;99,26239;28,11335;-141,8653;115,9644;30,22697;-145,6647;-140,0834;31,877;-144,4366;-44,68251;28,97525;-141,433;-44,57558;29,16513;-141,2129;103,9121;26,14751;-131,5346;112,7032;31,3507;-155,9222;178,0714;32,80258;-154,9544;-119,9351;32,33516;-150,4072;-120,0253;32,58092;-150,5753;0;0;0;-295,1499;-271,8173;121,0868;-277,5245;-679,3925;513,9296;-77,86443;-951,9735;862,9503;170,8417;-1086,664;1104,332;-172,6649;-250,9039;157,5974;1,338892;-665,9283;629,38;14,78762;-859,0201;817,9041;16,87639;-975,2772;928,6505;14,22626;-1078,926;1025,313;-14,71093;-222,0619;202,9127;243,89;-617,859;695,3963;489,3319;-841,9876;1019,051;618,1845;-977,8015;1206,064;720,0061;-1101,52;1369,29;130,5706;-191,2699;240,5664;450,0564;-531,0212;708,0961;588,7712;-882,5151;1103,641;447,5603;-976,7174;1127,742;395,7634;-772,0164;910,6961;270,6355;-163,7285;278,8932;635,9877;-416,9856;685,8221;679,3811;-717,3488;989,2867;614,1884;-869,6493;1103,142;509,1927;-863,4846;1049,135;0;0;0;4,631996;13,31091;-42,238;19,14024;-17,36355;-82,60631;30,53498;-41,61071;-114,4123;37,51302;-56,47659;-134,0332;5,275011;8,883475;-40,27176;18,44957;10,88333;-115,6912;-7,807909;8,050918;-124,7978;-21,95388;6,706238;-129,5929;-33,31294;5,767822;-133,3465;6,034255;3,480434;-37,73832;19,50216;2,749443;-111,3539;44,40879;-31,18515;-158,9298;58,27903;-51,60141;-186,5101;69,96917;-70,12366;-210,64;6,576777;-0,791788;-35,41088;19,08016;-4,154205;-100,4305;51,99909;-8,81195;-135,5152;49,14665;-33,78296;-125,925;33,13779;-24,52183;-110,5385;7,178306;-5,261421;-33,16354;17,72976;-11,2896;-84,05971;37,82558;-22,27878;-120,3518;43,3731;-40,91262;-123,0583;37,9858;-53,69568;-105,7549;12,20762;11,64488;3,696098;3,745864;38,81627;2,553353;23,62264;19,0292;15,22092;-16,27895;3,504702;3,731664;-9,131617;-9,213092;3,571441;3,794573;-9,011991;18,2715;103,3227;93,87057;-0,126669;19,81296;64,84338;59,48157;0,643387;-0,336399;0;-0,000572;0,83313;-0,395622;0;-0,003147;-1,981544;7,50801;0;0;-0,826035;0,060768;-0,000458;0,001373;-2,032884;0,061684;-0,000916;0,001373;43,53332;-22,78204;0,061798;-0,068665;1,737213;-645,2888;0;-0,566483;-70,26443;474,4342;0;0;230,3764;-16,91208;-0,054932;0,164795;-72,80405;2,286529;-0,054932;0,109863
53;848;00:00:00:848;0;0;0;1,397091;4,568354;1,639324;1,246939;8,403669;-1,171619;-0,442124;11,11085;-3,719311;-2,549504;12,5702;-5,502783;0,504024;4,173633;1,030261;-2,408384;11,13845;0,791078;-3,881449;15,71672;2,432381;-4,594918;18,21953;3,171654;-5,100896;20,26065;3,644101;-0,655286;3,662643;0,274302;-4,184222;10,30942;-0,353901;-7,409899;14,92524;-0,208174;-9,084197;17,47898;-0,296682;-10,38998;19,61486;-0,515682;-1,738956;3,188173;-0,353887;-5,561189;8,903222;-1,309183;-7,190017;13,22668;-3,175475;-5,227231;12,43428;-5,004206;-4,791719;10,48477;-3,430031;-2,774976;2,732993;-0,993284;-6,660375;7,00892;-2,244406;-7,436162;10,67768;-3,539461;-6,472667;11,21256;-5,246841;-4,94993;9,785214;-6,226166;92,46435;29,46389;-156,2817;160,7653;-51,26054;116,3423;-175,6121;-51,26051;116,3423;-156,0412;-51,31987;115,6477;-156,0412;-51,31989;115,6477;92,08437;29,46389;-156,2817;67,91808;30,77981;-173,8928;71,58883;30,09776;-173,5657;75,46523;29,14058;-173,273;75,43251;29,36555;-173,34;95,45918;29,02623;-149,3801;88,31517;28,37362;-145,8538;91,92336;30,31838;-145,7789;95,89656;31,97434;-145,4299;95,88267;31,75773;-145,4563;98,98;28,15391;-141,9611;115,6936;30,24419;-145,7342;-140,3585;31,89922;-144,515;-44,94784;29,00971;-141,4947;-44,84124;29,20047;-141,2756;103,6473;26,2321;-131,6141;112,4653;31,32054;-155,9291;177,8292;32,77586;-154,9688;-120,1778;32,32466;-150,4203;-120,2686;32,56982;-150,5895;0;0;0;-294,9913;-271,4202;119,8233;-276,9049;-679,8977;511,4816;-76,88209;-953,1852;859,5584;172,0464;-1088,305;1100,349;-172,4871;-250,6349;156,3893;1,952022;-665,5731;625,8939;15,75167;-857,51;812,7801;18,03705;-973,1926;922,6589;15,5514;-1076,42;1018,637;-14,51034;-221,9488;201,7759;244,5343;-617,7388;692,0331;490,3864;-841,0241;1014,657;619,4692;-976,4109;1201,125;721,4862;-1099,805;1363,92;130,7871;-191,2793;239,4953;450,6837;-531,1018;705,0556;590,0123;-883,0346;1099,21;448,8224;-977,9044;1123,691;396,7003;-772,7721;907,2557;270,8698;-163,8666;277,8854;636,5674;-417,2765;683,2692;680,748;-717,9508;985,6591;615,7442;-870,8164;1099,437;510,5087;-865,054;1045,95;0;0;0;9,515761;23,82946;-75,80995;37,17756;-30,30967;-146,8792;58,94064;-72,69859;-203,516;72,28088;-98,43635;-238,9469;10,67233;16,14189;-72,48687;36,78783;21,31748;-209,1722;57,84317;90,60859;-307,4398;69,63953;125,0725;-359,4932;79,50863;150,3696;-400,5432;12,03507;6,782055;-68,20392;38,65385;7,212638;-201,7879;63,27151;57,80982;-263,6776;77,08453;83,43314;-296,3161;88,80614;102,8595;-322,2484;12,98976;-0,568628;-64,26572;37,63675;-4,832267;-182,4274;74,4667;-31,16798;-265,8748;75,72841;-71,2223;-243,0553;56,21195;-45,34435;-206,4228;14,0605;-8,287667;-60,47057;34,77573;-17,45224;-153,1734;82,01694;-36,12041;-217,6609;93,35231;-70,02639;-222,2843;78,9585;-94,16198;-191,0591;12,21958;11,66068;3,69768;3,747195;38,84227;2,539553;23,62266;19,0292;15,18468;-16,39396;3,504702;3,731611;-9,185343;-9,342181;3,571441;3,794573;-9,046742;18,27406;103,3227;93,87056;-0,220287;19,81579;64,8434;59,48156;1,560058;-0,828037;0,00103;0;-2,174549;-6,900901;0;-0,003147;-3,223572;-7,745361;0;0;-2,085114;0,15358;0,000458;-0,000916;-5,617089;0,169945;0,001373;-0,000916;55,0003;-29,49829;0,061798;0,034332;-180,4607;-390,3167;0;0;-74,52163;-915,2022;0;0;-75,54474;5,568694;0,054932;-0,137329;-215,0523;6,495666;0,137329;-0,137329
54;864;00:00:00:864;0;0;0;1,398407;4,566134;1,64438;1,240567;8,410076;-1,154333;-0,454659;11,12345;-3,69132;-2,565899;12,58618;-5,467451;0,504477;4,172127;1,03612;-2,410315;11,13647;0,812744;-3,8839;15,7119;2,461509;-4,597896;18,21338;3,204721;-5,104501;20,25363;3,680268;-0,655898;3,662009;0,281207;-4,18775;10,30876;-0,330707;-7,419496;14,92004;-0,17588;-9,097398;17,47157;-0,259513;-10,40641;19,60588;-0,474571;-1,740439;3,18823;-0,346;-5,565844;8,903688;-1,286025;-7,203268;13,22669;-3,145859;-5,242071;12,43869;-4,97819;-4,801615;10,48829;-3,406493;-2,777353;2,733771;-0,98446;-6,665985;7,010564;-2,22251;-7,445896;10,68073;-3,51111;-6,485377;11,21859;-5,219231;-4,963357;9,793521;-6,202971;92,32564;29,41648;-156,3333;160,7452;-51,45469;116,4179;-175,6321;-51,45465;116,4179;-156,0575;-51,51416;115,7203;-156,0575;-51,51416;115,7203;91,94566;29,41648;-156,3333;67,83173;30,69991;-173,899;71,50256;30,01828;-173,571;75,37931;29,06146;-173,2769;75,34651;29,28636;-173,3442;95,31554;28,99368;-149,4332;88,21054;28,33521;-145,8254;91,81667;30,28008;-145,7546;95,78773;31,93659;-145,4094;95,77411;31,71994;-145,4353;98,83395;28,13786;-142,0134;115,5876;30,2058;-145,7095;-140,4673;31,86279;-144,4945;-45,05555;28,97821;-141,4689;-44,94931;29,16934;-141,2502;103,5028;26,23945;-131,6614;112,3352;31,27207;-155,9639;177,696;32,72924;-155,008;-120,3143;32,28709;-150,4604;-120,4053;32,53191;-150,6302;0;0;0;-295,0202;-271,0972;118,9433;-276,6244;-679,8198;510,0712;-76,29513;-953,3812;857,5421;172,8636;-1088,721;1097,83;-172,4538;-250,418;155,4871;2,290606;-665,3014;623,0086;16,63403;-856,5936;808,3079;19,23779;-971,9856;917,3293;17,02928;-1075,027;1012,617;-14,40082;-221,8616;200,8446;244,9863;-617,6626;689,1141;491,9202;-840,4336;1009,687;621,6314;-975,6031;1195,041;724,199;-1098,873;1356,922;130,9581;-191,295;238,536;451,2022;-531,1926;702,287;591,4259;-883,4203;1095,265;450,3083;-978,8135;1120,18;397,6956;-773,3723;904,2493;271,1044;-163,9898;276,8997;637,1304;-417,54;680,7993;681,9861;-718,3586;982,4346;617,2504;-871,6521;1096,229;511,9167;-866,2516;1043,181;0;0;0;-1,736641;19,37914;-52,80232;16,8314;4,67205;-84,62333;35,2174;-11,76453;-120,9812;49,03364;-24,97673;-151,1421;1,992702;13,01622;-54,1327;20,31505;16,30211;-173,1119;52,94144;54,98314;-268,3296;72,04413;72,41821;-319,7765;88,67249;83,55903;-361,2385;6,571412;5,237102;-55,87864;27,11964;4,571914;-175,1432;92,03052;35,4309;-298,2101;129,7274;48,47145;-365,0493;162,7693;55,933;-419,8837;10,2582;-0,942707;-57,55805;31,11076;-5,444526;-166,1167;84,81788;-23,14567;-236,7038;89,15233;-54,54254;-210,6514;59,71955;-36,01169;-180,3875;14,07623;-7,393598;-59,1402;33,78582;-15,81287;-148,1924;74,28645;-24,47033;-193,4624;90,37112;-50,14229;-192,4839;84,48314;-71,86317;-166,1281;12,20308;11,64812;3,694199;3,753361;38,75808;2,584025;23,62266;19,0292;15,1526;-16,37845;3,504702;3,731664;-9,257481;-9,342476;3,571496;3,794625;-9,119235;18,27942;103,3227;93,87056;-0,239848;19,81638;64,84339;59,48155;-5,051422;2,668361;0;0;-1,924896;0,930405;0;0,003147;-4,32827;-0,017681;0,00329;0,003104;-4,349556;0,321465;0;0;-1,173681;0,035019;-0,000458;-0,000458;-396,6888;209,7839;-0,061798;0;14,97918;469,8783;0;0,377655;-66,2819;463,6608;0,197411;0,186253;-135,8665;10,07309;-0,027466;0,054932;266,6045;-8,09555;-0,109863;0,027466
55;880;00:00:00:880;0;0;0;1,400314;4,564021;1,648616;1,234078;8,406592;-1,151491;-0,469101;11,11944;-3,683714;-2,586101;12,58222;-5,452928;0,504747;4,170519;1,042439;-2,415752;11,13315;0,84151;-3,88865;15,71006;2,486785;-4,602694;18,21217;3,227845;-5,109687;20,25277;3,701435;-0,657642;3,660992;0,290233;-4,1962;10,30632;-0,297883;-7,440581;14,90836;-0,132589;-9,125936;17,45514;-0,210731;-10,44157;19,58581;-0,42145;-1,743821;3,187615;-0,334438;-5,576296;8,902066;-1,251502;-7,231201;13,2216;-3,103894;-5,273057;12,44027;-4,942338;-4,822613;10,49014;-3,373147;-2,782423;2,733615;-0,970477;-6,678032;7,009923;-2,188097;-7,472952;10,67825;-3,472739;-6,518919;11,2199;-5,183296;-4,995259;9,800023;-6,171995;92,12796;29,29401;-156,3887;161,0656;-51,52022;116,1409;-175,3117;-51,5202;116,1409;-155,7354;-51,57729;115,4419;-155,7354;-51,57728;115,4419;91,74799;29,29401;-156,3887;67,92014;30,53752;-173,8074;71,5893;29,85546;-173,4811;75,46427;28,89828;-173,1892;75,43189;29,12324;-173,256;95,10327;28,89279;-149,4945;88,09164;28,21814;-145,7192;91,69533;30,16313;-145,6531;95,66342;31,82028;-145,3125;95,65016;31,60358;-145,3378;98,61037;28,06179;-142,0773;115,4459;30,09055;-145,6195;-140,6143;31,75015;-144,4108;-45,20484;28,87233;-141,3799;-45,09933;29,06394;-141,162;103,2713;26,20005;-131,7222;112,2292;31,13602;-155,8409;177,5857;32,59471;-154,8898;-120,4363;32,16033;-150,3476;-120,5273;32,40485;-150,5179;0;0;0;-295,0992;-270,964;118,6399;-275,989;-680,712;508,6146;-75,13167;-954,9629;855,1807;174,3276;-1090,646;1094,914;-172,481;-250,3276;155,1355;2,406478;-665,1827;621,7087;17,21556;-857,2048;806,9362;20,09493;-973,0046;915,8946;18,1284;-1076,386;1011,111;-14,36409;-221,8235;200,4303;245,1979;-617,6229;687,7225;493,355;-840,2295;1007,627;623,7532;-975,326;1192,617;726,9044;-1098,551;1354,199;131,0471;-191,2985;238,0627;451,4815;-531,2205;700,8975;592,9242;-883,4399;1093,374;451,7137;-979,093;1118,55;398,4935;-773,5909;902,8416;271,247;-164,0365;276,3703;637,4671;-417,6387;679,4855;683,2064;-718,562;980,73;618,6981;-872,0367;1094,577;513,1069;-866,7645;1041,826;0;0;0;-4,737854;7,993697;-18,19968;38,12027;-53,52974;-87,3928;69,80788;-94,90012;-141,6836;87,8384;-115,5166;-174,963;-1,629353;5,418777;-21,09361;6,952286;7,118225;-77,9972;34,89151;-36,67259;-82,3059;51,42868;-61,14005;-86,08245;65,94746;-81,53342;-90,35682;2,203434;2,280235;-24,858;12,70008;2,380371;-83,49895;86,08817;12,24518;-123,6076;127,3069;16,62254;-145,4372;162,323;19,35768;-163,3644;5,338668;-0,205278;-28,39422;16,75987;-1,67942;-83,3702;89,89619;-1,173019;-113,4338;84,32292;-16,77131;-97,81264;47,87635;-13,11779;-84,46311;8,557319;-2,801656;-31,76593;20,19882;-5,919456;-78,82404;73,21357;-12,1994;-102,2816;86,86351;-23,07701;-99,12299;71,40826;-30,76744;-81,30454;12,20689;11,6651;3,701927;3,749894;38,89033;2,514226;23,62266;19,0292;15,04399;-16,19059;3,504646;3,731664;-9,407885;-9,327569;3,571441;3,794573;-9,26024;18,28992;103,3227;93,87057;-0,400074;19,82136;64,8434;59,48154;7,934646;-4,187937;0;0;-6,516609;11,27174;-0,003347;0;-9,024239;0,894413;-0,00329;-0,003104;-8,460274;0,630226;0;0,000916;-9,613536;0,299149;0,000458;-0,000229;779,164;-411,3779;0;0;-275,5027;620,4803;-0,200844;-0,188828;-281,7581;54,72564;-0,394821;-0,372505;-246,6431;18,52569;0;0,054932;-506,3913;15,84778;0,054932;0,013733
56;896;00:00:00:896;0;0;0;1,399505;4,564847;1,647017;1,227065;8,406885;-1,153448;-0,48129;11,11837;-3,683639;-2,601662;12,57967;-5,450036;0,503363;4,170783;1,042058;-2,422149;11,13144;0,845738;-3,901678;15,70531;2,49352;-4,619557;18,20595;3,235827;-5,129857;20,24552;3,710332;-0,659727;3,660522;0,291433;-4,20362;10,30349;-0,291237;-7,454876;14,90064;-0,12534;-9,14423;17,44479;-0,203276;-10,46338;19,57329;-0,413927;-1,746453;3,186454;-0,331761;-5,584089;8,898367;-1,243042;-7,248724;13,21403;-3,095743;-5,291526;12,43505;-4,936193;-4,835777;10,48656;-3,366495;-2,785631;2,731796;-0,966387;-6,68584;7,005546;-2,178247;-7,486836;10,67263;-3,462679;-6,535705;11,21502;-5,174615;-5,011652;9,796741;-6,164996;92,08666;29,22264;-156,37;161,1909;-51,54845;116,0753;-175,1865;-51,54842;116,0753;-155,6095;-51,60455;115,3756;-155,6095;-51,60453;115,3757;91,70668;29,22264;-156,37;67,90279;30,46217;-173,7057;71,57156;29,7802;-173,3794;75,44627;28,82308;-173,0873;75,41394;29,04804;-173,1541;95,05266;28,82625;-149,4799;88,08604;28,14254;-145,6338;91,68951;30,08755;-145,568;95,65699;31,74474;-145,2279;95,64378;31,52803;-145,2531;98,55084;28,00153;-142,0663;115,4294;30,01394;-145,5292;-140,633;31,67385;-144,3221;-45,2276;28,79697;-141,2924;-45,12246;28,98866;-141,0747;103,2016;26,15023;-131,714;112,2071;31,0618;-155,7838;177,5617;32,52082;-154,8341;-120,467;32,08826;-150,2954;-120,5577;32,33271;-150,4657;0;0;0;-295,2136;-270,8372;118,3858;-275,5753;-680,5519;508,4036;-74,22543;-954,8018;854,6583;175,5862;-1090,502;1093,966;-172,4973;-250,2311;154,7564;2,732701;-664,9838;619,9828;17,81657;-856,9095;805,4478;20,86852;-972,6471;914,5569;19,06112;-1075,969;1009,913;-14,25942;-221,7625;199,8887;245,7049;-617,4767;685,753;494,9921;-839,6165;1004,982;626,041;-974,4761;1189,614;729,7584;-1097,522;1350,908;131,25;-191,2616;237,369;452,1087;-531,1232;698,8262;594,9495;-883,1447;1090,799;453,8286;-979,1954;1116,364;399,8549;-773,7057;900,8428;271,5512;-164,0271;275,5313;638,1899;-417,6003;677,4207;684,9672;-718,4178;978,4268;620,8586;-872,12;1092,421;515,1041;-867,1577;1039,976;0;0;0;-6,865025;7,604598;-15,24854;24,82509;9,607314;-12,66289;54,37446;9,670257;-31,33964;75,51169;8,657454;-56,90002;-0,975609;5,789279;-22,74942;19,57342;11,93905;-103,5547;36,06096;17,72117;-89,30396;46,41562;21,45195;-80,26313;55,96295;24,98817;-71,84028;6,280393;3,663539;-32,49549;30,41982;8,771895;-118,166;98,22177;36,78131;-158,678;137,269;50,99487;-180,1758;171,2408;61,73515;-197,4163;12,1758;2,214432;-41,62216;37,62817;5,839347;-124,28;121,5162;17,71545;-154,5009;126,8949;-6,145477;-131,155;81,6822;-6,892204;-119,9226;18,25046;0,562191;-50,3397;43,36738;2,305984;-123,8909;105,6519;8,651732;-138,1874;129,6329;-4,995346;-129,3239;119,8339;-23,59199;-111,0363;12,20939;11,66532;3,703176;3,750192;38,90309;2,507464;23,62267;19,0292;14,98308;-16,22344;3,504646;3,731664;-9,472806;-9,314033;3,571387;3,794573;-9,330287;18,29516;103,3227;93,87057;-0,434312;19,82244;64,84338;59,48156;0,765839;-0,40575;0,00103;0;-3,654384;-1,97113;0;0;-3,895283;0,812187;-0,00329;0;-4,202843;0,314598;0;-0,000458;-2,054309;0,064659;-0,000916;0,001144;-430,1284;226,9312;0,061798;0;171,7334;-794,5723;0,200844;0;307,7373;-4,933547;0;0,186253;255,4458;-18,93768;0;-0,082397;453,5536;-14,06936;-0,082397;0,082397
57;912;00:00:00:912;0;0;0;1,391682;4,56982;1,639835;1,206951;8,407937;-1,165219;-0,51086;11,11252;-3,696386;-2,636897;12,56701;-5,461595;0,495569;4,173079;1,036586;-2,445647;11,12701;0,836423;-3,934739;15,70166;2,47336;-4,658032;18,20253;3,209631;-5,172897;20,24211;3,67913;-0,667436;3,659381;0,288178;-4,22687;10,2938;-0,297103;-7,492528;14,88094;-0,136855;-9,190038;17,41955;-0,218037;-10,51617;19,54343;-0,431509;-1,75398;3,182193;-0,332948;-5,605549;8,884537;-1,245363;-7,280966;13,19533;-3,099686;-5,324983;12,41829;-4,942247;-4,863301;10,47214;-3,371388;-2,793036;2,724505;-0,965595;-6,70441;6,98821;-2,176857;-7,516916;10,65131;-3,465393;-6,569521;11,19383;-5,179363;-5,043005;9,778218;-6,169776;92,11839;29,1227;-156,2274;161,3599;-51,5194;116,0668;-175,0175;-51,51937;116,0668;-155,4408;-51,57421;115,3673;-155,4408;-51,57421;115,3673;91,7384;29,1227;-156,2274;68,07558;30,37848;-173,4745;71,74263;29,69565;-173,1509;75,61524;28,73779;-172,8623;75,58339;28,96292;-172,9283;95,07035;28,72371;-149,3444;88,15324;28,02543;-145,4203;91,75784;29,97036;-145,3519;95,72569;31,62719;-145,0099;95,71239;31,41051;-145,0354;98,55328;27,89785;-141,9381;115,4261;29,91493;-145,4234;-140,6388;31,57492;-144,2176;-45,23918;28,69846;-141,1904;-45,13448;28,89019;-140,9731;103,1833;26,04785;-131,595;112,2565;30,95876;-155,6053;177,6098;32,41709;-154,6552;-120,4289;31,98166;-150,1221;-120,5192;32,2262;-150,292;0;0;0;-295,1651;-270,8867;118,4817;-275,1422;-680,5942;508,5005;-73,47392;-954,7777;854,6205;176,5433;-1090,396;1093,753;-172,4142;-250,2469;154,7792;3,116503;-664,8812;619,7291;18,85959;-857,0013;805,2202;22,28687;-972,8542;914,3375;20,79816;-1076,278;1009,696;-14,13433;-221,7343;199,8167;246,1502;-617,3068;685,3543;496,2712;-839,2617;1004,495;627,7907;-974,022;1189,082;731,9095;-1096,986;1350,342;131,4079;-191,1919;237,2084;452,5762;-530,9013;698,3186;595,8861;-882,6871;1090,329;454,8528;-978,88;1116,007;400,6114;-773,4901;900,4431;271,7437;-163,918;275,2859;638,6584;-417,3376;676,8298;685,9216;-718,0844;977,8221;621,9963;-871,8317;1091,901;516,1609;-866,9635;1039,563;0;0;0;2,913952;-2,971172;5,756378;25,98953;-2,537727;5,813598;45,09008;1,441955;-2,271652;57,42788;6,334305;-12,74872;4,985332;-0,946999;1,37186;23,0281;6,15406;-15,2235;62,5813;-5,51033;-13,65852;85,10112;-12,42828;-13,16643;104,2226;-18,5337;-13,06915;7,505804;1,692295;-4,319429;26,7148;10,19955;-23,92387;76,74979;21,28601;-29,24537;104,9852;27,24838;-31,9519;129,0665;32,12928;-34,00039;9,474992;4,179954;-9,637355;28,05233;13,3152;-30,45559;56,19907;27,45438;-28,22113;61,4519;18,9228;-21,42906;45,39013;12,93755;-23,98681;11,54995;6,548166;-14,72282;28,10955;15,75851;-35,45665;57,26337;20,00713;-36,28349;68,26114;17,29774;-31,21376;63,41171;11,65008;-24,79362;12,2021;11,66426;3,703288;3,750767;38,90953;2,504011;23,62266;19,0292;14,92146;-16,1439;3,504646;3,731716;-9,546311;-9,297158;3,571441;3,794573;-9,307278;18,29344;103,3227;93,87055;-0,465202;19,82343;64,84338;59,48156;0,386581;-0,207167;-0,00103;0;-3,696899;4,772758;0;0,003147;-4,410324;1,012459;0,00329;0;1,380558;-0,103111;0;-0,000916;-1,853367;0,059166;0;-0,000458;-22,75543;11,91501;-0,123596;0;-2,550888;404,6333;0;0,188828;-30,90249;12,0163;0,394821;0;335,004;-25,06256;0;-0,027466;12,05653;-0,32959;0,054932;-0,09613
58;928;00:00:00:928;0;0;0;1,386346;4,571764;1,638937;1,199206;8,408628;-1,167671;-0,520039;11,11057;-3,700687;-2,646654;12,56231;-5,467463;0,49092;4,173924;1,035392;-2,457112;11,12486;0,831422;-3,950485;15,69852;2,467233;-4,676048;18,1989;3,202932;-5,192707;20,23812;3,671992;-0,671213;3,658815;0,286599;-4,236956;10,28949;-0,302678;-7,504605;14,87525;-0,143351;-9,203155;17,41314;-0,225002;-10,5301;19,53648;-0,438833;-1,756982;3,180333;-0,334887;-5,613778;8,878532;-1,251118;-7,290705;13,18832;-3,106414;-5,333544;12,4122;-4,948112;-4,871485;10,46639;-3,376936;-2,795276;2,721396;-0,967878;-6,710301;6,980793;-2,182492;-7,524716;10,64315;-3,471942;-6,576942;11,18604;-5,185585;-5,049039;9,771311;-6,175117;92,15176;29,14006;-156,1543;161,336;-51,48777;116,1413;-175,0413;-51,48775;116,1413;-155,4653;-51,54277;115,4424;-155,4653;-51,54277;115,4424;91,77178;29,14006;-156,1543;68,08572;30,40273;-173,4247;71,75285;29,71985;-173,1011;75,62551;28,76194;-172,8127;75,59364;28,98708;-172,8786;95,10573;28,73746;-149,2704;88,16353;28,04462;-145,3913;91,76836;29,98954;-145,3225;95,73652;31,64631;-144,9801;95,72318;31,42964;-145,0056;98,5901;27,90748;-141,8639;115,4452;29,93245;-145,3835;-140,6189;31,59209;-144,1769;-45,21887;28,71471;-141,1504;-45,11407;28,90638;-140,9329;103,2208;26,05149;-131,5216;112,2778;30,97781;-155,5557;177,6319;32,43584;-154,6048;-120,4053;31,99887;-150,071;-120,4956;32,24347;-150,2408;0;0;0;-294,6957;-271,1852;118,9126;-273,9313;-680,6654;509,2;-71,6931;-954,4403;855,3743;178,6651;-1089,652;1094,434;-171,9466;-250,3847;155,1076;4,526429;-664,615;620,288;20,7601;-856,7499;806,399;24,46682;-972,5988;915,8629;23,21505;-1076,01;1011,51;-13,67177;-221,6659;200,0121;247,5451;-616,7257;685,7062;498,3;-838,0536;1005,22;630,1826;-972,4673;1190,021;734,616;-1095,142;1351,468;131,8595;-190,9362;237,2796;453,8639;-530,0715;698,4578;597,6647;-881,5607;1090,591;456,746;-977,8712;1116,385;402,2176;-772,6227;900,7357;272,188;-163,4806;275,2384;639,7725;-416,2974;676,7463;687,6409;-716,8028;977,9858;623,9334;-870,5568;1092,186;517,9905;-865,8503;1039,844;0;0;0;28,16248;-17,90571;25,85363;72,65281;-4,274368;41,9712;106,8495;20,2446;45,23277;127,3112;44,65484;40,84396;28,05591;-8,265494;19,701;84,59551;15,97309;33,53405;114,0301;15,08331;70,7302;130,7966;15,32364;91,52412;145,0136;16,12472;108,839;27,75353;4,105567;11,71946;83,69493;34,86442;21,11435;121,7279;72,48687;43,50471;143,5146;93,28078;56,3736;162,3888;110,6358;67,55447;27,09675;15,34152;4,272937;77,25906;49,78752;8,354186;106,7162;67,58308;15,72418;113,5941;60,53352;22,72224;96,37069;52,04773;17,55523;26,65615;26,24488;-2,85244;66,84779;62,41035;-5,00679;103,157;76,89285;9,81903;116,2233;76,4923;17,06886;109,7717;66,79343;16,91437;12,20369;11,66511;3,703117;3,749924;38,91166;2,502992;23,62266;19,02921;14,93921;-16,1516;3,504702;3,731716;-9,50597;-9,300624;3,571441;3,794573;-9,275994;18,29111;103,3227;93,87054;-0,443673;19,82274;64,8434;59,48156;0,127258;-0,061154;0;0,000572;1,064873;-0,461998;0,003347;0;2,420482;-0,207939;0;0;1,877003;-0,140305;0;-0,000458;1,291745;-0,041084;0,000916;0;-15,55938;8,760737;0,061798;0,034332;285,7063;-314,0853;0,200844;-0,188828;409,8484;-73,22387;-0,197411;0;29,78668;-2,231598;0;0,027466;188,7067;-6,015014;0,054932;0,027466
59;944;00:00:00:944;0;0;0;1,375137;4,574313;1,641268;1,184133;8,41104;-1,165269;-0,537101;11,10982;-3,700316;-2,66425;12,55752;-5,469756;0,481295;4,17477;1,036501;-2,480222;11,11988;0,829425;-3,98475;15,69001;2,464869;-4,716208;18,1887;3,200482;-5,237509;20,22673;3,669572;-0,678831;3,657446;0,286122;-4,256917;10,28112;-0,307108;-7,534898;14,85955;-0,149445;-9,238977;17,39371;-0,231898;-10,5704;19,51419;-0,446294;-1,762833;3,176887;-0,336845;-5,629694;8,867545;-1,257516;-7,312117;13,17463;-3,114122;-5,351155;12,40247;-4,953441;-4,887563;10,45719;-3,382056;-2,799384;2,715967;-0,971252;-6,721234;6,967745;-2,190542;-7,540658;10,62888;-3,480297;-6,591663;11,17385;-5,192603;-5,059907;9,76211;-6,180449;92,17999;29,21157;-156,0271;161,2246;-51,45885;116,3412;-175,1528;-51,45884;116,3412;-155,5775;-51,51472;115,6428;-155,5775;-51,51471;115,6428;91,80002;29,21157;-156,0271;68,07309;30,47795;-173,3176;71,7408;29,79514;-172,9936;75,61401;28,83728;-172,7047;75,58202;29,06241;-172,7708;95,14344;28,8055;-149,1388;88,18161;28,10991;-145,2558;91,78687;30,05481;-145,1862;95,75582;31,7115;-144,8429;95,74239;31,49483;-144,8686;98,63713;27,97069;-141,7284;115,483;29,99997;-145,2596;-140,5788;31,6589;-144,0508;-45,17595;28,77961;-141,0247;-45,0708;28,97113;-140,8069;103,279;26,1062;-131,3826;112,3012;31,05005;-155,4392;177,6571;32,50772;-154,4868;-120,3736;32,06885;-149,9498;-120,4641;32,31353;-150,1195;0;0;0;-294,3756;-271,3018;118,9665;-273,4636;-680,713;509,3421;-71,13745;-954,3331;855,6243;179,2563;-1089,382;1094,777;-171,6676;-250,4355;155,1792;5,214303;-664,486;620,588;21,67868;-856,5019;806,7427;25,50685;-972,2894;916,2298;24,35034;-1075,653;1011,896;-13,44517;-221,6319;200,1068;248,1503;-616,4672;686,0407;499,0304;-837,5634;1005,584;630,9793;-971,8535;1190,405;735,4657;-1094,429;1351,87;132,0396;-190,8246;237,396;454,3576;-529,7112;698,8032;598,1997;-881,1385;1091,003;457,2236;-977,5045;1116,742;402,6943;-772,2772;901,0682;272,3224;-163,294;275,3754;640,126;-415,8524;677,0845;688,0672;-716,3118;978,379;624,3337;-870,0882;1092,559;518,3274;-865,4348;1040,163;0;0;0;19,20605;-6,998062;3,232956;28,06234;-2,85244;8,528708;33,33878;6,43158;14,99748;35,46881;16,21628;20,55359;16,73913;-3,045559;4,296541;41,27249;7,739066;18,00442;55,11537;14,88304;20,62225;62,40159;18,56804;22,01843;68,11737;21,40617;23,16856;13,59576;2,039909;5,681991;36,31496;15,51246;20,07007;43,81942;29,41131;21,86966;47,79911;36,83281;23,03123;50,98343;42,81807;24,14703;10,8068;6,694794;6,979465;29,62303;21,62075;20,71953;32,10067;25,3315;24,70779;28,656;22,00126;21,41189;28,6045;20,72811;19,95277;8,065223;11,19518;8,218287;21,21162;26,69907;20,28751;25,57755;29,45709;23,59772;24,01829;28,11813;22,38464;20,21313;24,92523;19,08874;12,20515;11,6678;3,70311;3,74948;38,91325;2,502051;23,62264;19,0292;14,94585;-16,16396;3,504758;3,731611;-9,507789;-9,326494;3,571441;3,794573;-9,266116;18,29035;103,3227;93,87056;-0,432959;19,8224;64,84338;59,48157;0,095444;-0,056434;-0,00103;-0,000572;0,39814;-0,741463;0,003347;-0,006294;-0,109119;-1,552219;0;0;0,59269;-0,04509;0;0,000916;0,642845;-0,020485;-0,000916;0,000916;-1,908875;0,283241;-0,061798;-0,068665;-40,00397;-16,76788;0;-0,377655;-151,7761;-80,65681;0;0;-77,05878;5,712891;0;0,082397;-38,93398;1,235962;-0,109863;0,054932
60;960;00:00:01:000;0;0;0;1,358569;4,576694;1,648411;1,16194;8,415109;-1,155426;-0,562188;11,11102;-3,691556;-2,690112;12,5541;-5,463841;0,467061;4,175133;1,041539;-2,514414;11,11173;0,835638;-4,037395;15,67883;2,462466;-4,778586;18,17597;3,193574;-5,307531;20,21284;3,659156;-0,690104;3,655155;0,288428;-4,286462;10,2689;-0,305124;-7,579026;14,83685;-0,147583;-9,290886;17,36577;-0,229907;-10,62856;19,48233;-0,444035;-1,771497;3,172038;-0,337089;-5,653265;8,852246;-1,259555;-7,345944;13,15539;-3,115971;-5,378906;12,39106;-4,952067;-4,912113;10,446;-3,381349;-2,805475;2,708711;-0,973935;-6,737439;6,95018;-2,196544;-7,564632;10,6104;-3,483924;-6,613924;11,15986;-5,193844;-5,07637;9,753464;-6,180298;92,17194;29,33487;-155,863;161,0372;-51,45176;116,6505;-175,3402;-51,45173;116,6505;-155,7653;-51,50902;115,9525;-155,7653;-51,50903;115,9525;91,79196;29,33487;-155,863;68,16621;30,59797;-173,0848;71,83407;29,91469;-172,7617;75,70708;28,95643;-172,4742;75,67514;29,18165;-172,54;95,15236;28,92875;-148,9665;88,18094;28,23195;-145,0768;91,78635;30,17686;-145,0072;95,75614;31,83354;-144,6635;95,74265;31,61687;-144,6891;98,66392;28,0919;-141,5478;115,513;30,11862;-145,0597;-140,5454;31,77698;-143,8483;-45,13642;28,89603;-140,8207;-45,0307;29,08742;-140,6026;103,3292;26,22119;-131,1924;112,2886;31,17431;-155,2859;177,6467;32,63215;-154,3326;-120,3723;32,19358;-149,7892;-120,4631;32,43826;-149,9592;0;0;0;-293,703;-271,4547;118,8267;-272,5391;-680,8976;509,1649;-70,08118;-954,3528;855,5481;180,3501;-1089,17;1094,851;-171,0901;-250,4862;155,1127;6,600872;-664,1872;620,7078;24,06288;-856,5032;807,1164;28,42748;-972,4656;916,7174;27,70118;-1075,981;1012,455;-12,98808;-221,5497;200,1354;249,348;-615,9647;686,3065;500,8558;-836,5048;1005,929;633,1417;-970,5066;1190,791;737,9011;-1092,857;1352,288;132,3907;-190,6179;237,5134;455,3125;-529,0519;699,187;599,5835;-880,3199;1091,449;458,3528;-976,9225;1117,052;403,6877;-771,7263;901,376;272,5688;-162,9683;275,5778;640,782;-415,0695;677,5674;688,9854;-715,4542;978,8805;625,1756;-869,3553;1092,979;518,9562;-864,8819;1040,48;0;0;0;40,35329;-9,17673;-8,389949;55,46522;-11,07788;-10,63728;63,3763;-1,178741;-4,571914;65,62685;12,68005;4,480361;34,65056;-3,045559;-3,989696;83,19409;17,92717;7,18975;143,0516;-0,080109;22,4247;175,2382;-10,57434;29,25682;201,0504;-19,68956;33,53691;27,42559;4,926681;1,716614;71,85888;30,14373;15,94734;109,5285;63,52042;20,70236;129,7417;80,81245;23,1514;146,121;94,26498;25,04539;21,06356;12,40611;7,049561;57,2977;39,55364;23,03409;83,02688;49,11804;26,77917;67,74902;34,91592;18,59093;59,60368;33,05339;18,46504;14,7872;19,54222;12,1479;39,35909;46,97513;28,9793;55,089;51,45836;30,08651;50,51136;43,97392;25,25139;37,72831;33,17642;19,07158;12,19575;11,67124;3,703798;3,748478;38,92367;2,496572;23,62267;19,0292;14,86774;-16,05635;3,504702;3,731716;-9,509856;-9,346893;3,571441;3,794573;-9,28599;18,29185;103,3227;93,87058;-0,423362;19,8221;64,84338;59,48156;0,625534;-0,328732;0,00206;0;-4,686698;6,456184;-0,003347;0,006294;-0,124054;-1,223945;0;0;-1,192417;0,089493;-0,000458;0,001373;0,575829;-0,018082;0;-0,000458;31,80541;-16,33787;0,185394;0,034332;-305,0903;431,8588;-0,401688;0,75531;-0,896072;19,69642;0;0;-107,1064;8,07495;-0,027466;0,027466;-4,020953;0,144196;0,054932;-0,082397
61;976;00:00:01:016;0;0;0;1,338305;4,57934;1,657614;1,133791;8,420464;-1,141945;-0,594675;11,11329;-3,678393;-2,724045;12,55092;-5,453372;0,449562;4,175363;1,048295;-2,556847;11,10128;0,845639;-4,097973;15,66292;2,470703;-4,84873;18,15742;3,201054;-5,385183;20,19243;3,666189;-0,704092;3,652202;0,29201;-4,323376;10,25356;-0,300048;-7,635609;14,8077;-0,155345;-9,357827;17,32935;-0,24443;-10,70372;19,44014;-0,463918;-1,78238;3,166001;-0,336471;-5,682956;8,833244;-1,259337;-7,387091;13,13298;-3,113152;-5,413468;12,37833;-4,946183;-4,943037;10,4327;-3,377275;-2,813303;2,699779;-0,976152;-6,75817;6,92853;-2,201254;-7,595508;10,58773;-3,484984;-6,643151;11,14304;-5,19209;-5,098604;9,743507;-6,177379;92,14616;29,47833;-155,6659;160,8146;-51,46014;117,0297;-175,5627;-51,46013;117,0297;-155,9879;-51,5191;116,3319;-155,9879;-51,51909;116,3319;91,7662;29,47833;-155,6659;68,16008;30,72868;-172,9062;71,82883;30,04543;-172,5825;75,70264;29,08719;-172,2946;75,67051;29,31241;-172,3605;95,14658;29,07387;-148,7596;88,32721;28,36043;-144,7664;91,9356;30,30518;-144,6909;95,90895;31,96108;-144,3416;95,89503;31,74447;-144,368;98,67952;28,23646;-141,3307;115,5152;30,26487;-144,8539;-140,5395;31,92316;-143,6405;-45,12183;29,04173;-140,6089;-45,01544;29,23308;-140,3904;103,3732;26,36092;-130,9632;112,2579;31,31894;-155,1008;177,6184;32,7772;-154,1468;-120,3867;32,34007;-149,5959;-120,4782;32,5847;-149,7662;0;0;0;-292,709;-271,5976;118,3981;-271,1906;-681,1757;508,5461;-68,54848;-954,48;854,9767;181,9339;-1089,03;1094,443;-170,2361;-250,5079;154,8104;8,652403;-663,6984;620,3351;27,21671;-856,1644;807,3549;32,16572;-972,2139;917,2657;31,90094;-1075,804;1013,236;-12,31174;-221,4123;199,997;251,1207;-615,2313;686,1875;504,0204;-835,6885;1005,82;637,0536;-969,6738;1190,657;742,4182;-1092,036;1352,107;132,9105;-190,3269;237,528;456,7268;-528,134;699,3093;601,5839;-879,1647;1091,565;459,9963;-976,2373;1116,973;405,1522;-771,0549;901,3334;272,9343;-162,5329;275,7388;641,7543;-414,0157;677,9276;690,3836;-714,3444;979,0985;626,468;-868,5146;1093,054;519,9196;-864,3622;1040,469;0;0;0;59,64517;-8,571624;-25,71702;80,91258;-16,68548;-37,12749;91,96221;-7,633208;-34,28077;95,03101;8,457183;-24,49608;51,23949;-1,304626;-18,13674;123,0919;29,32834;-22,36748;189,2298;20,32471;14,31083;224,2942;15,10048;32,89604;251,9853;10,62012;46,88644;40,58048;8,248328;-8,300542;106,3628;44,00825;-7,138252;189,8775;48,97499;-6,534576;234,7183;49,9649;-8,028029;271,0247;49,27253;-10,85472;31,19015;17,45581;0,875473;84,85507;55,07469;7,338523;120,0228;69,31113;6,946564;98,61373;41,1129;-4,772186;87,87059;40,2832;-2,552032;21,92831;26,12257;9,660243;58,33911;63,23146;21,6093;83,89377;66,5903;13,0806;77,5423;50,43983;4,463195;57,80696;31,17942;-0,680923;12,19183;11,66324;3,704183;3,747571;38,93252;2,491886;23,62265;19,02922;14,86176;-15,9895;3,504758;3,731664;-9,597675;-9,254338;3,571441;3,794573;-9,280104;18,2914;103,3227;93,87057;-0,413068;19,82177;64,84338;59,48158;0,530777;-0,28121;-0,001488;0,001259;-0,358715;4,010925;0,003347;-0,003147;-5,269145;5,553302;0;0;0,353165;-0,026779;0,000458;-0,000916;0,617593;-0,019455;-0,000458;0,000916;-5,685421;2,851294;-0,21286;0,075531;259,679;-146,7155;0,401688;-0,566483;-308,7055;406,6349;0;0;92,73489;-6,976317;0,054932;-0,137329;2,505827;-0,082397;-0,027466;0,082397
62;992;00:00:01:032;0;0;0;1,319858;4,582113;1,664727;1,10982;8,425275;-1,131626;-0,621112;11,115;-3,669679;-2,750766;12,54751;-5,44845;0,433864;4,175859;1,052922;-2,593876;11,09244;0,848899;-4,145884;15,6484;2,479538;-4,902249;18,14025;3,213136;-5,442997;20,17348;3,681087;-0,716308;3,649712;0,293412;-4,354956;10,24013;-0,301767;-7,677197;14,78681;-0,151686;-9,404671;17,30496;-0,237601;-10,75471;19,4134;-0,454272;-1,791541;3,160654;-0,33808;-5,707735;8,816365;-1,265539;-7,418683;13,11391;-3,118175;-5,438861;12,36656;-4,947512;-4,967041;10,42027;-3,379837;-2,819443;2,691734;-0,980642;-6,774664;6,909079;-2,211665;-7,620133;10,56686;-3,494093;-6,665394;11,12665;-5,198409;-5,114212;9,732745;-6,181253;92,16068;29,62432;-155,4781;160,5752;-51,44566;117,4007;-175,8021;-51,44563;117,4007;-156,2279;-51,50642;116,7036;-156,2279;-51,50641;116,7036;91,7807;29,62432;-155,4781;68,04845;30,86549;-172,8708;71,71886;30,18279;-172,5452;75,59451;29,22502;-172,2547;75,56197;29,45014;-172,3212;95,18105;29,21728;-148,5622;88,26238;28,52016;-144,6744;91,86978;30,46497;-144,6013;95,84309;32,12122;-144,2537;95,82925;31,90458;-144,2798;98,73448;28,37477;-141,124;115,5393;30,41321;-144,6935;-140,5113;32,07103;-143,4774;-45,08555;29,18812;-140,4431;-44,97844;29,37934;-140,2241;103,4542;26,48825;-130,7465;112,2707;31,46536;-154,9187;177,6343;32,92342;-153,9627;-120,3572;32,48476;-149,4046;-120,4491;32,72948;-149,5751;0;0;0;-291,4931;-271,7563;117,8459;-269,5134;-681,4733;507,7569;-66,61838;-954,5781;854,2188;183,9475;-1088,794;1093,852;-169,1861;-250,5218;154,405;11,19842;-663,0717;619,735;30,32624;-855,1401;806,7057;35,56376;-970,9935;916,5801;35,51817;-1074,441;1012,513;-11,47243;-221,2351;199,7821;253,3355;-614,311;685,8829;506,8442;-833,6065;1006,327;640,1874;-966,9738;1191,604;745,7883;-1088,84;1353,413;133,5635;-189,9647;237,491;458,5082;-526,9939;699,2963;603,8619;-877,8152;1091,427;461,9304;-975,4698;1116,638;406,9522;-770,2545;901,0878;273,404;-161,997;275,8719;642,9982;-412,7166;678,2101;692,212;-712,983;979,1622;628,1957;-867,5048;1092,948;521,2392;-863,7643;1040,293;0;0;0;72,95036;-9,524344;-33,13064;100,6293;-17,86136;-47,35279;115,806;-5,887985;-45,47882;120,816;14,13918;-35,46524;62,99686;-0,829697;-24,32227;152,7612;37,60242;-36,00597;186,5718;61,46049;-38,95568;203,8827;73,22501;-41,13578;217,0336;81,76231;-43,39599;50,35816;10,63299;-12,89392;132,8873;55,21488;-18,27907;169,4269;124,918;30,40695;188,0236;162,0025;56,79703;202,2057;191,7858;78,40347;39,18027;21,73376;-2,224445;106,8878;68,40705;-0,78392;136,6796;80,96694;-8,285522;116,0431;46,0453;-20,05005;108,0008;48,02799;-14,73427;28,17965;32,15503;7,980823;74,62978;77,94284;16,95442;109,7059;81,6822;3,822326;103,6634;60,59074;-6,328583;79,17308;35,87722;-10,59151;12,19639;11,66813;3,703542;3,747774;38,92636;2,495166;23,62266;19,0292;14,97083;-16,01077;3,504702;3,731664;-9,499102;-9,309622;3,571441;3,794625;-9,241843;18,28855;103,3227;93,87055;-0,407344;19,82158;64,84339;59,48156;-0,369415;0,196795;0,000458;-0,001259;6,544189;-1,275673;-0,003347;0;5,914421;-3,317013;0;0,003104;2,295627;-0,171089;0;-0,000916;0,343448;-0,011444;0,000916;-0,001373;-54,01153;28,68032;0,11673;-0,151062;414,1742;-317,1959;-0,401688;0,188828;671,0139;-532,2189;0;0,186253;116,5478;-8,658599;-0,027466;0;-16,4487;0,480652;0,082397;-0,137329
63;1008;00:00:01:048;0;0;0;1,309439;4,583125;1,670161;1,100415;8,427986;-1,123928;-0,628384;11,11694;-3,66426;-2,755854;12,54752;-5,447194;0,425486;4,175936;1,056029;-2,61144;11,08838;0,848163;-4,173025;15,6416;2,477287;-4,93425;18,13215;3,210278;-5,478649;20,16447;3,677917;-0,722122;3,64856;0,2935;-4,368557;10,23418;-0,307149;-7,697772;14,77587;-0,160717;-9,428734;17,29156;-0,248405;-10,78138;19,3982;-0,466348;-1,795149;3,158312;-0,340815;-5,717023;8,808999;-1,274872;-7,42815;13,10605;-3,128478;-5,443257;12,36209;-4,953691;-4,973063;10,41518;-3,386291;-2,820848;2,688275;-0,986075;-6,779006;6,900693;-2,224501;-7,623875;10,55917;-3,505348;-6,665615;11,12119;-5,206947;-5,111312;9,729216;-6,187593;92,1967;29,76125;-155,3801;160,3457;-51,41769;117,6667;-176,0317;-51,41766;117,6667;-156,4583;-51,48021;116,9704;-156,4583;-51,48021;116,9704;91,81673;29,76126;-155,3801;68,03619;31,00509;-172,8057;71,70762;30,32244;-172,4795;75,58419;29,36473;-172,1884;75,55144;29,58983;-172,255;95,23558;29,34944;-148,4553;88,30256;28,65014;-144,5713;91,91092;30,59491;-144,4966;95,8859;32,25094;-144,1471;95,87188;32,03432;-144,1734;98,8076;28,49965;-141,009;115,5911;30,54636;-144,6068;-140,4552;32,2032;-143,3871;-45,02316;29,3176;-140,3522;-44,91537;29,5086;-140,1327;103,55;26,59951;-130,6235;112,2773;31,60682;-154,8789;177,6438;33,06477;-153,9212;-120,3344;32,62502;-149,356;-120,4267;32,8698;-149,5266;0;0;0;-290,3863;-271,9227;117,4191;-268,0988;-681,7148;507,1769;-65,0706;-954,6041;853,7596;185,5059;-1088,5;1093,631;-168,2443;-250,5515;154,1274;13,42012;-662,5411;619,5394;33,16272;-854,2935;806,173;38,71637;-970,0011;915,8502;38,91206;-1073,353;1011,611;-10,73946;-221,0857;199,698;255,2303;-613,5056;685,986;509,2955;-832,2349;1006,096;642,9304;-965,3285;1191,179;748,7616;-1087;1352,821;134,1131;-189,6439;237,5876;459,995;-525,9811;699,6684;605,6405;-876,6673;1091,747;463,3684;-974,7609;1116,73;408,3586;-769,5073;901,2408;273,7724;-161,5143;276,1413;643,9878;-411,5496;678,8348;693,4841;-711,7245;979,7101;629,3091;-866,5137;1093,326;522,0515;-863,114;1040,513;0;0;0;66,41006;-9,982108;-25,60544;84,8751;-14,48822;-34,79862;92,86665;-1,556396;-27,55165;93,5018;17,64679;-13,25226;56,51164;-1,785278;-16,6583;133,3018;31,83746;-11,73592;170,1888;50,80032;-31,96334;189,1562;59,5436;-43,79654;203,6333;65,29426;-54,09622;43,97816;8,960723;-5,04899;113,6913;48,32553;6,191253;147,0737;82,30018;-13,88168;164,5832;98,71673;-25,4631;178,4019;110,4126;-35,51674;32,97615;19,24681;5,795002;89,20383;60,76526;22,32742;106,719;68,87626;19,22035;86,27986;42,53769;5,481719;84,38014;44,82936;9,178161;22,10426;28,9607;16,16478;59,37766;70,02353;37,47654;76,32636;75,51097;32,87315;66,80488;59,46349;22,67647;48,73752;39,01863;13,24081;12,19423;11,66832;3,702728;3,746891;38,91405;2,501738;23,62265;19,02921;14,97812;-16,00629;3,504702;3,731716;-9,492022;-9,329929;3,571441;3,794625;-9,218402;18,28679;103,3227;93,87055;-0,355533;19,81996;64,84339;59,48156;-0,738831;0,394349;-0,000458;0,000572;0,437794;0,26825;0;0,003147;0,424805;-1,218452;0;0;1,406479;-0,105171;0;0;3,108685;-0,097275;0;0,000458;-22,16491;11,85322;-0,054932;0,109863;-366,3837;92,63533;0,200844;0,188828;-329,377;125,9136;0;-0,186253;-53,34891;3,955077;0;0,054932;165,9142;-5,149841;-0,054932;0,109863
64;1024;00:00:01:064;0;0;0;1,309439;4,583125;1,670161;1,100721;8,427401;-1,124756;-0,627886;11,11598;-3,665607;-2,755272;12,54641;-5,448769;0,425486;4,175936;1,056029;-2,61144;11,08838;0,848163;-4,174957;15,64238;2,473238;-4,937218;18,13326;3,204028;-5,48244;20,16578;3,669885;-0,722122;3,64856;0,2935;-4,368557;10,23418;-0,307149;-7,697772;14,77587;-0,160717;-9,428734;17,29156;-0,248405;-10,78138;19,3982;-0,466348;-1,795149;3,158312;-0,340815;-5,717023;8,808999;-1,274872;-7,430907;13,10409;-3,130473;-5,445304;12,36072;-4,955159;-4,97394;10,4148;-3,386888;-2,820848;2,688275;-0,986075;-6,779006;6,900693;-2,224501;-7,625809;10,55826;-3,506662;-6,667711;11,12024;-5,208366;-5,112539;9,728808;-6,188398;92,1967;29,76125;-155,3801;160,3581;-51,40767;117,6509;-176,0193;-51,40767;117,6509;-156,446;-51,4701;116,9547;-156,446;-51,4701;116,9547;91,81673;29,76126;-155,3801;68,09298;31,00764;-172,7552;71,76402;30,32472;-172,4297;75,64006;29,36676;-172,1398;75,60744;29,59191;-172,2061;95,23558;29,34944;-148,4553;88,30256;28,65014;-144,5713;91,91092;30,59491;-144,4966;95,8859;32,25094;-144,1471;95,87188;32,03432;-144,1734;98,8076;28,49965;-141,009;115,6181;30,5374;-144,5537;-140,4279;32,19375;-143,3332;-44,99733;29,30694;-140,3001;-44,88953;29,49786;-140,0806;103,55;26,59951;-130,6235;112,3005;31,60327;-154,8346;177,6673;33,06089;-153,8762;-120,3115;32,61959;-149,3115;-120,4037;32,86442;-149,482;0;0;0;-289,7612;-271,9834;117,0931;-267,5116;-681,9232;506,6771;-64,59709;-954,7941;853,3729;185,8547;-1088,587;1093,484;-167,7416;-250,5562;153,941;14,47396;-662,2971;619,5836;34,98633;-854,0502;806,4053;40,93889;-969,7688;916,1663;41,44173;-1073,138;1011,98;-10,39066;-221,0166;199,6927;256,0464;-613,1483;686,309;510,5299;-831,5786;1006,637;644,3742;-964,5245;1191,828;750,3616;-1086,088;1353,546;134,3297;-189,5034;237,7516;460,5523;-525,5392;700,2283;606,441;-876,2024;1092,327;463,8023;-974,4975;1117,078;408,7874;-769,2047;901,6295;273,8567;-161,3067;276,4673;644,2484;-411,0464;679,605;693,8591;-711,2678;980,3845;629,4844;-866,1918;1093,84;521,9685;-862,9056;1040,902;0;0;0;37,50658;-3,642082;-19,56153;35,23349;-12,50267;-29,98638;28,41067;-11,40404;-23,19717;20,92695;-5,224227;-8,834838;30,1609;-0,27895;-11,18445;63,2303;14,63699;2,652168;109,4166;14,59122;13,94463;133,3514;13,9389;18,96858;151,7808;12,89177;22,11571;20,92825;4,149913;-0,313997;48,96354;21,4405;19,37771;74,06902;39,37912;32,50694;86,62891;48,24257;38,89846;96,00162;54,71992;43,4761;12,99047;8,431434;9,844779;33,43963;26,51882;33,59699;48,02799;27,89497;34,82437;26,03531;15,80429;20,8683;25,72632;18,15891;23,32306;5,059719;12,45403;19,55938;15,63263;30,18951;46,2141;22,49908;27,40002;40,46058;10,51712;19,31763;30,79033;-4,978179;12,50267;23,3345;12,19189;11,67005;3,703725;3,747349;38,92596;2,4954;23,62266;19,02921;14,93467;-15,97048;3,504758;3,731664;-9,492022;-9,329929;3,571441;3,794625;-9,265035;18,29028;103,3227;93,87056;-0,393167;19,82115;64,8434;59,48156;0,714798;-0,380287;0,000458;0;-2,607307;2,149143;0,003347;-0,003147;0;0;0;0;-2,797966;0,208969;0;0,000458;-2,258057;0,071297;0,000458;-0,000458;87,2177;-46,47817;0,054932;-0,034332;-182,706;112,8536;0,200844;-0,377655;-25,48828;73,10714;0;0;-252,2667;18,84842;0;0,027466;-322,0045;10,11429;0,027466;-0,054932
65;1040;00:00:01:080;0;0;0;1,306117;4,581004;1,678558;1,098949;8,428909;-1,111475;-0,628039;11,1204;-3,650349;-2,75417;12,55262;-5,433555;0,422904;4,174442;1,06295;-2,616434;11,08605;0,862981;-4,177354;15,63961;2,491821;-4,938043;18,13034;3,22476;-5,481859;20,1628;3,692441;-0,723779;3,647825;0,298506;-4,372129;10,233;-0,295335;-7,703125;14,7734;-0,149329;-9,434847;17,28857;-0,2371;-10,78794;19,39492;-0,454982;-1,796017;3,158165;-0,337594;-5,719134;8,808825;-1,266565;-7,432934;13,10612;-3,117138;-5,445299;12,36636;-4,941076;-4,974667;10,41819;-3,375377;-2,820923;2,688749;-0,984564;-6,779492;6,901606;-2,220183;-7,626862;10,56066;-3,497715;-6,66739;11,12565;-5,197649;-5,110578;9,736447;-6,178241;92,12918;29,8481;-155,392;160,2277;-51,45036;117,7675;-176,1496;-51,45034;117,7675;-156,5757;-51,51376;117,0709;-156,5757;-51,51376;117,0709;91,7492;29,84811;-155,392;68,02448;31,0699;-172,8427;71,69641;30,38732;-172,5161;75,57349;29,42965;-172,2246;75,54062;29,65475;-172,2912;95,18085;29,44272;-148,4605;88,30601;28,74261;-144,5497;91,91457;30,68737;-144,4748;95,89029;32,34338;-144,1247;95,87621;32,12676;-144,1511;98,76754;28,59834;-141,0065;115,5708;30,63351;-144,5553;-140,4736;32,29071;-143,3351;-45,03571;29,40582;-140,2965;-44,92756;29,59686;-140,0768;103,5312;26,70292;-130,6103;112,2376;31,68994;-154,8393;177,6051;33,14845;-153,8819;-120,3649;32,71102;-149,312;-120,4576;32,95572;-149,4829;0;0;0;-289,7612;-271,9834;117,0931;-267,5046;-681,9389;506,6846;-64,58566;-954,8196;853,3851;185,8679;-1088,617;1093,498;-167,7416;-250,5562;153,941;14,47396;-662,2971;619,5836;34,82207;-854,3859;806,6586;40,68745;-970,2803;916,5471;41,12126;-1073,787;1012,455;-10,39066;-221,0166;199,6927;256,0464;-613,1483;686,309;510,652;-831,8085;1006,655;644,562;-964,8801;1191,847;750,6027;-1086,547;1353,559;134,3297;-189,5034;237,7516;460,5523;-525,5392;700,2283;606,6115;-876,085;1092,446;463,9289;-974,4159;1117,165;408,8415;-769,1821;901,6654;273,8567;-161,3067;276,4673;644,2484;-411,0464;679,605;694,0067;-711,2142;980,4631;629,6441;-866,136;1093,925;522,0612;-862,8818;1040,952;0;0;0;0;0;0;0,423431;-0,941276;0,452042;0,68593;-1,527786;0,732422;0,794649;-1,802444;0,864029;0;0;0;0;0;0;-9,855687;-20,13588;15,19203;-15,08617;-30,68733;22,84813;-19,22875;-38,91563;28,53584;0;0;0;0;0;0;7,324218;-13,79585;1,041412;11,26385;-21,33751;1,138687;14,46247;-27,56882;0,806809;0;0;0;0;0;0;10,23388;7,043839;7,129669;7,598876;4,898071;5,247116;3,250122;1,356125;2,151489;0;0;0;0;0;0;8,857726;3,212929;4,720687;9,584426;3,341675;5,121231;5,558967;1,430511;3,015518;12,19176;11,6681;3,704389;3,746742;38,93922;2,488376;23,62267;19,0292;14,98601;-15,91618;3,504646;3,731716;-9,512192;-9,290476;3,571441;3,794522;-9,266053;18,29034;103,3227;93,87055;-0,401539;19,82141;64,84338;59,48156;0,795822;-0,421414;0,00103;-0,000572;3,08052;3,257618;-0,006695;0,003147;-1,210213;2,36721;0;-0,006194;-0,061111;0,004005;0;-0,000458;-0,502287;0,015793;-0,000916;0;4,86145;-2,467632;0,034332;-0,034332;341,2696;66,50847;-0,602531;0,377655;-72,61275;142,0326;0;-0,371647;164,2113;-12,29782;0;-0,054932;105,3462;-3,33023;-0,082397;0,027466
66;1056;00:00:01:096;0;0;0;1,30471;4,579941;1,682551;1,096091;8,430116;-1,104246;-0,63197;11,1232;-3,640707;-2,758713;12,55626;-5,422516;0,421582;4,173632;1,066653;-2,620111;11,08439;0,873129;-4,178926;15,63748;2,50527;-4,938478;18,12804;3,240003;-5,48138;20,16041;3,709142;-0,724987;3,647312;0,301834;-4,375615;10,23178;-0,285805;-7,709032;14,77009;-0,130364;-9,442194;17,28445;-0,212973;-10,79657;19,39041;-0,426586;-1,797114;3,157859;-0,334615;-5,722222;8,808024;-1,258197;-7,438049;13,1061;-3,10508;-5,450209;12,36874;-4,929768;-4,97861;10,41948;-3,365719;-2,821916;2,688677;-0,98192;-6,782015;6,9013;-2,213433;-7,630936;10,56112;-3,48776;-6,671815;11,12795;-5,187276;-5,114523;9,740208;-6,16918;92,07306;29,86508;-155,4006;160,1996;-51,49525;117,8072;-176,1778;-51,49523;117,8072;-156,603;-51,5589;117,1099;-156,603;-51,55887;117,11;91,69308;29,86508;-155,4006;67,9777;31,06954;-172,8914;71,64999;30,38718;-172,5641;75,52746;29,42972;-172,2718;75,49451;29,65476;-172,3386;95,12772;29,46546;-148,4673;88,19601;28,77117;-144,571;91,80247;30,71606;-144,5004;95,77637;32,37265;-144,1541;95,76255;32,15599;-144,18;98,71864;28,62687;-141,0106;115,5231;30,658;-144,5542;-140,5216;32,31606;-143,3354;-45,08065;29,43326;-140,2932;-44,97244;29,62447;-140,0737;103,4897;26,73874;-130,6096;112,183;31,70702;-154,8451;177,55;33,16629;-153,8892;-120,4179;32,73249;-149,3178;-120,5108;32,97704;-149,4891;0;0;0;-289,5618;-271,8561;116,5892;-267,392;-682,0419;505,8773;-64,56628;-955,105;852,4529;185,8137;-1089,014;1092,566;-167,5866;-250,4665;153,5257;14,77363;-662,1578;618,6945;34,79399;-854,381;805,5452;40,47341;-970,3537;915,3;40,74995;-1073,928;1011,09;-10,29121;-220,9725;199,3923;256,2607;-613,0776;685,6002;510,8817;-831,3618;1005,938;644,7887;-964,2386;1191,127;750,8171;-1085,754;1352,838;134,3817;-189,4945;237,5584;460,679;-525,5287;699,73;606,7685;-876,2076;1091,64;463,9544;-974,7551;1116,317;408,8954;-769,386;900,9749;273,8612;-161,3352;276,3766;644,2775;-411,1011;679,3459;694,086;-711,3588;979,9262;629,6421;-866,4611;1093,282;521,9531;-863,3406;1040,344;0;0;0;11,95907;7,636069;-30,23243;6,752014;-6,18267;-48,43711;1,162648;-17,12608;-55,93872;-3,251553;-23,82088;-55,95016;9,298324;5,381584;-24,91808;17,98019;8,357047;-53,34663;-1,684427;0,291824;-66,79916;-12,84242;-4,405975;-74,82719;-22,27843;-8,457183;-81,89964;5,967244;2,645015;-18,02444;12,85601;4,237175;-42,53196;13,77869;26,80206;-43,02406;13,60416;38,48648;-43,21289;12,86888;47,57881;-43,31588;3,124237;0,53215;-11,59573;7,598876;0,623703;-29,90341;9,415626;-7,35855;-48,35128;1,530647;-20,35332;-50,90904;3,232956;-12,23659;-41,43333;0,270367;-1,705885;-5,440235;1,748085;-3,284454;-15,5468;4,75502;-8,67176;-32,21511;-0,120163;-19,50073;-38,56659;-6,483078;-27,52876;-36,51809;12,19111;11,67356;3,704618;3,746664;38,94249;2,486662;23,62266;19,0292;15,01783;-15,88602;3,504702;3,731664;-9,497777;-9,342012;3,571387;3,794573;-9,273134;18,29088;103,3227;93,87057;-0,405418;19,82152;64,8434;59,48156;0,195694;-0,10284;-0,00103;0;1,909332;1,80994;0,003347;-0,003147;0,864887;-3,092193;-0,00329;0,00309;-0,424862;0,031929;-0,000458;0,000916;-0,232784;0,006638;0,000916;0;-36,00769;19,11449;-0,123596;0,034332;-70,27129;-86,86064;0,602531;-0,377655;124,506;-327,5642;-0,197411;0,557041;-21,82503;1,675415;-0,027466;0,082397;16,17018;-0,549316;0,109863;0
67;1072;00:00:01:112;0;0;0;1,300474;4,575609;1,69755;1,091472;8,437022;-1,073623;-0,636053;11,13868;-3,601313;-2,761921;12,57678;-5,3801;0,418262;4,170679;1,079436;-2,626661;11,08047;0,902763;-4,16697;15,63179;2,557242;-4,916313;18,12179;3,304249;-5,450809;20,15404;3,783447;-0,72716;3,646045;0,311743;-4,380398;10,23041;-0,260708;-7,699985;14,778;-0,082499;-9,425406;17,29806;-0,152443;-10,77323;19,40928;-0,355402;-1,798305;3,157938;-0,327385;-5,725168;8,80885;-1,238847;-7,431558;13,11819;-3,068124;-5,443674;12,38517;-4,894507;-4,976919;10,42817;-3,338688;-2,822124;2,690157;-0,977254;-6,782903;6,904424;-2,200925;-7,62563;10,57062;-3,460947;-6,664285;11,14306;-5,157325;-5,10811;9,757176;-6,143603;91,92763;29,99554;-155,4446;159,9101;-51,66742;118,0961;-176,4673;-51,6674;118,0961;-156,8895;-51,73322;117,3967;-156,8895;-51,73321;117,3967;91,54765;29,99554;-155,4446;67,64368;31,13596;-173,3083;71,31875;30,45525;-172,9761;75,19983;29,49926;-172,6773;75,16602;29,72397;-172,7457;95,00202;29,61019;-148,5007;87,92771;28,96915;-144,8759;91,52917;30,91431;-144,8158;95,49957;32,57229;-144,4781;95,48631;32,35553;-144,5028;98,61646;28,78459;-141,0311;115,3137;30,83997;-144,768;-140,7301;32,50181;-143,5538;-45,27132;29,62812;-140,4939;-45,16261;29,81996;-140,2746;103,4229;26,91005;-130,6112;111,9568;31,85007;-155,0445;177,3229;33,31252;-154,0939;-120,6293;32,8934;-149,5126;-120,7234;33,13742;-149,6853;0;0;0;-289,4774;-271,7924;116,3497;-267,3443;-681,8667;505,6489;-64,53173;-954,8701;852,2081;185,8513;-1088,76;1092,293;-167,5073;-250,4179;153,3036;14,99422;-662,0582;618,0856;33,41219;-854,3742;804,3866;38,22429;-970,4012;913,8379;37,80088;-1074,022;1009,378;-10,21872;-220,9417;199,1927;256,4698;-613,0046;685,0283;509,8227;-831,0542;1005,014;643,0409;-963,8228;1190,015;748,504;-1085,266;1351,574;134,4475;-189,4762;237,3796;460,8642;-525,4807;699,2278;606,2765;-876,1843;1091,046;463,6641;-974,8804;1115,717;408,9;-769,454;900,3905;273,9208;-161,3308;276,2179;644,4288;-411,0828;678,9409;693,8199;-711,3695;979,332;629,358;-866,5807;1092,656;521,8814;-863,5546;1039,771;0;0;0;5,066871;3,825187;-14,37235;2,863884;10,51426;-13,70716;2,072811;14,0934;-14,68849;2,253055;15,2092;-16,36505;4,758596;2,913952;-13,32879;13,23536;5,973815;-36,5324;-82,90851;0,406265;-69,51713;-134,9473;-2,849579;-87,72468;-176,9439;-5,676269;-102,7279;4,349202;1,84679;-11,97839;12,54988;4,383087;-34,30938;-63,54045;18,4536;-55,42374;-104,8679;24,95384;-66,7076;-138,7911;29,31976;-75,81138;3,948211;1,100063;-10,72454;11,11507;2,883911;-30,12657;-29,52003;1,401901;-35,65406;-17,42363;-7,518767;-35,99166;0,274658;-4,079818;-35,05897;3,574848;0,260353;-9,521483;9,080886;1,098633;-24,30153;-15,96451;-0,64373;-35,65406;-17,04883;-7,181167;-37,56523;-4,302978;-12,84027;-34,37805;12,1908;11,66669;3,700016;3,746693;38,8779;2,52085;23,62266;19,0292;15,31785;-15,88219;3,504702;3,731716;-9,249856;-9,354522;3,571387;3,794573;-9,112941;18,27895;103,3227;93,87057;-0,276953;19,81752;64,84341;59,48156;-3,875427;2,051239;0;0;18,00116;0,229797;0;0,003147;14,87526;-0,750561;0;0;9,611606;-0,715828;0,000458;0;7,70791;-0,239983;0,000458;0;-244,2672;129,2447;0,061798;0;965,5094;-94,80857;-0,200844;0,377655;840,6223;140,498;0,197411;-0,185394;602,188;-44,86541;0,054932;-0,054932;476,4416;-14,79721;-0,027466;0
68;1088;00:00:01:128;0;0;0;1,302259;4,574112;1,700209;1,094569;8,437826;-1,067853;-0,631993;11,14201;-3,593489;-2,757313;12,58216;-5,371274;0,419904;4,169891;1,081835;-2,622229;11,08101;0,909012;-4,148885;15,63228;2,576233;-4,890825;18,1224;3,330173;-5,419335;20,15489;3,814994;-0,725702;3,646159;0,313804;-4,376268;10,23232;-0,255004;-7,694051;14,78108;-0,07299;-9,418486;17,30187;-0,140835;-10,7655;19,41377;-0,342044;-1,797022;3,158848;-0,325639;-5,721578;8,811861;-1,234002;-7,423739;13,12465;-3,059094;-5,436714;12,39134;-4,886301;-4,971832;10,43241;-3,33236;-2,821007;2,691851;-0,97581;-6,780046;6,908412;-2,197204;-7,61908;10,57668;-3,453667;-6,657265;11,14974;-5,149567;-5,102592;9,763193;-6,13728;91,89415;30,01092;-155,4844;159,8687;-51,70624;118,1123;-176,5087;-51,70623;118,1123;-156,9303;-51,77235;117,4123;-156,9303;-51,77235;117,4123;91,51418;30,01091;-155,4844;67,46385;31,12885;-173,5641;71,14015;30,44904;-173,2296;75,02291;29,49385;-172,9273;74,98872;29,71836;-172,9965;94,97105;29,62895;-148,5391;87,88303;28,99071;-144,9201;91,48362;30,9359;-144,8617;95,45335;32,59412;-144,5255;95,44019;32,37734;-144,55;98,58878;28,8067;-141,0675;115,2597;30,86811;-144,8534;-140,7844;32,53093;-143,6407;-45,32211;29,65966;-140,5768;-45,21338;29,85166;-140,3577;103,4006;26,93618;-130,6444;111,8964;31,86934;-155,1355;177,2619;33,33264;-154,1866;-120,6879;32,91752;-149,6036;-120,7822;33,16141;-149,7766;0;0;0;-289,2232;-271,5325;115,4498;-267,0921;-682,2312;503,8528;-64,32723;-955,718;849,9115;185,9964;-1089,897;1089,826;-167,3081;-250,2407;152,5365;15,38725;-661,8226;616,3076;31,8215;-853,8403;800,9813;35,54584;-969,7299;909,5464;34,23234;-1073,26;1004,367;-10,08836;-220,8657;198,5981;256,7568;-612,9219;683,5225;509,2428;-831,4594;1002,137;641,9767;-964,5318;1186,377;747,0307;-1086,258;1347,298;134,519;-189,4809;236,9458;461,041;-525,5303;698,0669;605,6819;-876,9042;1088,862;463,1217;-975,8616;1113,621;408,739;-769,9732;898,7673;273,9333;-161,4197;275,9379;644,4821;-411,2703;678,1904;693,3322;-711,9341;977,724;628,7239;-867,4816;1090,858;521,3943;-864,5688;1038,226;0;0;0;15,24925;15,59543;-53,99537;15,13195;-21,86966;-107,769;12,26985;-50,86899;-137,7926;8,707522;-68,18389;-147,995;11,95264;10,63299;-46,02027;23,58198;14,13631;-106,6818;-95,44104;32,03201;-204,3228;-160,7072;40,27748;-257,4863;-214,1127;45,74775;-300,6591;7,821321;4,55904;-35,67338;17,21906;4,961013;-90,34824;-34,7929;-24,30725;-172,6456;-63,84944;-42,54341;-218,2846;-88,39702;-59,56077;-256,5365;4,289388;-0,284672;-26,02959;10,60581;-2,975464;-69,65732;-35,67123;-43,19572;-131,0749;-32,54127;-58,8684;-125,7477;-9,661674;-31,15368;-97,39494;0,748157;-5,32937;-16,79706;3,198624;-11,24668;-45,02964;-29,25968;-33,87451;-96,47941;-38,04302;-54,05045;-107,9063;-29,22535;-60,85395;-92,6628;12,19919;11,66598;3,699016;3,746155;38,86491;2,527649;23,62267;19,02921;15,50121;-15,93335;3,504702;3,731664;-9,243735;-9,36649;3,571441;3,794625;-9,071836;18,27591;103,3227;93,87055;-0,234068;19,81622;64,8434;59,48155;-0,779343;0,407939;0,000572;0,000572;11,0012;-3,069591;0;-0,003147;0,367241;-0,718117;0,00329;0,003104;2,466259;-0,182304;-0,000458;-0,000916;2,573104;-0,078506;-0,000458;-0,000458;185,7651;-98,598;0,034332;0,034332;-419,9971;-197,9633;0;-0,377655;-870,481;1,94664;0,197411;0,186253;-428,7208;32,01141;-0,054932;-0,054932;-308,0884;9,688567;-0,054932;-0,027466
69;1104;00:00:01:144;0;0;0;1,309775;4,572521;1,698719;1,102253;8,436945;-1,068366;-0,625027;11,14342;-3,591063;-2,751345;12,58614;-5,36557;0,426083;4,169331;1,081581;-2,608635;11,08383;0,91372;-4,12585;15,63739;2,583319;-4,862854;18,12862;3,338423;-5,387529;20,16191;3,824082;-0,721208;3,646935;0,315155;-4,365288;10,23718;-0,247842;-7,674627;14,79174;-0,057216;-9,394664;17,31565;-0,120476;-10,73823;19,4301;-0,318004;-1,793987;3,160866;-0,322786;-5,713579;8,818304;-1,225022;-7,413998;13,13284;-3,0476;-5,430312;12,39758;-4,877646;-4,965189;10,43814;-3,324411;-2,819424;2,69506;-0,971521;-6,775542;6,916112;-2,18686;-7,613266;10,58497;-3,442452;-6,653338;11,15711;-5,139739;-5,101199;9,769176;-6,129504;91,84957;29,93787;-155,5702;159,9771;-51,75352;117,9662;-176,4002;-51,75348;117,9662;-156,8207;-51,81881;117,2654;-156,8207;-51,81881;117,2654;91,4696;29,93787;-155,5702;67,45068;31,04602;-173,6591;71,12651;30,36627;-173,3246;75,00889;29,41114;-173,0223;74,97479;29,63564;-173,0915;94,91682;29,56111;-148,6293;87,78397;28,9355;-145,0705;91,38255;30,88078;-145,016;95,35007;32,5395;-144,6835;95,33716;32,32268;-144,7076;98,52536;28,74556;-141,1615;115,2039;30,80215;-144,9397;-140,8428;32,46599;-143,7298;-45,38272;29,59745;-140,6643;-45,27437;29,78964;-140,4456;103,3269;26,88611;-130,7412;111,8619;31,79494;-155,2015;177,2254;33,25873;-154,2544;-120,7312;32,84629;-149,6749;-120,8254;33,09007;-149,8479;0;0;0;-289,3304;-271,4427;115,2902;-267,2875;-682,2601;503,5226;-64,58645;-955,8868;849,468;185,7018;-1090,183;1089,327;-167,4067;-250,1935;152,3926;15,12133;-661,8549;615,9326;30,63214;-853,944;799,835;33,85654;-969,8812;907,978;32,13939;-1073,458;1002,454;-10,17584;-220,8725;198,4745;256,509;-613,0365;683,1802;508,589;-831,5749;1001,603;641,1007;-964,6535;1185,74;745,9711;-1086,39;1346,577;134,442;-189,5356;236,8411;460,8256;-525,7109;697,7761;605,2477;-877,2926;1088,314;462,7296;-976,2328;1113,125;408,4438;-770,2279;898,3878;273,8663;-161,5213;275,8513;644,3108;-411,5095;677,9671;693,013;-712,2999;977,2868;628,3821;-867,885;1090,393;521,1078;-864,9316;1037,851;0;0;0;-6,427288;5,385875;-9,575843;-11,72304;-1,736641;-19,81258;-15,55288;-10,13374;-26,61324;-17,67611;-17,16614;-29,95491;-5,913734;2,833843;-8,635282;-15,95512;-1,936912;-22,49622;-71,36142;-6,219863;-68,77612;-101,358;-9,075164;-94,10476;-125,5771;-11,8618;-114,7842;-5,248725;-0,407696;-7,417916;-14,8673;-6,875038;-20,53642;-39,22748;-6,93512;-32,02629;-52,56271;-7,30133;-38,22898;-63,57192;-7,913589;-43,27583;-4,620552;-3,277302;-6,282806;-12,92324;-10,83755;-17,44652;-26,05534;-23,30589;-32,83882;-23,52333;-22,27592;-29,74891;-17,70687;-15,28072;-22,76802;-4,019737;-6,0997;-5,197048;-10,28252;-14,35375;-13,39531;-19,15455;-21,94977;-26,22986;-20,51067;-24,20425;-27,88353;-17,19188;-21,76666;-22,51053;12,19801;11,66654;3,698828;3,747089;38,85988;2,530421;23,62265;19,02921;15,521;-15,91984;3,504702;3,731664;-9,191759;-9,377123;3,571387;3,794625;-9,078809;18,27642;103,3227;93,87056;-0,252564;19,81679;64,8434;59,48156;-0,301666;0,16634;-0,00103;0;1,187611;0,810184;0;0;3,118572;-0,637951;-0,00329;0;-0,418339;0,030785;0,000458;0,000458;-1,109775;0,034332;0;0,000458;28,66058;-14,49594;-0,09613;-0,034332;-588,8156;232,7865;0;0,188828;165,0799;4,809951;-0,394821;-0,186253;-173,0758;12,78534;0,054932;0,082397;-220,9727;6,770324;0,027466;0,054932
70;1120;00:00:01:160;0;0;0;1,319759;4,57201;1,692352;1,111628;8,435058;-1,076607;-0,617273;11,1423;-3,597372;-2,745333;12,58675;-5,36837;0,434214;4,169579;1,07738;-2,591103;11,08821;0,910365;-4,087214;15,64914;2,57891;-4,813024;18,14389;3,33323;-5,328852;20,17963;3,818083;-0,715409;3,648195;0,313766;-4,351368;10,24313;-0,246856;-7,657038;14,80039;-0,057088;-9,375344;17,32546;-0,121029;-10,71773;19,44059;-0,319305;-1,790201;3,163137;-0,32155;-5,703693;8,825382;-1,220093;-7,403809;13,13949;-3,043972;-5,424478;12,4004;-4,877192;-4,958036;10,44223;-3,322749;-2,817646;2,698265;-0,967773;-6,770341;6,923929;-2,178202;-7,607721;10,59196;-3,436455;-6,650718;11,16135;-5,13631;-5,101616;9,771056;-6,127512;91,8403;29,81019;-155,6556;160,1709;-51,77828;117,7388;-176,2065;-51,77826;117,7388;-156,6262;-51,8421;117,0372;-156,6262;-51,84209;117,0372;91,46033;29,81019;-155,6556;67,49859;30,91397;-173,8533;71,17318;30,23398;-173,52;75,05432;29,27865;-173,2189;75,02052;29,50321;-173,2878;94,88993;29,43533;-148,7234;87,79681;28,80129;-145,1061;91,3955;30,74656;-145,0512;95,36233;32,40522;-144,7187;95,34947;32,18841;-144,7428;98,4803;28,62388;-141,264;115,1868;30,67199;-145,0011;-140,8635;32,33617;-143,7935;-45,41078;29,46875;-140,7308;-45,30305;29,66106;-140,5125;103,2587;26,77358;-130,8528;111,8779;31,66359;-155,2373;177,2391;33,12717;-154,2912;-120,73;32,71424;-149,7185;-120,8237;32,95801;-149,8913;0;0;0;-289,7813;-271,3472;115,3796;-267,7692;-682,1659;503,5875;-65,03793;-955,9037;849,3781;185,3045;-1090,343;1089,05;-167,7774;-250,1599;152,4079;14,30567;-662,0242;615,6501;28,65303;-854,6359;799,3588;31,26139;-970,8482;907,3909;29,05854;-1074,64;1001,772;-10,44549;-220,919;198,3934;255,8502;-613,3285;682,7505;507,7425;-832,3201;1000,622;640,1647;-965,6438;1184,462;744,9724;-1087,58;1345,057;134,2599;-189,6566;236,6699;460,3456;-526,0975;697,2374;604,8292;-877,7888;1087,598;462,467;-976,6108;1112,59;408,0934;-770,574;897,912;273,7713;-161,7139;275,594;644,0405;-411,9716;677,3465;692,8353;-712,8032;976,613;628,3309;-868,3329;1089,805;521,1276;-865,2944;1037,395;0;0;0;-27,05669;5,730628;5,367279;-28,90062;5,653381;3,896713;-27,08888;-1,012802;-5,390167;-23,83661;-9,590148;-16,64543;-22,24374;2,017021;0,914812;-48,93958;-10,15949;-16,9487;-118,7467;-41,51344;-28,56731;-155,7088;-58,02154;-35,23063;-184,851;-70,94764;-40,91262;-16,17877;-2,792358;-4,865169;-39,52789;-17,5209;-25,78068;-50,79174;-44,71206;-58,82835;-56,16188;-59,41772;-76,68113;-59,92698;-71,42257;-91,23801;-10,92553;-7,264852;-10,2725;-28,79619;-23,19431;-32,32383;-25,1112;-29,7718;-42,97256;-15,75565;-22,67647;-32,11784;-21,02279;-20,76244;-28,54729;-5,700588;-11,55352;-15,43808;-16,21914;-27,72331;-37,23621;-10,66017;-30,19809;-40,43197;-3,072738;-26,87073;-35,2993;1,190185;-21,77238;-27,39143;12,19497;11,66307;3,698591;3,749201;38,84911;2,536055;23,62265;19,02919;15,63523;-15,85057;3,504702;3,731716;-9,247222;-9,360194;3,571441;3,794573;-9,112078;18,27888;103,3227;93,87057;-0,296075;19,81811;64,8434;59,48156;-0,646362;0,338016;0;-0,001144;6,853981;4,156437;0;0,003147;-3,32777;1,01572;0,00329;-0,003104;-1,996136;0,147629;0;0,000458;-2,610665;0,079193;0;0,000458;-20,68176;10,30054;0,061798;-0,068665;339,9822;200,7751;0;0,188828;-386,7805;99,22027;0,394821;-0,186253;-94,66781;7,01065;-0,027466;0;-90,05343;2,69165;0;0
71;1136;00:00:01:176;0;0;0;1,324253;4,57191;1,689108;1,114923;8,435309;-1,079272;-0,615355;11,14341;-3,598166;-2,744543;12,58879;-5,367053;0,437838;4,169762;1,075206;-2,583455;11,09016;0,908396;-4,061754;15,65546;2,580842;-4,778031;18,15236;3,337176;-5,286251;20,18964;3,823568;-0,712879;3,648759;0,312978;-4,345411;10,24566;-0,24668;-7,640594;14,81024;-0,050466;-9,353301;17,33919;-0,110975;-10,69117;19,45743;-0,306498;-1,788611;3,164089;-0,32104;-5,699586;8,828332;-1,217951;-7,397162;13,14396;-3,040603;-5,420607;12,40253;-4,875869;-4,954525;10,4441;-3,321654;-2,816996;2,699571;-0,966024;-6,768362;6,92713;-2,174184;-7,603723;10,59564;-3,432377;-6,648017;11,16377;-5,133384;-5,101251;9,771829;-6,125926;91,83756;29,74722;-155,6917;160,2425;-51,808;117,6624;-176,1349;-51,80798;117,6624;-156,5539;-51,87127;116,9602;-156,5539;-51,87127;116,9602;91,4576;29,74722;-155,6917;67,46107;30,84145;-174,0686;71,13544;30,16166;-173,735;75,0165;29,20649;-173,4335;74,98271;29,431;-173,5025;94,87852;29,37311;-148,7637;87,72282;28,75959;-145,2704;91,32001;30,70492;-145,2185;95,28521;32,36396;-144,8888;95,27257;32,14712;-144,9125;98,45985;28,56348;-141,3085;115,1531;30,61607;-145,0783;-140,8992;32,28088;-143,8727;-45,44874;29,41515;-140,8096;-45,34134;29,60756;-140,5915;103,2267;26,71742;-130,9019;111,8617;31,60246;-155,2984;177,2215;33,06628;-154,3534;-120,7533;32,65472;-149,7837;-120,8469;32,89844;-149,9565;0;0;0;-290,3803;-271,3165;115,7616;-268,3857;-681,9445;504,1715;-65,59097;-955,6605;849,902;184,8413;-1090,173;1089,388;-168,2652;-250,1747;152,6599;13,25373;-662,2874;615,8514;25,51431;-855,5201;799,4514;27,00803;-972,0403;907,4307;23,91768;-1076,058;1001,774;-10,7934;-220,9947;198,4768;255,015;-613,6853;682,6914;506,0692;-832,8452;1000,715;638,0486;-966,2416;1184,65;742,5039;-1088,222;1345,335;134,0328;-189,7929;236,5957;459,7525;-526,5222;696,9416;604,0682;-878,1835;1087,404;462,0075;-976,7769;1112,577;407,6208;-770,8179;897,8113;273,6646;-161,9061;275,3691;643,7285;-412,4406;676,827;692,4191;-713,2195;976,2537;628,0837;-868,5844;1089,598;521,1022;-865,4053;1037,27;0;0;0;-35,9416;1,839638;22,92037;-36,99016;13,28659;35,03894;-33,1825;14,59694;31,43692;-27,79198;10,15663;20,27321;-29,27112;-0,892639;15,12337;-63,11631;-15,78998;12,07924;-188,3232;-53,04909;5,553245;-255,2014;-71,53129;2,386093;-308,4514;-85,05248;0,097275;-20,87496;-4,539012;5,001783;-50,11368;-21,40617;-3,550529;-100,3933;-31,50558;5,56755;-126,9665;-35,8715;11,32393;-148,1094;-38,4922;16,73698;-13,62705;-8,173942;-4,450321;-35,59112;-25,48027;-17,74692;-45,6562;-23,68355;-11,6272;-27,57168;-9,967803;-0,766754;-28,35846;-14,63413;-6,04248;-6,400108;-11,53493;-13,49401;-18,71967;-28,14102;-31,17084;-24,97387;-24,97959;-21,55494;-14,83154;-15,08903;-12,38823;-1,524925;-6,649017;-7,467269;12,19429;11,65917;3,696943;3,750367;38,82089;2,550955;23,62266;19,0292;15,79989;-15,82621;3,504702;3,731664;-9,138628;-9,356372;3,571441;3,794522;-9,082097;18,27667;103,3227;93,87057;-0,274825;19,81746;64,84339;59,48157;-1,69281;0,894012;0,000458;0,000572;9,879455;1,461697;0;-0,003147;6,515636;0,22934;0;-0,00309;1,798839;-0,132637;-0,000458;0,000458;1,274999;-0,038681;-0,000458;0,000458;-62,78686;33,35981;0,027466;0,102997;181,5284;-161,6844;0;-0,377655;590,6043;-47,18285;-0,197411;0,000858;227,6985;-16,81595;-0,027466;0;233,1398;-7,072448;-0,027466;0
72;1152;00:00:01:192;0;0;0;1,330751;4,572871;1,681382;1,120468;8,432373;-1,092354;-0,61144;11,1384;-3,612359;-2,742205;12,58319;-5,379827;0,443011;4,170706;1,069409;-2,572855;11,09339;0,899058;-4,042219;15,66517;2,561644;-4,75384;18,16506;3,312451;-5,258454;20,20434;3,794223;-0,709369;3,649724;0,309684;-4,337377;10,24893;-0,25213;-7,624415;14,81945;-0,057669;-9,332843;17,35127;-0,119305;-10,66733;19,47155;-0,3159;-1,786526;3,165169;-0,321999;-5,69429;8,831538;-1,219475;-7,393988;13,14445;-3,046586;-5,420322;12,39973;-4,883631;-4,952177;10,44376;-3,326935;-2,816337;2,700714;-0,964749;-6,766179;6,930053;-2,171655;-7,602388;10,59687;-3,434196;-6,649129;11,16211;-5,13754;-5,104298;9,768187;-6,130315;91,86684;29,63381;-155,7243;160,4428;-51,77715;117,4505;-175,9345;-51,77713;117,4504;-156,3539;-51,8389;116,7484;-156,3539;-51,83891;116,7484;91,48687;29,63382;-155,7243;67,62544;30,74271;-174,066;71,29802;30,0621;-173,735;75,17694;29,1062;-173,4368;75,14363;29,33088;-173,5051;94,89178;29,25747;-148,8044;87,74554;28,65043;-145,3583;91,34306;30,59575;-145,3056;95,30793;32,25468;-144,9754;95,29529;32,03785;-144,9992;98,45586;28,44731;-141,3576;115,1843;30,4915;-145,071;-140,8705;32,15577;-143,8659;-45,42861;29,28892;-140,8083;-45,3217;29,48128;-140,5903;103,1994;26,60379;-130,9614;111,9124;31,48579;-155,2889;177,2706;32,94892;-154,3436;-120,7156;32,53445;-149,7803;-120,8087;32,77826;-149,9527;0;0;0;-290,65;-271,3106;115,9562;-268,5562;-682,014;504,2863;-65,66186;-955,8158;849,8765;184,8455;-1090,4;1089,223;-168,4827;-250,1857;152,7904;12,79487;-662,4042;615,9695;23,99868;-856,3502;799,4661;24,93126;-973,2429;907,3799;21,39678;-1077,549;1001,663;-10,94523;-221,0285;198,524;254,6576;-613,8373;682,6808;504,8705;-833,6602;1000,388;636,3962;-967,4121;1184,149;740,4821;-1089,68;1344,688;133,9374;-189,85;236,5651;459,506;-526,6992;696,8131;603,8971;-878,4579;1087,166;461,9419;-976,9095;1112,476;407,4762;-770,9323;897,7471;273,6255;-161,9845;275,2642;643,6097;-412,6326;676,5859;692,3206;-713,4452;976,0082;628,0739;-868,7346;1089,424;521,1657;-865,455;1037,183;0;0;0;-16,17908;0,357628;11,67726;-10,23102;-4,174232;6,892204;-4,253268;-9,321212;-1,533508;0,25034;-13,57269;-9,864806;-13,04626;-0,658035;7,827758;-27,53153;-7,006645;7,083893;-90,93761;-49,80468;0,884056;-124,606;-72,14927;-3,044128;-151,2538;-89,4699;-6,660461;-9,109764;-2,028465;2,833843;-21,4448;-9,123801;-0,635147;-71,92325;-48,89488;-19,60373;-99,1373;-70,22666;-30,09796;-121,3045;-87,4958;-38,85269;-5,724191;-3,42679;-1,833915;-14,78576;-10,62298;-7,710456;-10,26821;-16,46232;-14,31656;-3,936767;-7,959365;-6,088256;-8,674621;-6,866455;-3,856658;-2,341747;-4,704237;-6,295681;-7,123947;-11,52134;-14,46247;-5,908012;-13,53836;-14,72854;-0,58651;-9,012221;-10,46562;3,810882;-2,981186;-5,218505;12,1892;11,65763;3,69804;3,750597;38,83508;2,543374;23,62265;19,0292;15,78761;-15,73503;3,504646;3,731664;-9,100166;-9,316459;3,571441;3,794573;-9,127742;18,28004;103,3227;93,87057;-0,310274;19,81856;64,8434;59,48156;0,85144;-0,45486;-0,000458;0;-0,737057;5,470848;-0,003347;0;2,307701;2,39479;0;0,00309;-2,738685;0,202446;0;-0,000458;-2,126936;0,065918;0,000458;-0,000916;152,655;-80,93232;-0,054932;-0,034332;-636,9907;240,5491;-0,200844;0,188828;-252,4761;129,927;0;0,370789;-272,2515;20,10498;0,027466;-0,054932;-204,1161;6,275939;0,054932;-0,082397
73;1168;00:00:01:208;0;0;0;1,332756;4,573178;1,678959;1,121755;8,432484;-1,094996;-0,610894;11,1385;-3,614499;-2,74223;12,5834;-5,3812;0,444621;4,171008;1,067561;-2,569489;11,09442;0,895914;-4,028244;15,67016;2,55696;-4,734156;18,17194;3,306876;-5,234183;20,21252;3,787877;-0,708255;3,650033;0,308584;-4,334777;10,24999;-0,25411;-7,617432;14,82358;-0,057933;-9,323525;17,35699;-0,118679;-10,65614;19,47851;-0,314586;-1,785839;3,165516;-0,3224;-5,692523;8,832569;-1,22026;-7,392513;13,14481;-3,048676;-5,419764;12,39897;-4,886251;-4,951159;10,4437;-3,328825;-2,816076;2,701082;-0,964482;-6,765364;6,930996;-2,171188;-7,602368;10,597;-3,435563;-6,649858;11,16129;-5,139638;-5,10534;9,766894;-6,132228;91,87766;29,59995;-155,7342;160,4803;-51,78405;117,4146;-175,8971;-51,78405;117,4146;-156,3163;-51,84552;116,7124;-156,3163;-51,84551;116,7124;91,49769;29,59994;-155,7342;67,65593;30,70716;-174,1714;71,32804;30,0264;-173,841;75,20647;29,07038;-173,5435;75,17328;29,29509;-173,6116;94,89781;29,22272;-148,8166;87,72621;28,6234;-145,4211;91,32332;30,56873;-145,3692;95,28765;32,22776;-145,0398;95,27507;32,01091;-145,0635;98,45666;28,41217;-141,3724;115,1933;30,45468;-145,0734;-140,8622;32,1188;-143,8685;-45,42284;29,25163;-140,8124;-45,31607;29,44396;-140,5946;103,193;26,5691;-130,9794;111,937;31,44986;-155,2718;177,2949;32,91264;-154,3262;-120,6949;32,49666;-149,765;-120,7878;32,74054;-149,9372;0;0;0;-291,0399;-271,3682;116,4198;-268,9217;-681,772;505,1257;-65,9501;-955,408;850,8165;184,6429;-1089,938;1090,093;-168,7931;-250,2424;153,1382;12,15888;-662,5977;616,5298;22,36736;-857,2252;800,5745;22,7745;-974,4554;908,7862;18,82714;-1079,008;1003,31;-11,15584;-221,0864;198,7217;254,1755;-614,0336;683,0078;503,6495;-834,2182;1000,861;634,781;-968,1452;1184,711;738,5499;-1090,538;1345,333;133,8123;-189,9148;236,6227;459,1883;-526,8915;696,9045;603,7549;-878,4885;1087,517;461,9602;-976,7427;1112,937;407,3494;-770,9126;898,0643;273,5861;-162,0531;275,1876;643,4787;-412,808;676,4342;692,3311;-713,5222;976,1168;628,2381;-868,6381;1089,674;521,4033;-865,2384;1037,452;0;0;0;-23,39315;-3,458977;27,81343;-21,9326;14,51969;50,35973;-17,29488;24,46747;56,40221;-12,15577;27,68326;52,17934;-18,6224;-3,398895;20,86901;-38,15983;-11,61003;33,61988;-97,87917;-52,49977;66,50161;-129,4058;-72,75581;84,37728;-154,1787;-87,5759;98,84834;-12,63624;-3,473282;11,86108;-28,92494;-11,77597;19,62089;-73,25935;-33,48541;28,37563;-96,91714;-43,98536;33,76007;-115,9372;-51,46408;38,72108;-7,505893;-3,88813;3,451824;-19,06299;-11,54137;5,487442;-8,534431;-1,836776;21,07429;1,095772;10,01358;27,65465;-7,61032;1,181602;19,03724;-2,370357;-4,114151;-4,593372;-7,859229;-10,5257;-9,103774;0,629425;-4,623413;6,51741;9,853362;5,784988;14,99748;14,25648;12,99477;16,119;12,18546;11,65517;3,697287;3,752469;38,81794;2,552474;23,62264;19,02921;15,87557;-15,6826;3,504758;3,731716;-9,056163;-9,314433;3,571441;3,794625;-9,137403;18,28076;103,3227;93,87056;-0,333378;19,81928;64,84339;59,48156;-1,028595;0,545983;-0,000572;0,000572;5,277843;3,145294;0,006695;0,003147;2,640209;0,121536;0;0,003104;-0,5797;0,043144;0,000458;-0,000458;-1,386248;0,042915;-0,000458;0;-112,8021;60,05058;-0,006866;0,034332;360,894;-139,5332;0,602531;0,188828;19,95048;-136,3952;0;0,000858;129,5391;-9,558105;0,027466;0;44,4413;-1,380158;-0,054932;0,054932
74;1184;00:00:01:224;0;0;0;1,346197;4,571846;1,671846;1,14305;8,426705;-1,10887;-0,584727;11,13306;-3,631349;-2,713926;12,5808;-5,398294;0,456412;4,17119;1,061856;-2,540085;11,1021;0,884539;-3,969057;15,69036;2,536912;-4,65886;18,19807;3,281984;-5,1459;20,24274;3,75895;-0,698567;3,652225;0,304703;-4,308702;10,26076;-0,262634;-7,568835;14,85034;-0,064375;-9,262642;17,39202;-0,124092;-10,58513;19,51993;-0,319244;-1,778031;3,169685;-0,324579;-5,671062;8,845621;-1,225621;-7,363953;13,15843;-3,059261;-5,394446;12,40567;-4,89749;-4,928379;10,4519;-3,337415;-2,810109;2,707093;-0,965032;-6,749748;6,945617;-2,173066;-7,582473;10,6104;-3,443796;-6,630569;11,17002;-5,149747;-5,088912;9,771469;-6,140937;91,92589;29,51739;-155,8575;160,6489;-51,721;117,1196;-175,7285;-51,72098;117,1196;-156,1487;-51,7812;116,418;-156,1487;-51,7812;116,4181;91,54591;29,51739;-155,8575;67,79718;30,63156;-174,449;71,46781;29,95011;-174,1207;75,34447;28,99345;-173,8261;75,31169;29,2183;-173,8935;94,93413;29,13571;-148,9461;87,70347;28,56;-145,7109;91,30007;30,50534;-145,6599;95,26357;32,16449;-145,3316;95,25105;31,94764;-145,3551;98,47958;28,3218;-141,5086;115,2439;30,35919;-145,1648;-140,8131;32,0224;-143,9594;-45,38112;29,15315;-140,9091;-45,27471;29,34535;-140,6913;103,197;26,47656;-131,1248;112,0309;31,36032;-155,3063;177,3885;32,8218;-154,3587;-120,6106;32,39986;-149,8032;-120,7029;32,64393;-149,9748;0;0;0;-291,1602;-271,3866;116,5652;-268,9409;-681,895;505,188;-65,88856;-955,6035;850,7886;184,7545;-1090,172;1089,993;-168,8897;-250,2605;153,2491;11,95695;-662,6598;616,7185;20,73667;-858,276;800,8469;20,37938;-976,0256;909,0811;15,82201;-1080,984;1003,605;-11,22266;-221,1049;198,7877;254,0196;-614,0967;683,1266;502,4369;-834,5988;1001,024;632,9921;-968,694;1184,896;736,2859;-1091,221;1345,536;133,7711;-189,9356;236,6467;459,0823;-526,9534;696,9516;603,8438;-878,5151;1087,614;462,0566;-976,7007;1113,077;407,3398;-770,9105;898,1788;273,5704;-162,0752;275,1716;643,4298;-412,8646;676,4062;692,6277;-713,5396;976,197;628,6025;-868,5999;1089,801;521,6458;-865,1676;1037,584;0;0;0;-7,216929;-1,102924;8,723973;-1,152992;-7,378577;3,739357;3,692865;-11,73019;-1,676559;6,69837;-14,03618;-6,01387;-5,796432;-1,085758;6,650448;-12,11554;-3,725051;11,31821;-97,84161;-63,05122;16,34216;-143,7074;-94,20776;17,69256;-180,3075;-118,5379;17,68684;-4,009232;-1,114368;3,95751;-9,355544;-3,787994;7,129669;-72,75581;-22,83668;9,744643;-107,3341;-32,93037;11,11221;-135,8356;-41,0099;12,18223;-2,474785;-1,249552;1,444816;-6,362915;-3,710746;2,823829;5,335807;-1,596451;5,807876;5,784988;2,5177;8,399962;-0,575066;0,128746;6,866455;-0,941276;-1,325369;-0,959873;-2,935409;-3,396034;-1,682281;17,79842;-1,041412;4,806518;21,86394;2,29454;7,667541;14,55116;4,245758;7,907866;12,18503;11,65779;3,699088;3,752923;38,84826;2,536531;23,62266;19,0292;16,02189;-15,54232;3,504646;3,731664;-8,916101;-9,287852;3,571441;3,794625;-9,172969;18,28341;103,3227;93,87056;-0,408304;19,82162;64,84339;59,48156;1,818924;-0,956526;0,00103;-0,000572;8,779392;8,416901;-0,006695;-0,003147;8,40374;1,594849;0;0;-2,133923;0,15873;0;0;-4,495522;0,140877;0;0;170,8511;-90,15054;0,09613;-0,068665;210,0929;316,2964;-0,803375;-0,377655;345,8118;88,39874;0;-0,186253;-93,25333;6,935119;-0,027466;0,027466;-186,5564;5,877686;0,027466;0
75;1200;00:00:01:240;0;0;0;1,353927;4,570385;1,669597;1,155093;8,428139;-1,107413;-0,569534;11,13861;-3,627628;-2,696958;12,59012;-5,39362;0,463441;4,170927;1,059844;-2,521474;11,10675;0,879382;-3,938001;15,70116;2,525376;-4,621002;18,21176;3,266962;-5,102497;20,25841;3,741088;-0,692444;3,653533;0,303;-4,291555;10,26782;-0,267296;-7,536194;14,8684;-0,069651;-9,221414;17,41577;-0,129706;-10,5367;19,54811;-0,325133;-1,772747;3,172498;-0,325996;-5,656331;8,854506;-1,229539;-7,342505;13,16899;-3,065427;-5,374255;12,41215;-4,903324;-4,911203;10,45848;-3,34222;-2,805631;2,711327;-0,966174;-6,738242;6,955854;-2,176021;-7,566407;10,62073;-3,449457;-6,613783;11,17792;-5,155804;-5,073846;9,776732;-6,145941;91,95309;29,50349;-155,9399;160,5903;-51,76499;117,1103;-175,787;-51,76498;117,1103;-156,2065;-51,82564;116,4082;-156,2065;-51,82563;116,4082;91,57313;29,50349;-155,9399;67,88922;30,62414;-174,5575;71,55916;29,94223;-174,2305;75,43492;28,98517;-173,9377;75,40234;29,21012;-174,0046;94,95912;29,11905;-149,0297;87,71062;28,55907;-145,9008;91,30736;30,50441;-145,8495;95,27097;32,16352;-145,5209;95,25845;31,94667;-145,5445;98,50173;28,30245;-141,5939;115,2717;30,33989;-145,2409;-140,7853;32,0026;-144,0348;-45,35535;29,13213;-140,9866;-45,249;29,32424;-140,7688;103,2145;26,45403;-131,2128;112,0761;31,34357;-155,3538;177,4342;32,80442;-154,405;-120,5669;32,37947;-149,8508;-120,659;32,62366;-150,0221;0;0;0;-291,9666;-271,3067;116,992;-270,3702;-681,244;506,2716;-67,70495;-954,7825;852,2081;182,7686;-1089,437;1091,495;-169,5971;-250,2714;153,5914;10,19268;-663,1206;617,401;17,02476;-859,8715;802,1115;15,61765;-978,1837;910,6566;10,21687;-1083,554;1005,428;-11,80392;-221,2365;199,0206;252,455;-614,743;683,6381;498,9913;-836,4039;1001,525;628,5175;-971,1038;1185,392;730,9608;-1094,105;1346,027;133,3026;-190,1857;236,7775;457,7946;-527,7365;697,2733;602,1634;-879,3335;1088,243;460,5619;-977,1036;1113,748;405,9827;-771,4032;898,6944;273,2124;-162,4358;275,2046;642,4928;-413,7418;676,5189;691,5498;-714,3472;976,6901;627,5699;-869,1279;1090,409;520,7301;-865,4448;1038,113;0;0;0;-48,38705;4,793643;25,60544;-85,75343;39,05868;65,01674;-108,9835;49,26109;85,16692;-119,1544;44,10553;90,15655;-42,44756;-0,658035;20,54071;-105,8561;-27,64893;40,94982;-222,7145;-95,72982;75,87432;-285,7035;-129,4899;94,53391;-336,3087;-154,2091;109,3941;-34,87573;-7,8907;13,97324;-93,87445;-38,7783;30,68447;-206,7346;-108,3069;30,08079;-268,4727;-144,5846;29,74891;-319,5047;-173,006;29,46853;-28,10669;-15,00821;7,844924;-77,26192;-46,98658;19,30046;-100,8224;-49,10087;37,78267;-89,68448;-24,17564;40,26031;-81,42471;-29,56295;30,9391;-21,48056;-21,63577;1,979828;-56,2191;-52,63138;6,760597;-64,67628;-48,45714;29,5887;-61,95544;-31,68296;36,43226;-54,94308;-16,62826;31,74591;12,16685;11,64323;3,695269;3,759089;38,76903;2,57828;23,62266;19,0292;16,04656;-15,46727;3,504702;3,731611;-8,822072;-9,250939;3,571387;3,794573;-9,179628;18,2839;103,3227;93,87057;-0,437455;19,82254;64,8434;59,48156;-4,753646;2,504925;0;0;1,47995;4,503365;0,003347;-0,003147;5,641708;2,214775;-0,00329;-0,003104;-0,39957;0,029411;0;0,000916;-1,749061;0,054932;0,000458;0;-394,3542;207,6871;-0,061798;0,034332;-437,9665;-234,8121;0,602531;0;-165,7219;37,19559;-0,197411;-0,186253;104,0611;-7,759093;0;0,054932;164,7876;-5,156708;0,027466;0
76;1216;00:00:01:256;0;0;0;1,368468;4,56775;1,664947;1,179673;8,424884;-1,113625;-0,538055;11,13913;-3,634488;-2,661899;12,59587;-5,400485;0,47654;4,170455;1,05589;-2,487308;11,11517;0,870256;-3,876821;15,72195;2,504666;-4,545115;18,23838;3,239895;-5,014663;20,28899;3,708817;-0,681201;3,655897;0,299946;-4,260367;10,2806;-0,275;-7,463013;14,91067;-0,081271;-9,124901;17,47327;-0,143437;-10,42059;19,61742;-0,340585;-1,763201;3,177586;-0,328209;-5,629803;8,870575;-1,23545;-7,30195;13,1896;-3,073503;-5,337111;12,42477;-4,911745;-4,880092;10,47057;-3,349532;-2,797725;2,718984;-0,967583;-6,717847;6,974372;-2,179807;-7,53746;10,63963;-3,457682;-6,583963;11,19233;-5,165001;-5,047713;9,786139;-6,15378;91,99754;29,46275;-156,0925;160,6314;-51,751;116,9172;-175,746;-51,75098;116,9172;-156,1656;-51,81133;116,2152;-156,1656;-51,81132;116,2152;91,61756;29,46275;-156,0925;68,06062;30,59182;-174,8;71,72916;29,90906;-174,4755;75,60313;28,95126;-174,186;75,57096;29,17638;-174,2522;94,99745;29,07396;-149,1855;87,75583;28,56697;-146,4018;91,35345;30,51228;-146,3487;95,31793;32,17115;-146,0185;95,3053;31,95432;-146,0423;98,53282;28,2534;-141,7537;115,2919;30,29758;-145,4274;-140,7658;31,95994;-144,2213;-45,33905;29,08865;-141,1755;-45,23284;29,2807;-140,9577;103,2347;26,40084;-131,3783;112,146;31,29868;-155,4567;177,5043;32,75852;-154,5063;-120,5017;32,32907;-149,9551;-120,5934;32,57342;-150,126;0;0;0;-292,4305;-271,219;117,1269;-271,1436;-681,2276;506,2686;-68,6993;-954,9489;852,1218;181,6539;-1089,801;1091,375;-170,0189;-250,2556;153,7121;9,076014;-663,3997;617,7104;14,66446;-861,3451;802,8923;12,58814;-980,2769;911,6665;6,650537;-1086,125;1006,601;-12,17128;-221,3149;199,1227;251,4262;-615,1669;683,9178;495,3169;-838,5086;1002,267;623,3809;-974,1082;1186,352;724,6024;-1097,836;1347,138;132,9856;-190,3546;236,8625;456,9108;-528,2696;697,5084;600,7456;-879,9634;1088,635;459,2545;-977,4893;1114,11;404,9142;-771,7966;898,9819;272,9437;-162,6899;275,2732;641,8024;-414,3561;676,6962;690,7504;-714,9725;977,0286;626,7398;-869,6077;1090,773;519,9256;-865,7642;1038,422;0;0;0;-27,8306;5,25999;8,095979;-46,40579;0,987053;-0,183106;-59,66055;-9,984969;-5,172729;-66,87998;-21,85249;-7,226943;-25,30646;0,948429;7,240533;-67,00024;-16,7427;18,56518;-141,6179;-88,41705;46,85211;-181,7705;-125,5874;60,59074;-213,9799;-154,2435;70,34682;-22,04172;-4,707813;6,131172;-61,72513;-25,42877;16,78276;-220,4647;-126,2798;44,49463;-308,1979;-180,2616;57,59811;-381,5088;-223,875;66,63894;-19,02222;-10,12802;5,099773;-53,02906;-31,98337;14,10484;-85,06965;-37,79411;23,46611;-78,44066;-23,13995;21,77238;-64,11552;-23,60916;17,25197;-16,12043;-15,24496;4,11272;-41,42189;-36,85855;10,63728;-47,96505;-37,51945;20,30754;-49,80468;-28,78761;21,85249;-48,27118;-19,16885;18,56804;12,15315;11,62334;3,693736;3,762199;38,74239;2,592222;23,62267;19,0292;16,13068;-15,30778;3,504702;3,731664;-8,516061;-9,06655;3,571387;3,794573;-9,153389;18,28195;103,3227;93,87057;-0,478881;19,82386;64,8434;59,48155;-1,598282;0,836492;0,000572;0;5,047073;9,569263;0;0,003147;18,36067;11,06335;0;0;1,574364;-0,116959;0;-0,000458;-2,485581;0,079193;0;-0,000458;189,3219;-100,106;0,034332;0;214,0274;303,9539;-0,200844;0,377655;763,1377;530,9142;0,197411;0,186253;118,436;-8,782195;0;-0,082397;-44,19121;1,455688;-0,027466;-0,027466
77;1232;00:00:01:272;0;0;0;1,378333;4,566261;1,66089;1,194881;8,421517;-1,120643;-0,519531;11,13709;-3,642339;-2,641918;12,59655;-5,407835;0,485195;4,170244;1,052773;-2,465714;11,12041;0,864811;-3,843153;15,73475;2,48805;-4,504939;18,25469;3,217125;-4,969255;20,30764;3,680994;-0,674088;3,65737;0,298052;-4,241214;10,28842;-0,278544;-7,426007;14,93128;-0,097011;-9,077935;17,50014;-0,165874;-10,36522;19,64883;-0,368574;-1,757465;3,180684;-0,328965;-5,614033;8,880344;-1,237022;-7,309885;13,20602;-3,037331;-5,353192;12,45929;-4,891634;-4,881285;10,4964;-3,344827;-2,793337;2,723609;-0,967249;-6,706364;6,985573;-2,179299;-7,518605;10,65218;-3,458007;-6,565252;11,20198;-5,166338;-5,033055;9,791862;-6,155806;92,01696;29,40756;-156,1909;160,7302;-51,73019;116,7276;-175,6472;-51,73018;116,7276;-156,0671;-51,78978;116,0258;-156,0671;-51,78978;116,0258;91,63698;29,40757;-156,1909;68,22885;30,54712;-174,8534;71,89592;29,86355;-174,5313;75,76807;28,90501;-174,2452;75,73634;29,13031;-174,3106;95,00908;29,01714;-149,2878;87,89816;28,51762;-146,5555;91,49849;30,4628;-146,4968;95,4652;32,12095;-146,1618;95,45226;31,90417;-146,1863;98,53593;28,19575;-141,8601;114,7221;30,24119;-145,5374;-141,347;31,91382;-144,3514;-45,90545;29,06895;-141,2735;-45,80039;29,26289;-141,0579;103,2262;26,34365;-131,4899;112,1481;31,24588;-155,5873;177,5055;32,70569;-154,6374;-120,5055;32,27633;-150,0889;-120,5971;32,52066;-150,2597;0;0;0;-293,3029;-271,061;117,4059;-272,6031;-681,0631;506,6159;-70,56311;-955,0302;852,4922;179,5795;-1090,205;1091,739;-170,8048;-250,2272;153,9494;7,026047;-663,9048;618,2579;11,07936;-863,1707;804,3165;8,172735;-982,7643;913,551;1,565069;-1089,102;1008,845;-12,8459;-221,4568;199,306;249,555;-615,9335;684,3801;490,6976;-841,9653;1003,143;617,2314;-978,9819;1187,422;717,1648;-1103,834;1348,339;132,4128;-190,6598;236,9953;455,3191;-529,2338;697,863;598,5098;-878,3468;1090,016;457,4353;-976,2625;1116,935;403,2947;-771,7866;900,876;272,4693;-163,1493;275,3577;640,5788;-415,4672;676,9233;688,9024;-716,1027;977,5228;624,8309;-870,4681;1091,324;518,2904;-866,3262;1038,886;0;0;0;-52,34671;9,48429;16,73984;-87,56876;9,867667;20,84255;-111,8292;-4,875183;22,22442;-124,4702;-24,20425;21,8296;-47,15466;1,702309;14,23717;-122,998;-30,31253;32,85312;-215,1064;-109,5314;85,45303;-264,9245;-149,2481;113,0733;-305,1281;-178,6194;134,6626;-40,4769;-8,512973;10,99276;-112,2751;-45,99666;27,73762;-277,1616;-207,4013;52,59705;-368,9718;-292,4251;64,21279;-446,2538;-359,8594;72,0806;-34,36803;-18,31698;7,967948;-95,50094;-57,84988;21,28029;-134,1476;96,99439;82,86666;-109,1509;73,60839;169,5042;-97,16605;0,606537;113,6456;-28,46146;-27,56381;5,071163;-73,41956;-66,66183;13,63277;-110,8789;-67,81196;29,65736;-114,5353;-51,6243;33,07914;-98,11019;-33,72001;27,84348;12,14431;11,6094;3,69884;3,760756;38,7504;2,587917;23,62266;19,02921;16,10065;-15,18985;3,504758;3,731611;-8,471622;-8,906004;3,571441;3,794625;-9,148149;17,70289;103,3227;93,87057;-0,450674;19,82297;64,8434;59,48155;0,480881;-0,258279;-0,000572;0,000572;-1,801872;7,075595;0,003347;-0,003147;2,666359;9,632777;0,00329;0,003104;0,314369;-34,74346;0;0,000458;1,692431;-0,053215;0;0;124,7497;-65,68622;-0,068665;0,034332;-410,9367;-149,62;0,200844;-0,377655;-941,6586;-85,83411;0,197411;0,186253;-75,59966;-2077,59;0;0,054932;250,6807;-7,944488;0;0,027466
78;1248;00:00:01:288;0;0;0;1,383742;4,565412;1,658728;1,199578;8,420258;-1,123327;-0,516077;11,13665;-3,643296;-2,639673;12,59739;-5,406275;0,489531;4,169982;1,051804;-2,45667;11,12223;0,867114;-3,8237;15,74174;2,484444;-4,479989;18,26408;3,210184;-4,939979;20,31864;3,67125;-0,671096;3,657873;0,298631;-4,234246;10,29141;-0,273866;-7,411804;14,93928;-0,093646;-9,059857;17,51061;-0,163317;-10,34401;19,6611;-0,366768;-1,755626;3,181908;-0,326938;-5,609313;8,884241;-1,230443;-7,360059;13,21936;-2,953835;-5,417001;12,51435;-4,838554;-4,912416;10,53478;-3,323635;-2,792652;2,72552;-0,963838;-6,704216;6,990172;-2,171146;-7,516315;10,65689;-3,449629;-6,564857;11,20586;-5,159285;-5,03459;9,794788;-6,15038;91,98734;29,33756;-156,2462;160,8478;-51,75402;116,5912;-175,5296;-51,754;116,5912;-155,9489;-51,81271;115,8889;-155,9489;-51,81269;115,8889;91,60735;29,33756;-156,2462;68,32979;30,47178;-174,9077;71,99569;29,78773;-174,5872;75,86646;28,82877;-174,3032;75,83504;29,05414;-174,3682;94,97018;28,95075;-149,3474;87,9146;28,45587;-146,6352;91,51517;30,40104;-146,5759;95,48177;32,0591;-146,2406;95,4688;31,84234;-146,2651;98,48791;28,13431;-141,9235;113,5849;30,18185;-145,6292;-142,5057;31,87451;-144,4832;-47,03177;29,08307;-141,3404;-46,92879;29,28065;-141,1292;103,1674;26,29083;-131,5568;112,1265;31,17472;-155,626;177,4821;32,63487;-154,6775;-120,5354;32,20728;-150,1323;-120,6267;32,45154;-150,3031;0;0;0;-293,8948;-270,9716;117,6493;-273,5032;-680,886;507,0165;-71,65445;-954,9479;852,93;178,4041;-1090,293;1092,141;-171,3241;-250,2146;154,1363;5,730427;-664,2189;618,5847;8,949189;-864,5012;805,4348;5,598016;-984,6088;915,0852;-1,362607;-1091,331;1010,704;-13,27265;-221,5452;199,4196;248,4058;-616,4026;684,5927;488,3924;-843,5966;1004,162;614,2801;-981,2048;1188,87;713,6674;-1106,507;1350,131;132,0686;-190,8457;237,0406;454,3728;-529,8199;697,9574;599,2662;-873,9488;1089,465;459,1022;-974,5441;1120,039;403,8041;-771,915;903,3058;272,2061;-163,4268;275,3376;639,8898;-416,1392;676,8928;687,8332;-716,8577;977,5418;623,775;-871,0496;1091,404;517,4484;-866,6709;1039,011;0;0;0;-35,51244;5,362987;14,60624;-54,00753;10,62584;24,03259;-65,48022;4,932403;26,26419;-70,52063;-5,292892;24,12987;-31,15654;0,75531;11,21807;-77,73714;-18,8427;19,60373;-127,8099;-79,83398;67,0967;-154,4831;-110,6701;92,05054;-175,6605;-133,7585;111,5513;-25,60499;-5,302906;6,821394;-68,95351;-28,15247;12,7573;-138,3104;-97,87559;61,11144;-177,0773;-133,3752;86,84348;-209,8474;-160,4061;107,4715;-20,64943;-11,15155;2,720833;-56,77414;-35,16769;5,659103;45,38154;263,8836;-33,05053;100,0156;103,1055;186,1896;30,56144;-7,710456;145,7863;-15,79714;-16,65044;-1,20306;-41,34178;-40,32325;-1,833915;-64,15557;-45,29571;1,138687;-63,35162;-34,88731;4,817962;-50,51994;-20,67947;7,501601;12,13715;11,60386;3,70906;3,760838;38,75686;2,584593;23,62265;19,0292;16,11118;-15,07808;3,504702;3,731664;-8,45489;-8,837202;3,571441;3,794573;-9,122682;16,61427;103,3227;93,87057;-0,466462;19,82347;64,84338;59,48154;0,387039;-0,199471;-0,000458;-0,000572;0,632286;6,706581;-0,003347;0,003147;1,003876;4,128113;0;-0,003104;1,528072;-65,31761;-0,000458;0;-0,947283;0,02964;-0,000916;-0,000229;-5,630493;3,5285;0,006866;-0,068665;146,0495;-22,14088;-0,401688;0,377655;-99,74897;-330,2798;-0,197411;-0,372505;72,82218;-1834,449;-0,027466;-0,027466;-158,3828;4,971313;-0,054932;-0,013733
79;1264;00:00:01:304;0;0;0;1,385696;4,565333;1,657309;1,199851;8,420719;-1,123887;-0,517352;11,13765;-3,642219;-2,642044;12,5988;-5,403541;0,490991;4,17;1,051054;-2,45414;11,12274;0,86776;-3,814166;15,7439;2,486277;-4,466753;18,26703;3,212595;-4,92383;20,32215;3,674072;-0,670255;3,658018;0,298747;-4,232663;10,29212;-0,271887;-7,384707;14,95747;-0,095473;-9,01857;17,53778;-0,167199;-10,29079;19,6952;-0,372325;-1,755307;3,182179;-0,326012;-5,608644;8,88509;-1,22736;-7,395;13,22504;-2,901334;-5,460626;12,54737;-4,80492;-4,934924;10,55762;-3,310664;-2,79286;2,725908;-0,962138;-6,704536;6,991118;-2,167108;-7,517751;10,65746;-3,445939;-6,567474;11,20609;-5,156363;-5,037765;9,794889;-6,148135;91,97457;29,29841;-156,2623;160,8936;-51,78048;116,5534;-175,4838;-51,78045;116,5534;-155,9026;-51,83882;115,8506;-155,9026;-51,83881;115,8506;91,5946;29,29841;-156,2623;68,32353;30,42705;-174,982;71,98918;29,74302;-174,6616;75,85977;28,78409;-174,3775;75,82839;29,00946;-174,4425;94,95217;28,91322;-149,366;87,95852;28,46194;-146,9292;91,55995;30,40707;-146,8681;95,52737;32,06491;-146,5313;95,51431;31,84815;-146,556;98,46468;28,09913;-141,9444;112,8615;30,14894;-145,6712;-143,2427;31,85397;-144,5508;-47,7483;29,09708;-141,3673;-47,64664;29,29699;-141,1589;103,1378;26,2599;-131,5798;112,1229;31,13421;-155,6237;177,4776;32,5944;-154,6758;-120,5436;32,16723;-150,1325;-120,6348;32,41149;-150,3033;0;0;0;-294,2193;-270,9206;117,779;-273,8153;-680,7496;507,2277;-71,91081;-954,8226;853,0688;178,2121;-1090,228;1092,142;-171,5843;-250,1989;154,1945;5,187794;-664,3283;618,4465;7,492862;-865,0382;805,6019;3,656432;-985,3534;915,4215;-3,688372;-1092,223;1011,18;-13,45217;-221,5754;199,3849;247,9877;-616,5825;684,312;486,1704;-845,2177;1004,335;611,0686;-983,597;1189,258;709,6354;-1109,522;1350,668;131,9583;-190,9192;236,919;454,0896;-530,0538;697,5626;602,4338;-871,2811;1085,443;463,3637;-975,3734;1119,582;405,9456;-773,2792;903,7596;272,165;-163,5415;275,133;639,7609;-416,4152;676,4037;687,761;-717,1423;977,0387;623,8217;-871,2845;1090,982;517,58;-866,8481;1038,69;0;0;0;-19,47212;3,058433;7,781981;-18,72396;8,188247;12,67147;-15,38157;7,518767;8,331298;-11,52277;3,919601;0,085831;-15,6126;0,944138;3,488302;-32,55799;-6,566048;-8,294105;-87,37966;-32,22084;10,02502;-116,495;-44,67201;20,17593;-139,5459;-53,50113;28,56445;-10,77148;-1,811027;-2,087116;-25,08402;-10,78606;-16,84284;-133,3179;-97,26905;10,39123;-192,6899;-143,5318;23,28872;-241,9166;-180,8967;32,24372;-6,619692;-4,408121;-7,297038;-16,99161;-14,03332;-23,68355;190,0577;160,0571;-241,2986;255,6896;-49,75891;-27,4086;128,4942;-81,84814;27,22549;-2,464771;-6,881475;-12,27665;-7,730483;-16,55674;-29,34837;-4,328727;-17,08031;-30,18951;2,79808;-14,0934;-25,36583;7,893561;-10,63156;-19,3119;12,13506;11,58341;3,715357;3,762421;38,74104;2,592872;23,62265;19,0292;16,16792;-15,05846;3,504702;3,731716;-8,210065;-8,634312;3,571387;3,794625;-9,103578;15,91578;103,3227;93,87056;-0,48295;19,82399;64,84338;59,48156;-0,948944;0,496774;0;0;3,404045;1,176739;0;0,003147;14,68952;12,17342;-0,00329;0,003104;1,14624;-41,909;0;-0,000916;-0,989276;0,031357;0;0,001144;-80,15899;41,77465;0,027466;0,034332;166,3055;-331,7905;0,200844;0;821,1387;482,7186;-0,197411;0,372505;-22,90993;1404,516;0,027466;-0,054932;-2,51956;0,102997;0,054932;0,082397
80;1280;00:00:01:320;0;0;0;1,391329;4,564175;1,655781;1,205726;8,420767;-1,123758;-0,511784;11,13984;-3,639565;-2,63699;12,60312;-5,398494;0,495702;4,16961;1,050387;-2,443393;11,12497;0,86952;-3,799438;15,74773;2,486818;-4,449988;18,2716;3,212397;-4,905518;20,32721;3,673203;-0,666708;3,65863;0,299197;-4,223726;10,29588;-0,268414;-7,367172;14,96711;-0,093898;-8,996352;17,55035;-0,166722;-10,26472;19,70993;-0,372806;-1,752771;3,18373;-0,324519;-5,601862;8,890035;-1,222523;-7,426018;13,2348;-2,842385;-5,501907;12,58646;-4,766479;-4,953459;10,58595;-3,294917;-2,791329;2,728354;-0,959646;-6,700327;6,996997;-2,161147;-7,513327;10,66317;-3,440621;-6,575578;11,23306;-5,151008;-5,039019;9,857748;-6,181835;91,95267;29,24796;-156,3242;160,9486;-51,82232;116,4712;-175,4288;-51,82229;116,4712;-155,8467;-51,88024;115,7676;-155,8466;-51,88023;115,7676;91,57269;29,24796;-156,3242;68,35271;30,37532;-174,9993;72,01781;29,69115;-174,6794;75,88785;28,7321;-174,3961;75,8566;28,9575;-174,4609;94,92359;28,86543;-149,431;87,98132;28,41958;-147,0229;91,58313;30,36469;-146,961;95,55066;32,0224;-146,6236;95,53755;31,80566;-146,6483;98,42957;28,05497;-142,0121;112,0716;30,10142;-145,7298;-144,0478;31,81965;-144,6376;-48,53208;29,10107;-141,4106;-48,43194;29,30342;-141,2054;103,095;26,22204;-131,6499;112,1215;31,08072;-155,645;176,7718;32,54095;-154,6977;-121,882;32,1611;-150,15;-121,9768;32,40189;-150,3275;0;0;0;-294,3366;-270,9159;117,8642;-273,8772;-680,6853;507,3369;-71,90852;-954,7332;853,1272;178,2677;-1090,137;1092,122;-171,6719;-250,2;154,2395;5,036004;-664,3588;618,4078;7,060937;-865,2434;805,5515;3,078974;-985,6467;915,3663;-4,378057;-1092,583;1011,123;-13,50266;-221,5841;199,3779;247,8927;-616,6247;684,1932;484,4118;-846,6996;1004,523;608,3837;-985,8312;1189,599;706,1709;-1112,348;1351,122;131,9391;-190,9354;236,8634;454,0495;-530,1046;697,3777;604,8403;-867,7912;1083,31;466,5624;-974,594;1120,52;407,6403;-773,5924;904,8693;272,1774;-163,5648;275,031;639,7802;-416,472;676,1614;687,9897;-717,1816;976,816;624,1735;-871,157;1092,296;517,8525;-869,3035;1041,965;0;0;0;-7,036686;0,28038;5,108356;-3,717899;3,853797;6,554604;0,137329;5,367279;3,501892;3,335953;5,435943;-1,23024;-5,254268;-0,062943;2,702236;-9,10744;-1,825332;-2,320289;-25,91546;-12,31384;-3,02124;-34,64742;-17,60101;-3,313065;-41,38112;-21,60072;-3,473282;-3,029555;-0,522137;-0,418425;-5,700588;-2,534866;-7,123947;-105,5174;-88,91486;11,26671;-161,0899;-134,0561;20,4277;-207,8705;-169,5442;27,22549;-1,149416;-0,974894;-3,334522;-2,40612;-3,052711;-11,09791;144,3901;209,3983;-127,9621;191,9174;46,76056;56,30493;101,6808;-18,79406;66,58172;0,746727;-1,396894;-6,124019;1,152992;-3,407478;-14,53686;13,72433;-2,354622;-13,36098;21,10863;7,650374;78,84406;16,34788;-147,3255;196,5523;12,12862;11,57353;3,722907;3,731014;38,71714;2,605509;23,62266;19,02921;16,1376;-15,04125;3,504758;3,731664;-8,185108;-8,566188;3,571441;3,794625;-9,111172;15,14805;103,3227;93,87056;-0,518511;19,82513;64,13997;58,84827;-1,433945;0,758185;0,000458;0,000572;-1,819267;1,032944;0,003347;-0,003147;1,497402;4,087429;0,00329;0;-0,455647;-46,06401;0,000458;0;-2,133631;0,068321;-42,20489;-37,99759;-29,10003;15,6847;0,027466;0,034332;-313,3987;-8,627693;0,200844;-0,377655;-791,5271;-485,1596;0,394821;-0,186253;-96,11319;-249,3004;0,027466;0,054932;-68,66132;2,217865;-2532,293;-2279,924
81;1296;00:00:01:336;0;0;0;1,403022;4,560013;1,657381;1,226283;8,417163;-1,121961;-0,48523;11,14083;-3,636883;-2,607394;12,60977;-5,394778;0,506208;4,167904;1,052147;-2,41609;11,13045;0,875667;-3,763176;15,75328;2,500224;-4,408907;18,27725;3,229724;-4,860572;20,33301;3,693694;-0,657724;3,660094;0,301166;-4,198864;10,30621;-0,26197;-7,326299;14,98822;-0,088957;-8,9466;17,57702;-0,162593;-10,20752;19,7409;-0,369343;-1,745174;3,18812;-0,322354;-5,580768;8,904156;-1,216208;-7,465708;13,26037;-2,732413;-5,559965;12,66609;-4,691916;-4,974368;10,64414;-3,26465;-2,785076;2,73556;-0,957294;-6,684178;7,014225;-2,155293;-7,487257;10,68364;-3,431734;-6,570737;11,29499;-5,139307;-5,024772;9,989511;-6,244221;91,91438;29,23853;-156,4818;160,9863;-51,83573;116,2904;-175,3911;-51,83571;116,2905;-155,8086;-51,89335;115,5866;-155,8086;-51,89335;115,5866;91,53442;29,23852;-156,4818;68,25512;30,35597;-175,1504;71,92078;29,67227;-174,8292;75,7916;28,71364;-174,5441;75,76016;28,93894;-174,6093;94,88442;28,86007;-149,5888;87,99868;28,42037;-147,2111;91,60084;30,36547;-147,1486;95,5687;32,0231;-146,8105;95,55555;31,80636;-146,8353;98,39026;28,05409;-142,1694;110,5933;30,10476;-145,9287;-145,5529;31,84679;-144,8889;-49,99202;29,20107;-141,5792;-49,8944;29,40794;-141,3797;103,0568;26,22741;-131,8056;112,0647;31,07433;-155,8383;175,3514;32,53537;-154,8927;-124,5196;32,25059;-150,3332;-124,6217;32,48422;-150,5239;0;0;0;-294,6745;-270,8464;117,9559;-274,1839;-680,7806;507,2531;-72,16806;-955,0151;852,8444;178,0514;-1090,573;1091,675;-171,9545;-250,1766;154,2795;4,391133;-664,4925;618,3021;6,231934;-865,1301;805,442;2,153948;-985,3926;915,2709;-5,37765;-1092,209;1011,053;-13,71549;-221,6208;199,3509;247,3565;-616,8504;683,9849;483,2136;-847,6935;1004,511;606,8223;-987,2283;1189,684;704,3084;-1114,063;1351,279;131,787;-191,0284;236,7739;453,6426;-530,4013;697,0874;607,0065;-861,2021;1081,573;469,9142;-971,6891;1123,645;409,3087;-773,2547;907,4008;272,0855;-163,7115;274,8815;639,5276;-416,8247;675,8038;687,6074;-717,52;976,498;624,6147;-872,4354;1094,853;517,8602;-877,6303;1050,737;0;0;0;-20,2775;4,171371;5,502462;-18,40067;-5,716323;-5,026817;-15,57219;-16,91437;-16,96586;-12,97331;-26,12686;-26,82495;-16,95871;1,401901;2,402544;-38,6922;-8,022307;-6,340027;-49,74025;6,803513;-6,574631;-55,50161;15,24353;-5,722045;-59,97553;22,41325;-4,188537;-12,76964;-2,200126;-1,618624;-32,17077;-13,54122;-12,50267;-71,89464;-59,63515;-0,675201;-93,68705;-83,82224;5,161285;-111,7487;-102,911;9,418487;-9,128808;-5,581855;-5,374431;-24,41597;-17,80128;-17,41504;129,9705;395,3419;-104,2328;201,107;174,2935;187,4943;100,1015;20,26176;151,8917;-5,51176;-8,806228;-8,969306;-15,15198;-21,16298;-21,45767;-22,94254;-20,30468;-19,0773;26,47018;-76,70402;153,4424;0,466347;-499,6089;526,3137;12,13777;11,57022;3,742151;3,664833;38,74117;2,592872;23,62264;19,0292;16,13372;-15,10959;3,504702;3,731716;-8,157765;-8,493661;3,571441;3,794573;-9,075648;13,71512;103,3227;93,87055;-0,48939;19,82419;62,7771;57,62135;1,441498;-0,758185;-0,00103;-0,000572;-0,232315;-4,100533;-0,003347;0,003147;1,640568;4,351616;0;-0,003104;2,131405;-85,97545;0;-0,000458;1,747253;-0,056305;-81,77192;-73,61503;172,5265;-90,98223;-0,089264;-0,068665;95,21712;-308,0085;-0,401688;0,377655;8,589935;15,85121;-0,197411;-0,186253;155,2231;-2394,686;-0,027466;-0,027466;232,8531;-7,477569;-2374,021;-2137,046
82;1312;00:00:01:352;0;0;0;1,403022;4,560013;1,657381;1,225212;8,419329;-1,118885;-0,486973;11,14435;-3,631882;-2,609437;12,61387;-5,388923;0,506208;4,167904;1,052147;-2,41609;11,13045;0,875667;-3,764719;15,75209;2,502324;-4,411296;18,27552;3,232966;-4,863657;20,33091;3,697863;-0,657724;3,660094;0,301166;-4,198864;10,30621;-0,26197;-7,3218;14,99114;-0,08657;-8,939626;17,58152;-0,158893;-10,19849;19,7467;-0,364554;-1,745174;3,18812;-0,322354;-5,580768;8,904156;-1,216208;-7,472833;13,25987;-2,72496;-5,568181;12,67061;-4,687046;-4,978589;10,64759;-3,262964;-2,785076;2,73556;-0,957294;-6,684178;7,014225;-2,155293;-7,488741;10,68297;-3,432714;-6,584227;11,31674;-5,138516;-5,031583;10,05146;-6,280216;91,91438;29,23853;-156,4818;160,9403;-51,87311;116,349;-175,4371;-51,87309;116,349;-155,8539;-51,93107;115,6446;-155,8539;-51,93106;115,6446;91,53442;29,23852;-156,4818;68,22551;30,35626;-175,1455;71,89139;29,67272;-174,824;75,76249;28,71421;-174,5383;75,73098;28,9395;-174,6036;94,88442;28,86007;-149,5888;87,97086;28,43081;-147,2793;91,57247;30,37592;-147,2178;95,53992;32,0337;-146,8806;95,52683;31,81695;-146,9054;98,39026;28,05409;-142,1694;110,4868;30,10131;-145,9073;-145,6614;31,845;-144,8714;-50,09758;29,20461;-141,5559;-50,00016;29,41181;-141,3569;103,0568;26,22741;-131,8056;112,0819;31,07176;-155,8049;174,6509;32,53254;-154,8589;-125,8623;32,29476;-150,2946;-125,968;32,52455;-150,4917;0;0;0;-295,3761;-270,5967;117,8599;-275,5013;-680,3951;507,2845;-73,89775;-954,7991;852,9099;176,1164;-1090,649;1091,716;-172,5849;-250,0742;154,1739;2,752975;-664,8213;617,9333;4,093565;-865,299;804,6037;-0,254944;-985,4794;914,1846;-8,00465;-1092,233;1009,771;-14,25451;-221,7086;199,2328;245,8648;-617,4701;683,5982;480,4142;-848,9887;1004,269;603,2999;-988,8723;1189,519;700,1814;-1115,977;1351,176;131,3312;-191,2919;236,644;452,377;-531,2486;696,7085;609,522;-862,1445;1075,098;473,5547;-976,0294;1119,603;410,6445;-776,5748;905,8699;271,7104;-164,1439;274,7404;638,5587;-417,8584;675,4525;686,1572;-718,752;975,9637;624,4943;-875,9506;1095,665;517,093;-887,8413;1058,131;0;0;0;-42,09423;14,98318;-5,761384;-79,04291;23,12851;1,879692;-103,7815;12,96043;3,925323;-116,1046;-4,566192;2,477646;-37,82344;6,142616;-6,337166;-98,28953;-19,72961;-22,12715;-128,3021;-10,13946;-50,29678;-144,5335;-5,207061;-65,17982;-157,62;-1,424789;-76,91001;-32,34109;-5,271434;-7,0889;-89,50423;-37,18471;-23,19717;-167,9592;-77,7111;-14,56833;-211,3438;-98,64234;-9,944915;-247,6215;-114,8586;-6,168365;-27,34923;-15,805;-7,793426;-75,93726;-50,83466;-22,73655;150,9333;-56,53954;-388,5097;218,4334;-260,416;-242,5346;80,14869;-199,2073;-91,85027;-22,51053;-25,94018;-8,465766;-58,13598;-62,02125;-21,07429;-87,01228;-73,91738;-32,06062;-7,221221;-210,9146;48,70033;-46,03386;-612,6594;443,6073;12,13276;11,56353;3,741506;3,636915;38,69715;2,615912;23,62265;19,02919;16,12958;-15,14217;3,504702;3,731769;-8,097036;-8,487532;3,571441;3,794573;-9,094399;13,59803;103,3227;93,87056;-0,517755;19,82511;62,05903;56,97498;-2,641067;1,382403;0,000572;-0,000572;-0,248451;-1,954594;0;0,003147;3,643741;0,367756;0;0;-1,125069;-7,025413;0;0,000458;-1,701938;0,055046;-43,08426;-38,78242;-244,9539;128,4353;0,09613;0;-0,96817;128,7563;0,200844;0;120,1904;-239,0316;0;0,186253;-195,3884;4737,002;0;0,054932;-206,9515;6,68106;2321,26;2089,956
83;1328;00:00:01:368;0;0;0;1,41633;4,555302;1,659016;1,249322;8,416436;-1,115391;-0,455265;11,14752;-3,626974;-2,573653;12,62391;-5,383173;0,518338;4,166019;1,053705;-2,383841;11,13704;0,880142;-3,725178;15,75965;2,510095;-4,367782;18,28357;3,242531;-4,816909;20,33934;3,708887;-0,647119;3,661864;0,302626;-4,169084;10,3184;-0,257663;-7,26901;15,01865;-0,083894;-8,874031;17,61695;-0,157069;-10,12213;19,7883;-0,363395;-1,73598;3,193273;-0,320985;-5,555112;8,920713;-1,212323;-7,442787;13,28386;-2,705006;-5,542448;12,69735;-4,672088;-4,953653;10,6692;-3,254977;-2,777237;2,743965;-0,956012;-6,664057;7,03434;-2,152044;-7,457838;10,70601;-3,427804;-6,562069;11,35748;-5,131551;-5,008576;10,12364;-6,306031;91,88908;29,24293;-156,6597;160,9259;-51,89932;116,1973;-175,4514;-51,89931;116,1973;-155,8678;-51,95739;115,4925;-155,8678;-51,9574;115,4925;91,50911;29,24294;-156,6597;68,17887;30,35749;-175,2587;71,84507;29,67416;-174,9366;75,71661;28,71585;-174,65;75,68501;28,94109;-174,7155;94,86;28,8671;-149,7661;87,98932;28,45332;-147,5525;91,59134;30,39843;-147,4902;95,55924;32,0561;-147,1523;95,54611;31,83937;-147,1772;98,36725;28,06382;-142,3458;110,2616;30,11402;-146,1118;-145,8904;31,86122;-145,0838;-50,319;29,23206;-141,7556;-50,22191;29,43992;-141,5574;103,0365;26,24064;-131,9802;112,0529;31,07691;-155,9901;173,9915;32,5381;-155,0448;-127,0845;32,34455;-150,4762;-127,1935;32,57074;-150,6792;0;0;0;-295,3761;-270,5967;117,8599;-275,4469;-680,5052;507,1163;-73,80928;-954,9781;852,6364;176,2201;-1090,857;1091,396;-172,5849;-250,0742;154,1739;2,752975;-664,8213;617,9333;4,490599;-864,96;804,4901;0,355169;-984,9628;914,0184;-7,22397;-1091,579;1009,57;-14,25451;-221,7086;199,2328;245,8648;-617,4701;683,5982;479,6662;-849,6809;1004,27;602,1387;-989,9417;1189,502;698,6752;-1117,358;1351,129;131,3312;-191,2919;236,644;452,377;-531,2486;696,7085;609,8914;-861,1593;1074,889;474,0867;-975,593;1120,028;410,9395;-776,5035;906,2241;271,7104;-164,1439;274,7404;638,5587;-417,8584;675,4525;686,2247;-718,7112;976,0226;625,3204;-877,0598;1096,943;517,5039;-893,5206;1063,534;0;0;0;0;0;0;3,262997;-6,603241;-10,09083;5,30827;-10,74028;-16,41083;6,225585;-12,50839;-19,21463;0;0;0;0;0;0;23,82204;20,34187;-6,814957;36,60678;30,99632;-9,973525;46,84076;39,2704;-12,06779;0;0;0;0;0;0;-44,88372;-41,53061;0,051498;-69,67448;-64,16129;-1,001358;-90,37112;-82,83805;-2,803802;0;0;0;0;0;0;22,16148;59,10873;-12,537;31,91757;26,18408;25,49171;17,69829;4,28009;21,24595;0;0;0;0;0;0;4,051208;2,446174;3,536224;49,56722;-66,55311;76,70402;24,65629;-340,7535;324,1711;12,13365;11,55448;3,7436;3,60997;38,69197;2,618623;23,62265;19,0292;16,0729;-15,19183;3,504702;3,731664;-8,01136;-8,396343;3,571387;3,794625;-9,070819;13,40732;103,3227;93,87057;-0,512437;19,82494;61,42889;56,40774;-0,310364;0,162649;0;0,000572;-3,400841;-2,979984;0;-0,006294;5,140571;5,471305;-0,00329;0,003104;1,414833;-11,44266;-0,000458;0,000916;0,319097;-0,0103;-37,80853;-34,03427;139,8422;-73,18524;-0,034332;0,068665;-189,1433;-61,52343;0;-0,566483;89,80978;306,213;-0,197411;0,186253;152,3941;-265,0348;-0,027466;0,027466;121,2621;-3,920745;316,5435;284,889
84;1344;00:00:01:384;0;0;0;1,432288;4,550551;1,658352;1,274868;8,410954;-1,117637;-0,423637;11,14668;-3,628288;-2,539244;12,62948;-5,38244;0,5324;4,164171;1,053999;-2,34847;11,14415;0,885291;-3,684197;15,77038;2,509551;-4,323865;18,29597;3,238809;-4,770709;20,35284;3,702514;-0,635474;3,663775;0,304161;-4,137544;10,33126;-0,250622;-7,207952;15,05164;-0,099921;-8,7964;17,65973;-0,185674;-10,03042;19,83809;-0,40237;-1,726496;3,198681;-0,318289;-5,52898;8,938063;-1,203977;-7,414704;13,30755;-2,680485;-5,520534;12,72342;-4,654211;-4,930676;10,69089;-3,243838;-2,769868;2,752723;-0,952207;-6,644823;7,055325;-2,142817;-7,429596;10,72933;-3,41742;-6,538277;11,3866;-5,121277;-4,987803;10,16348;-6,310864;91,84603;29,1869;-156,8574;161,0527;-51,90796;115,902;-175,3247;-51,90796;115,902;-155,7407;-51,96507;115,197;-155,7407;-51,96506;115,197;91,46606;29,18689;-156,8574;68,27151;30,30364;-175,2649;71,93672;29,61987;-174,9442;75,80711;28,66117;-174,6595;75,77576;28,88649;-174,7246;94,80975;28,81597;-149,967;88,25703;28,40892;-147,7871;91,86417;30,35375;-147,7144;95,83659;32,01002;-147,3673;95,82281;31,79338;-147,3934;98,3103;28,0188;-142,5492;110,0222;30,06494;-146,3105;-146,1352;31,81583;-145,2915;-50,55991;29,19887;-141,9517;-50,46346;29,40745;-141,7547;102,9723;26,2054;-132,1852;112,018;31,01987;-156,1709;173,6912;32,48156;-155,2273;-127,626;32,30836;-150,6599;-127,7362;32,53291;-150,8654;0;0;0;-296,1746;-270,3141;117,7618;-276,8224;-680,4749;506,7889;-75,59621;-955,4013;852,1503;174,208;-1091,732;1090,827;-173,3127;-249,9611;154,0804;0,818051;-665,2171;617,6648;2,869271;-865,5521;804,2696;-1,096487;-985,6596;913,8193;-8,53879;-1092,358;1009,384;-14,89081;-221,8148;199,1452;244,0779;-618,2017;683,3398;476,3762;-853,2924;1004,41;598,0037;-995,0999;1189,791;693,8221;-1123,77;1351,48;130,7795;-191,601;236,5618;450,8376;-532,2421;696,4755;608,1736;-861,6469;1073,904;472,6932;-976,4899;1119,83;409,5313;-777,5223;906,1993;271,2401;-164,6482;274,6635;637,3514;-419,0653;675,2576;684,4348;-720,0956;975,7275;624,0795;-879,421;1097,08;516,1761;-898,6586;1066,457;0;0;0;-47,90639;16,95871;-5,882978;-82,53049;1,81961;-19,64092;-107,2161;-25,39444;-29,15954;-120,7273;-52,52266;-34,11483;-43,66565;6,786346;-5,60975;-116,0954;-23,74935;-16,11042;-97,27968;-35,52818;-13,22937;-87,09937;-41,80526;-11,94191;-78,88912;-46,78344;-11,16371;-38,17785;-6,370068;-5,255699;-107,2111;-43,89095;-15,50388;-197,3991;-216,6882;8,405684;-248,0993;-309,494;17,31491;-291,1834;-384,7046;21,03996;-33,09846;-18,55087;-4,929542;-92,3624;-59,60941;-13,98182;-103,0626;-29,25682;-59,09728;-83,6048;-53,81584;-11,85608;-84,486;-61,12575;-1,487732;-28,21827;-30,25817;-4,61626;-72,43823;-72,41534;-11,69586;-107,3942;-83,06693;-17,70973;-74,45525;-141,6721;8,193969;-79,66518;-308,2809;175,3807;12,1312;11,52749;3,748429;3,597023;38,72922;2,599141;23,62266;19,02921;15,91604;-15,1533;3,504702;3,731664;-7,981853;-8,056809;3,571441;3,794625;-9,075475;13,21838;103,3227;93,87057;-0,528601;19,82546;61,16512;56,17032;2,234802;-1,168899;0,000458;0,000572;-9,411563;2,311878;0;0;1,770429;20,37203;0,00329;0;-0,27935;-11,3368;-0,000458;0;-0,969869;0,031471;-15,82603;-14,24538;152,7099;-79,89291;0,027466;0;-360,6433;317,5117;0;0,377655;-202,2085;894,0432;0,394821;-0,186253;-101,651;6,35147;0;-0,054932;-77,33794;2,506256;1318,95;1187,334
85;1360;00:00:01:400;0;0;0;1,444003;4,547498;1,656566;1,295509;8,406089;-1,122431;-0,396946;11,14436;-3,634393;-2,509474;12,63143;-5,388638;0,542933;4,163144;1,052683;-2,321064;11,15005;0,883316;-3,649186;15,78168;2,498384;-4,284727;18,30976;3,222611;-4,728228;20,36827;3,682207;-0,626459;3,665386;0,303456;-4,11257;10,3412;-0,251649;-7,162887;15,07504;-0,115791;-8,740059;17,68968;-0,209633;-9,964514;19,87277;-0,432982;-1,718861;3,202776;-0,318424;-5,507772;8,951134;-1,204067;-7,384282;13,32428;-2,681495;-5,49218;12,73517;-4,655728;-4,90633;10,70185;-3,244816;-2,763572;2,759185;-0,951798;-6,628564;7,07086;-2,141954;-7,405239;10,7463;-3,417398;-6,513062;11,40095;-5,121812;-4,96593;10,17382;-6,311633;91,85137;29,15937;-156,9938;161,1283;-51,87959;115,6887;-175,2491;-51,87956;115,6887;-155,6656;-51,93613;114,984;-155,6656;-51,93613;114,984;91,4714;29,15938;-156,9938;68,40488;30,28554;-175,2888;72,06905;29,60114;-174,97;75,9381;28,64186;-174,6878;75,90706;28,86731;-174,7523;94,81126;28,78809;-150,1053;88,42912;28,38473;-147,9506;92,03954;30,32935;-147,8711;96,01486;31,98469;-147,5182;96,00069;31,76813;-147,5451;98,30772;27,99098;-142,6894;110,0289;30,03472;-146,4353;-146,129;31,78553;-145,4165;-50,55593;29,16828;-142,078;-50,45959;29,37687;-141,881;102,9642;26,17844;-132,3277;112,0265;30,99179;-156,3008;173,6992;32,45339;-155,3572;-127,6207;32,27974;-150,7912;-127,7307;32,5043;-150,9966;0;0;0;-297,1321;-270,029;117,8016;-278,2991;-680,2589;506,8307;-77,40267;-955,5345;852,0779;172,25;-1092,281;1090,606;-174,1564;-249,8503;154,0628;-1,304202;-665,6435;617,3558;0,830434;-866,5404;804,5108;-3,080606;-986,9341;914,3528;-10,47072;-1093,848;1010,149;-15,58948;-221,9295;199,0531;242,1856;-618,9733;682,9174;472,6113;-856,3445;1005,536;593,1836;-999,3247;1191,724;688,103;-1128,899;1354,048;130,2105;-191,9255;236,4001;449,2697;-533,283;695,9747;606,5531;-863,0703;1072,423;471,4288;-978,0558;1118,751;408,1737;-778,8244;905,5309;270,7979;-165,1737;274,4352;636,1973;-420,3243;674,704;682,7628;-721,4958;975,1042;622,6769;-881,1689;1096,463;514,9453;-901,0494;1066,748;0;0;0;-57,45219;17,10176;2,386808;-88,60015;12,96043;2,503395;-108,3874;-7,987975;-4,343032;-117,4786;-32,94754;-13,23509;-50,62437;6,651878;-1,056433;-127,3352;-25,58327;-18,53943;-122,3302;-59,29755;14,47105;-119,0471;-76,46941;32,00912;-115,9157;-89,39552;45,90225;-41,9206;-6,883621;-5,52535;-113,5411;-46,30279;-25,34866;-225,8949;-183,1283;67,55447;-289,2065;-253,4866;116,0316;-343,1511;-307,743;154,0832;-34,1413;-19,46783;-9,704589;-94,07615;-62,45898;-30,04646;-97,23186;-85,40153;-88,88625;-75,8686;-93,95026;-64,75639;-81,45904;-78,12881;-40,10009;-26,52884;-31,5299;-13,69858;-69,24247;-75,54244;-33,21647;-100,3189;-84,00821;-37,39357;-84,15412;-104,8737;-36,98158;-73,85444;-143,4517;17,47513;12,1269;11,51404;3,750227;3,595267;38,75861;2,58362;23,62266;19,0292;15,82276;-15,07808;3,504702;3,731716;-7,959885;-7,87113;3,571441;3,794573;-9,088132;13,21918;103,3227;93,87058;-0,534491;19,82563;61,16511;56,17033;1,763077;-0,931263;0;-0,000572;-5,59679;4,51355;0;0,003147;1,318102;11,14074;0;-0,003104;-0,75943;0,048351;0,000458;0,000458;-0,353397;0,0103;-0,000687;0,000687;-28,30353;14,25819;-0,027466;-0,068665;228,8864;132,1003;0;0,188828;-27,13966;-553,8774;-0,197411;-0,186253;-28,80477;683,1092;0,054932;0,027466;36,9883;-1,270294;949,5208;854,7637
86;1376;00:00:01:416;0;0;0;1,444003;4,547498;1,656566;1,294155;8,408899;-1,118451;-0,399148;11,14893;-3,627922;-2,512054;12,63677;-5,381065;0,542933;4,163144;1,052683;-2,321064;11,15005;0,883316;-3,65029;15,7789;2,505435;-4,286457;18,30572;3,233495;-4,730491;20,36342;3,696202;-0,626459;3,665386;0,303456;-4,11257;10,3412;-0,251649;-7,162887;15,07504;-0,115791;-8,740059;17,68968;-0,209633;-9,964514;19,87277;-0,432982;-1,718861;3,202776;-0,318424;-5,507772;8,951134;-1,204067;-7,385021;13,32378;-2,682009;-5,492765;12,7348;-4,65613;-4,90659;10,70174;-3,244987;-2,763572;2,759185;-0,951798;-6,628564;7,07086;-2,141954;-7,406481;10,74576;-3,418209;-6,514447;11,40036;-5,122718;-4,966816;10,17354;-6,312199;91,85137;29,15937;-156,9938;161,0688;-51,92802;115,7642;-175,3085;-51,928;115,7642;-155,7242;-51,98501;115,0588;-155,7241;-51,98501;115,0588;91,4714;29,15938;-156,9938;68,30629;30,28355;-175,3217;71,97114;29,59961;-175,0015;75,84108;28,64076;-174,7175;75,80984;28,86612;-174,7825;94,81126;28,78809;-150,1053;88,42912;28,38473;-147,9506;92,03954;30,32935;-147,8711;96,01486;31,98469;-147,5182;96,00069;31,76813;-147,5451;98,30772;27,99098;-142,6894;110,0357;30,03253;-146,4218;-146,1221;31,78324;-145,4027;-50,5494;29,16568;-142,0647;-50,45306;29,37423;-141,8676;102,9642;26,17844;-132,3277;112,0407;30,98968;-156,2731;173,7136;32,45105;-155,3291;-127,6065;32,27644;-150,7633;-127,7165;32,50106;-150,9686;0;0;0;-297,835;-269,8459;117,9088;-279,6462;-679,7482;507,2983;-79,18069;-955,0394;852,7369;170,2576;-1091,982;1091,32;-174,7884;-249,7886;154,1418;-2,948552;-665,9973;617,4744;-1,366116;-866,792;805,0392;-5,58085;-987,1044;915,1207;-13,22025;-1093,932;1011,125;-16,13038;-222,0261;199,0954;240,6871;-619,5698;682,9789;469,9073;-857,7484;1006,488;589,8031;-1001,122;1193,162;684,1484;-1130,979;1355,885;129,7524;-192,1712;236,4082;447,9972;-534,0673;695,9801;604,7885;-864,0756;1072,473;469,775;-978,762;1118,835;406,7328;-779,4828;905,5897;270,4202;-165,5614;274,4106;635,2218;-421,2564;674,6522;681,3961;-722,5167;975,1021;621,2693;-882,033;1096,496;513,698;-901,6725;1066,799;0;0;0;-42,17434;10,99062;6,430864;-80,82533;30,63869;28,05805;-106,6815;29,70314;39,53933;-119,545;17,9615;42,81807;-37,91856;3,697872;4,736423;-98,66103;-21,22879;7,112503;-131,793;-15,09476;31,70585;-150,0146;-10,21957;46,07391;-164,972;-5,023956;58,57658;-32,45365;-5,796432;2,538442;-89,90478;-35,78567;3,696441;-162,2372;-84,23423;57,13463;-202,8294;-107,832;86,24839;-237,276;-124,8379;110,2009;-27,48656;-14,74285;0,486374;-76,34639;-47,05238;0,323296;-105,8779;-60,31608;3,044128;-99,22599;-42,37175;5,075454;-86,45438;-39,50214;3,52478;-22,66502;-23,26155;-1,473427;-58,5308;-55,92728;-3,109932;-82,00263;-61,25449;-0,125885;-84,46025;-51,84174;1,939773;-74,83577;-37,38212;3,067016;12,12515;11,50576;3,74713;3,600051;38,70171;2,613533;23,62266;19,02921;15,8514;-15,16529;3,504702;3,731664;-7,959885;-7,87113;3,571441;3,794573;-9,10008;13,21993;103,3227;93,87055;-0,558131;19,82641;61,16513;56,17032;-3,413543;1,794748;0;0,000572;1,71793;-5,232868;0;-0,003147;0;0;0;0;-0,716915;0,044861;0,000458;-0,001831;-1,418363;0,046463;0,001144;-0,000458;-310,5972;163,5607;0;0,068665;438,8831;-584,785;0;-0,377655;-79,08611;-668,4442;0;0,186253;2,550888;-0,209427;0;-0,137329;-63,89793;2,1698;0,109863;-0,068665
87;1392;00:00:01:432;0;0;0;1,468626;4,544241;1,643809;1,346092;8,392661;-1,150513;-0,327492;11,13137;-3,674612;-2,427342;12,62654;-5,437173;0,565927;4,163205;1,040255;-2,257581;11,16593;0,846396;-3,563766;15,80876;2,447167;-4,187182;18,34205;3,163677;-4,620691;20,40406;3,617062;-0,605605;3,669862;0,291451;-4,052644;10,3639;-0,287777;-7,066678;15,12175;-0,185403;-8,623397;17,74791;-0,297467;-9,830419;19,93911;-0,535794;-1,700066;3,211619;-0,330043;-5,454934;8,978926;-1,237214;-7,303316;13,35916;-2,729024;-5,413082;12,75276;-4,699804;-4,840956;10,72;-3,282474;-2,746716;2,772084;-0,963041;-6,585658;7,10223;-2,170331;-7,339089;10,77845;-3,457403;-6,44578;11,4309;-5,162066;-4,903124;10,20607;-6,360026;92,0639;29,14048;-157,2205;161,2199;-51,65596;115,2633;-175,1575;-51,65595;115,2633;-155,634;-51,71184;114,5619;-155,634;-51,71181;114,5619;91,68393;29,14048;-157,2205;68,59587;30,32758;-175,4826;72,259;29,64225;-175,1662;76,1265;28,68216;-174,8876;76,09585;28,90781;-174,9513;95,0189;28,74707;-150,3356;88,81685;28,34067;-148,208;92,43465;30,28478;-148,1133;96,4166;31,93798;-147,7472;96,4015;31,72158;-147,7758;98,50607;27,92683;-142,9267;110,2221;29,98657;-146,6893;-145,9333;31,73441;-145,6641;-50,36916;29,10759;-142,3376;-50,27267;29,3156;-142,1399;103,1434;26,08384;-132,5791;112,2331;30,97212;-156,5383;173,645;32,43078;-155,5887;-127,9141;32,26085;-151,0236;-128,0247;32,48452;-151,2303;0;0;0;-297,835;-269,8459;117,9088;-279,3687;-680,3117;506,7342;-78,72959;-955,9557;851,8198;170,6644;-1093,172;1090,317;-174,7884;-249,7886;154,1418;-2,948552;-665,9973;617,4744;-1,05907;-866,8751;804,7499;-5,103394;-987,2471;914,6653;-12,60155;-1094,134;1010,528;-16,13038;-222,0261;199,0954;240,6871;-619,5698;682,9789;469,8072;-858,8855;1006,657;589,6425;-1002,88;1193,385;683,9331;-1133,249;1356,118;129,7524;-192,1712;236,4082;447,9972;-534,0673;695,9801;604,6507;-864,0408;1072,533;469,6677;-978,7358;1118,879;406,689;-779,4739;905,6;270,4202;-165,5614;274,4106;635,2218;-421,2564;674,6522;681,3124;-722,4789;975,1522;621,194;-881,9036;1097,104;513,6517;-902,4468;1068,203;0;0;0;0;0;0;16,64686;-33,81157;-33,84304;27,06599;-54,97742;-55,02892;24,41025;-71,39968;-60,19592;0;0;0;0;0;0;18,42275;-4,983902;-17,36069;28,64733;-8,56018;-27,32277;37,12177;-12,14218;-35,82573;0;0;0;0;0;0;-6,008148;-68,22395;10,13946;-9,633063;-105,4745;13,35526;-12,91466;-136,1847;14,00185;0;0;0;0;0;0;-8,268355;2,082824;3,599166;-6,440163;1,567841;2,597809;-2,62928;0,535011;0,617981;0;0;0;0;0;0;-5,023956;2,26593;3,004074;-4,514694;7,764815;36,46659;-2,775192;-46,46301;84,21706;12,13589;11,50229;3,755419;3,583274;38,80444;2,559601;23,62266;18,97352;15,79683;-15,11161;3,504702;3,731611;-7,938005;-7,674398;3,571387;3,794573;-9,064253;13,21769;103,3227;93,87055;-0,518511;19,82513;60,90136;55,93288;6,163558;-3,235888;0;-3,340988;-3,274097;3,220882;0;-0,003147;1,31278;11,80395;-0,00329;0;2,149658;-0,134411;0;0;2,377217;-0,076675;-15,82649;-14,24629;574,6261;-301,8382;0;-200,4936;-299,5216;507,225;0;0;78,76682;708,237;-0,197411;0;171,9944;-10,7563;-0,027466;0,109863;227,7347;-7,388305;-949,6581;-854,7499
88;1408;00:00:01:448;0;0;0;1,476077;4,543452;1,639312;1,362401;8,38903;-1,159297;-0,304522;11,12802;-3,687499;-2,40048;12,62508;-5,453087;0,573053;4,163383;1,035634;-2,237219;11,17114;0,83158;-3,536831;15,81786;2,426392;-4,156562;18,35296;3,139708;-4,586986;20,41618;3,590542;-0,598922;3,671336;0,286669;-4,033054;10,37111;-0,302785;-7,033616;15,13767;-0,210024;-8,582741;17,76809;-0,327294;-9,783295;19,96237;-0,56988;-1,693841;3,214397;-0,334978;-5,437326;8,987629;-1,251464;-7,275818;13,37;-2,749196;-5,385614;12,75758;-4,718143;-4,818524;10,72521;-3,298242;-2,740906;2,776063;-0,968122;-6,570963;7,111934;-2,183059;-7,315902;10,78836;-3,474499;-6,420672;11,43804;-5,179214;-4,879656;10,21038;-6,376393;92,15261;29,14782;-157,2845;161,2076;-51,5831;115,1686;-175,1698;-51,58308;115,1686;-155,6478;-51,63905;114,4684;-155,6478;-51,63905;114,4684;91,77263;29,14782;-157,2845;68,67219;30,3594;-175,5378;72,33499;29,67372;-175,2224;76,20197;28,71331;-174,9452;76,1714;28,93902;-175,0085;95,10764;28,74508;-150,4001;88,92794;28,34278;-148,3185;92,54786;30,28672;-148,2195;96,53181;31,9393;-147,8494;96,51646;31,72294;-147,8785;98,59309;27,91481;-142,9931;110,3049;29,98184;-146,7652;-145,8491;31,7284;-145,737;-50,28775;29,09744;-142,4153;-50,19114;29,30519;-142,2173;103,2252;26,05822;-132,6503;112,3146;30,97996;-156,6164;173,6986;32,43746;-155,6643;-127,8866;32,26391;-151,0992;-127,9972;32,48767;-151,3057;0;0;0;-299,3123;-269,6504;118,6742;-282,4958;-679,3156;508,676;-83,04666;-954,8665;854,6506;165,5611;-1092,517;1093,718;-176,168;-249,7923;154,8875;-6,75758;-666,9504;619,6896;-6,20111;-868,6089;808,2438;-10,98425;-989,3378;918,8532;-19,09319;-1096,459;1015,277;-17,38164;-222,2947;199,8157;237,0916;-620,9313;685,1467;463,8091;-861,9478;1010,9;582,2924;-1006,775;1198,748;675,4326;-1137,748;1362,395;128,6247;-192,7018;237,1053;444,8269;-535,7348;697,9689;599,6884;-866,1618;1075,364;464,8398;-979,8121;1121,505;402,7313;-780,5689;907,8492;269,4088;-166,3353;275,0852;632,6474;-423,1387;676,3548;677,2089;-724,4388;977,5043;617,0092;-883,7239;1099,526;509,7897;-904,485;1071,223;0;0;0;-88,64164;11,72733;45,92585;-187,6273;59,76676;116,5066;-259,0241;65,35148;169,8475;-306,2024;39,29901;204,0367;-82,77869;-0,221729;44,7421;-228,5416;-57,18898;132,9117;-308,5224;-104,0268;209,6329;-352,8513;-125,4444;251,2722;-389,4982;-139,5092;284,9693;-75,07574;-16,11471;43,21861;-215,7354;-81,68792;130,0621;-359,8881;-183,7406;254,5795;-441,0067;-233,694;321,8193;-510,0316;-269,9032;376,6365;-67,66247;-31,83603;41,82529;-190,2208;-100,0528;119,3304;-297,738;-127,2583;169,8303;-289,6757;-64,57328;157,6023;-237,4592;-65,70338;134,9544;-60,68229;-46,43798;40,47632;-154,4638;-112,9332;102,1585;-246,2053;-117,5966;141,1285;-251,0919;-109,2224;145,3457;-231,7257;-122,2915;181,2;12,13545;11,49728;3,754973;3,581845;38,79875;2,562571;23,62264;18,97353;15,78792;-15,12254;3,504702;3,731716;-7,897744;-7,628871;3,571387;3,794625;-9,052453;13,21694;103,3227;93,8706;-0,503189;19,82464;60,87204;55,9065;-0,341263;0,17817;-0,00103;0,000572;-0,534496;-0,655975;0;0,006294;2,415647;2,73159;0;0,003104;0,707989;-0,044861;-0,000916;0,002747;0,919282;-0,029068;-1,758957;-1,582947;-390,2892;204,8435;-0,061798;200,4936;164,3761;-232,6114;0;0,566483;66,17202;-544,3416;0,197411;0,186253;-86,50017;5,373001;-0,054932;0,164795;-87,47604;2,856445;844,052;759,8007
89;1424;00:00:01:464;0;0;0;1,483564;4,542521;1,635125;1,376815;8,389297;-1,162107;-0,284683;11,13114;-3,690782;-2,368852;12,63939;-5,460797;0,580197;4,163462;1,031327;-2,21687;11,17622;0,817743;-3,508282;15,82663;2,408449;-4,123453;18,36345;3,119575;-4,550093;20,42784;3,568666;-0,592242;3,672765;0,282204;-4,013512;10,37827;-0,316811;-7,003157;15,15164;-0,222148;-8,546269;17,78564;-0,338374;-9,741817;19,98275;-0,580098;-1,687637;3,217174;-0,339594;-5,419791;8,996348;-1,264793;-7,250522;13,3796;-2,769444;-5,360002;12,76168;-4,73637;-4,796978;10,73028;-3,313442;-2,735138;2,780086;-0,97288;-6,556364;7,121732;-2,194978;-7,295585;10,79726;-3,492229;-6,399303;11,44513;-5,197081;-4,858694;10,21707;-6,394374;92,23556;29,15502;-157,351;161,116;-51,58067;115,1754;-175,2613;-51,58064;115,1754;-155,9622;-51,63733;114,4753;-155,9622;-51,63733;114,4753;91,85558;29,15502;-157,351;68,72326;30,38793;-175,6239;72,38591;29,70199;-175,3092;76,25256;28,74138;-175,0328;76,22206;28,96714;-175,096;95,19064;28,74354;-150,4671;88,90585;28,3501;-148,46;92,5254;30,29407;-148,3618;96,509;31,94678;-147,9925;96,49368;31,73042;-148,0215;98,67452;27,90391;-143,0619;110,4007;29,97168;-146,8061;-145,7518;31,71674;-145,7747;-50,19394;29,08101;-142,4585;-50,09721;29,28849;-142,2601;103,3018;26,03457;-132,7236;112,4212;30,98279;-156,637;173,7483;32,43877;-155,6817;-127,8897;32,26188;-151,1167;-128,0003;32,48561;-151,3233;0;0;0;-299,7594;-269,6031;118,944;-283,6319;-678,7808;509,4641;-84,6809;-954,1501;855,8483;163,1668;-1092,297;1095,441;-176,5956;-249,803;155,1647;-7,979303;-667,2632;620,5786;-7,885314;-869,066;809,4476;-12,92735;-989,8553;920,2286;-21,25259;-1097,01;1016,792;-17,78265;-222,3831;200,1026;235,9162;-621,364;686,0471;461,4381;-862,4975;1012,376;579,2556;-1007,359;1200,55;671,8352;-1138,334;1364,476;128,2512;-192,8685;237,4014;443,7704;-536,257;698,8239;598,1466;-866,8154;1076,557;463,2762;-980,1039;1122,594;401,4207;-780,8828;908,7953;269,0602;-166,5741;275,39;631,7658;-423,7209;677,1185;675,964;-725,0378;978,5289;615,6694;-884,1373;1100,678;508,4855;-904,9226;1072,52;0;0;0;-26,82209;2,838135;16,18838;-68,161;32,08637;47,28698;-98,05405;42,984;71,86317;-143,6577;13,21793;103,4317;-25,65265;-0,640869;16,63327;-73,30338;-18,76259;53,33805;-101,0522;-27,42577;72,22938;-116,5863;-31,04782;82,52334;-129,5641;-33,04481;90,86608;-24,06075;-5,305767;17,21406;-70,52278;-25,96664;54,02756;-142,2586;-32,98187;88,5601;-182,2128;-35,03036;108,0952;-215,8413;-35,18486;124,815;-22,41111;-10,0007;17,76838;-63,38596;-31,33106;51,29814;-92,50831;-39,21318;71,58279;-93,81293;-17,51518;65,34003;-78,63521;-18,82839;56,7627;-20,91551;-14,32371;18,29052;-52,89745;-34,93309;45,81928;-74,69844;-35,94017;61,47193;-80,38615;-24,79935;69,13947;-78,24897;-26,25275;77,83698;12,12225;11,49377;3,761864;3,597013;38,71629;2,605917;23,62267;18,75082;15,80374;-15,14141;3,504702;3,731664;-7,831856;-7,69766;3,571441;3,794625;-9,073699;13,21827;103,3227;93,87057;-0,539955;19,82581;60,81342;55,85374;-4,947509;2,600784;0,001602;-13,36258;0,94923;-1,131935;0;-0,003147;3,953275;-4,127312;0,00329;0;-1,274757;0,079765;0,000458;-0,001831;-2,205945;0,070152;-3,516998;-3,165436;-276,3748;145,3568;0,157929;-801,789;89,02358;-28,55759;0;-0,566483;92,25768;-411,5341;0,197411;-0,186253;-118,9648;7,477569;0,082397;-0,274658;-187,5136;5,953216;-105,4825;-94,94933
90;1440;00:00:01:480;0;0;0;1,504229;4,535737;1,635078;1,422905;8,380984;-1,165111;-0,219462;11,12971;-3,698812;-2,292395;12,64763;-5,473745;0,600018;4,161022;1,029832;-2,159978;11,18816;0,806706;-3,422174;15,84937;2,389209;-4,021123;18,39128;3,096025;-4,434326;20,45912;3,541745;-0,573573;3,675984;0,278831;-3,958651;10,39888;-0,3307;-6,915625;15,19265;-0,240026;-8,440421;17,8372;-0,358272;-9,620444;20,04252;-0,601518;-1,670175;3,22573;-0,344724;-5,370364;9,023734;-1,280445;-7,171108;13,4183;-2,788271;-5,281079;12,78857;-4,751921;-4,733202;10,75372;-3,328016;-2,718765;2,79372;-0,979691;-6,514984;7,154494;-2,211586;-7,233902;10,83246;-3,51335;-6,333148;11,4782;-5,216651;-4,79539;10,24839;-6,415813;92,3201;29,23984;-157,609;160,9907;-51,49845;114,9714;-175,3866;-51,49842;114,9714;-156,0892;-51,55606;114,2728;-156,0892;-51,55606;114,2728;91,94012;29,23983;-157,609;68,8156;30,48757;-175,9725;72,47822;29,8012;-175,6587;76,34455;28,84019;-175,3839;76,31416;29,06604;-175,4467;95,28584;28,8189;-150,7205;88,95107;28,4411;-148,8317;92,57166;30,38501;-148,7317;96,55677;32,03746;-148,3605;96,54128;31,82111;-148,3897;98,77918;27,96788;-143,3121;110,4635;30,05458;-147,1321;-145,6861;31,79864;-146,0975;-50,12463;29,15954;-142,7822;-50,02745;29,36681;-142,5834;103,4158;26,08091;-132,9727;112,5237;31,0642;-156,8618;173,7368;32,51869;-155,9026;-127,9991;32,34232;-151,3335;-128,1103;32,56573;-151,5408;0;0;0;-300,2086;-269,5472;119,1952;-284,4861;-678,8182;509,6152;-85,85405;-954,3724;856,0167;161,2892;-1093,196;1095,871;-177,0242;-249,8077;155,4231;-9,200222;-667,5677;621,4088;-9,955644;-869,993;810,5343;-15,46101;-991,1023;921,4384;-24,1633;-1098,501;1018,088;-18,18341;-222,4689;200,3705;234,7436;-621,7936;686,8887;459,0016;-863,362;1013,19;576,1246;-1008,452;1201,348;668,1274;-1139,609;1365,259;127,879;-193,0351;237,6784;442,7183;-536,7802;699,6236;596,2811;-867,3818;1077,827;461,4675;-980,3416;1123,724;400,0145;-781,1832;909,7071;268,7141;-166,8154;275,6755;630,8898;-424,3088;677,8336;674,8456;-725,5754;979,5916;614,5074;-884,5261;1101,996;507,3029;-905,6759;1074,22;0;0;0;-26,95513;3,351688;15,07258;-51,25523;-2,240181;9,06372;-70,38938;-13,33809;10,10513;-112,6528;-53,95317;25,76065;-25,71774;-0,283241;15,50603;-73,25514;-18,27335;49,81327;-124,2198;-55,62401;65,20271;-152,0195;-74,82146;72,58987;-174,6426;-89,45274;77,77404;-24,04529;-5,144119;16,07466;-70,35398;-25,77209;50,49419;-146,1897;-51,87035;48,83194;-187,8576;-65,59753;47,86491;-222,4703;-76,46941;47,02949;-22,33243;-9,995698;16,61682;-63,12846;-31,39114;47,98221;-111,9318;-33,98323;76,2062;-108,5243;-14,25362;67,80051;-84,37442;-18,02444;54,70848;-20,76673;-14,48107;17,13037;-52,55985;-35,27355;42,90676;-67,10529;-32,25231;63,76075;-69,72026;-23,32878;79,09011;-70,95336;-45,19844;101,9955;12,11966;11,49448;3,761461;3,592891;38,72184;2,602976;23,62264;18,75081;15,86846;-15,06568;3,504702;3,731716;-7,725781;-7,691309;3,571387;3,794573;-9,005317;13,21398;103,3227;93,87057;-0,565445;19,82663;60,69618;55,74822;0,332565;-0,176468;-0,001602;-0,000687;3,883495;4,543705;0;0,003147;6,364488;0,38106;-0,00329;-0,003104;4,102936;-0,257206;0;0,000458;-1,52942;0,048981;-7,034454;-6,331558;316,8044;-166,6351;-0,192261;801,7134;176,0559;340,5384;0;0,377655;144,6728;270,5023;-0,394821;-0,186253;322,6616;-20,21828;-0,027466;0,137329;40,59148;-1,270294;-211,0473;-189,9673
91;1456;00:00:01:496;0;0;0;1,511066;4,533219;1,635757;1,44038;8,374836;-1,169697;-0,194112;11,12404;-3,707959;-2,262504;12,64453;-5,485998;0,606654;4,160055;1,029854;-2,140611;11,19208;0,803851;-3,393534;15,85595;2,385929;-3,987312;18,39911;3,092577;-4,396215;20,46782;3,538217;-0,567221;3,677032;0,277998;-3,939812;10,4059;-0,33486;-6,88412;15,2076;-0,252233;-8,401712;17,8561;-0,374779;-9,575539;20,06433;-0,621495;-1,664144;3,228671;-0,346356;-5,353246;9,033175;-1,285548;-7,144495;13,4311;-2,794902;-5,254178;12,7977;-4,757094;-4,711247;10,76187;-3,3327;-2,713013;2,798467;-0,982086;-6,500483;7,165882;-2,217374;-7,208285;10,84648;-3,517763;-6,304638;11,49055;-5,220163;-4,769556;10,25704;-6,418955;92,34586;29,27842;-157,6987;161,0016;-51,41565;114,8253;-175,3758;-51,41564;114,8253;-156,08;-51,47319;114,1279;-156,08;-51,47319;114,1279;91,96589;29,27842;-157,6987;68,81198;30,52947;-176,1025;72,47489;29,84311;-175,7885;76,34147;28,88213;-175,5135;76,31103;29,10798;-175,5763;95,3166;28,8545;-150,808;89,04385;28,47913;-148,9401;92,66631;30,42288;-148,8364;96,65337;32,0748;-148,4618;96,63763;31,8585;-148,4915;98,81464;27,99972;-143,3978;110,4928;30,08988;-147,2263;-145,6555;31,83349;-146,1902;-50,0926;29,19283;-142,8755;-49,99522;29,39999;-142,6764;103,4565;26,10661;-133,0572;112,5098;31,10913;-157,0292;173,7236;32,56382;-156,0698;-128,0079;32,38817;-151,4984;-128,1194;32,61157;-151,7058;0;0;0;-301,4485;-269,1402;119,1981;-287,1198;-678,5845;509,577;-89,55308;-954,7175;856,1435;156,9523;-1094,197;1096,232;-178,2135;-249,6613;155,5128;-12,61374;-668,2839;622,071;-15,26228;-871,3657;811,6523;-21,81673;-992,7842;922,795;-31,38638;-1100,394;1019,63;-19,30354;-222,662;200,5729;231,452;-623,0306;687,722;453,6495;-866,2374;1014,331;569,6167;-1012,187;1202,635;660,6394;-1144,023;1366,645;126,8312;-193,5484;237,9862;439,7528;-538,4233;700,5627;591,4774;-869,7026;1078,963;456,7017;-981,9544;1124,661;396,1752;-782,5891;910,5817;267,7318;-167,6335;276,0842;628,407;-426,2745;678,8301;670,8752;-727,6783;980,8614;610,2377;-886,5001;1103,17;503,3163;-907,5479;1075,492;0;0;0;-74,39517;24,42312;0,170946;-158,0214;14,01901;-2,291679;-221,9413;-20,70236;7,604598;-260,215;-60,02998;21,69227;-71,35677;8,78334;5,380868;-204,8108;-42,97256;39,73388;-318,3983;-82,3574;67,08526;-381,343;-100,914;81,3961;-433,3846;-113,5941;92,5312;-67,20811;-11,58857;12,14361;-197,4993;-74,22351;49,99923;-321,1241;-172,5254;68,51005;-390,4724;-224,1268;77,219;-449,2779;-264,8849;83,1356;-62,86239;-30,80105;18,46933;-177,9327;-98,58798;56,34785;-288,2194;-139,2517;68,14956;-285,9478;-96,77123;56,22482;-230,3567;-84,35439;52,47688;-58,94136;-49,08442;24,51896;-148,9677;-117,9457;59,78965;-238,2202;-126,174;76,18903;-256,1817;-118,4406;70,41549;-239,1987;-112,318;76,32636;12,13232;11,49771;3,765293;3,585497;38,79082;2,56675;23,62264;18,75081;15,89697;-15,06601;3,504646;3,731611;-7,706807;-7,619322;3,571441;3,794573;-8,997678;13,21352;103,3227;93,87058;-0,497715;19,82446;60,69617;55,74824;4,139328;-2,173562;0;0;1,710148;-0,019684;-0,003347;-0,006294;1,138458;4,319229;0,00329;0;0,458336;-0,027809;0;0,000458;4,063798;-0,130005;-0,000458;0,001144;228,4057;-119,8256;0,09613;0,041199;-130,4008;-273,8033;-0,200844;-0,566483;-313,5618;236,2902;0,394821;0,186253;-218,676;13,76381;0;0;335,5931;-10,73913;422,0397;379,9621
92;1472;00:00:01:512;0;0;0;1,517187;4,530859;1,636631;1,454094;8,375242;-1,165212;-0,174362;11,12876;-3,702683;-2,23899;12,65333;-5,481599;0,612697;4,159144;1,029954;-2,122579;11,19574;0,800725;-3,373654;15,85897;2,386139;-3,966293;18,40187;3,094681;-4,37416;20,47044;3,541924;-0,56131;3,678008;0,277093;-3,922069;10,41245;-0,339521;-6,859072;15,21865;-0,258872;-8,3725;17,86949;-0,382425;-9,542745;20,07954;-0,629906;-1,658419;3,231417;-0,3482;-5,336945;9,041991;-1,291333;-7,125993;13,43855;-2,807274;-5,233611;12,80285;-4,766729;-4,692492;10,76845;-3,339603;-2,707436;2,802902;-0,984827;-6,486469;7,176522;-2,223992;-7,19302;10,85559;-3,529406;-6,287498;11,49775;-5,231529;-4,750994;10,26295;-6,427176;92,37482;29,3238;-157,7806;160,8701;-51,43827;114,8622;-175,5072;-51,43826;114,8622;-156,2111;-51,49682;114,1647;-156,2111;-51,4968;114,1647;91,99485;29,3238;-157,7806;68,7532;30,58166;-176,1716;72,41685;29,89557;-175,8566;76,28428;28,93483;-175,5803;76,25361;29,16062;-175,6434;95,35145;28,89652;-150,8872;89,06638;28,5199;-149,0173;92,68935;30,46362;-148,9126;96,67713;32,1154;-148,537;96,66133;31,89911;-148,5669;98,85506;28,03745;-143,4749;110,5906;30,10987;-147,1844;-145,5554;31,85192;-146,1446;-49,99417;29,20632;-142,8346;-49,89655;29,41321;-142,6351;103,5031;26,13733;-133,1327;112,6101;31,14272;-156,974;173,8261;32,59597;-156,0113;-127,9029;32,41334;-151,4388;-128,0143;32,63705;-151,6458;0;0;0;-301,8588;-268,9891;119,1573;-288,2805;-677,9897;510,0383;-91,25661;-954,0102;856,9949;154,9453;-1093,579;1097,321;-178,6117;-249,6033;155,5115;-13,77576;-668,5195;622,2423;-16,84894;-871,3474;811,7739;-23,64631;-992,6187;922,9;-33,42287;-1100,101;1019,73;-19,68468;-222,7249;200,6229;230,3216;-623,4517;687,9716;451,7653;-867,0499;1015,052;567,304;-1013,19;1203,609;657,9583;-1145,163;1367,827;126,4694;-193,7249;238,0841;438,7256;-538,9897;700,8689;590,4122;-870,4851;1079,276;455,5035;-982,5142;1124,916;395,0314;-783,0843;910,8627;267,3866;-167,9183;276,2278;627,5369;-426,9578;679,1773;669,8013;-728,535;981,1217;609,0436;-887,2582;1103,382;502,0901;-908,0792;1075,705;0;0;0;-24,61338;9,06515;-2,446174;-69,64301;35,6884;27,6804;-102,2122;42,43469;51,08643;-120,4176;37,05597;65,34576;-23,89169;3,483295;-0,077963;-69,72134;-14,13059;10,27965;-95,19964;1,098633;7,289886;-109,7748;9,933471;6,299973;-122,1893;17,5724;6,008148;-22,86824;-3,775119;2,998352;-67,82054;-25,26569;14,97745;-113,0533;-48,74611;43,23005;-138,7625;-60,18447;58,47358;-160,8667;-68,40705;70,9362;-21,71373;-10,58793;5,87368;-61,62643;-33,98609;18,37063;-63,91238;-46,94938;18,79692;-71,88892;-33,58841;15,28358;-68,63021;-29,71458;16,86287;-20,70808;-17,08817;8,620261;-52,20509;-40,99273;20,83683;-64,43309;-51,40114;15,62118;-71,64859;-45,49026;12,6915;-73,5712;-31,87751;12,77733;12,12808;11,49054;3,763054;3,594185;38,73204;2,597593;23,62267;18,75082;15,8787;-15,14728;3,504646;3,731664;-7,708183;-7,633938;3,571441;3,794625;-9,10224;13,22006;103,3227;93,87055;-0,614212;19,82821;60,69619;55,74824;-3,52684;1,850567;0,001602;0,000687;-1,095829;-4,876213;0;0,003147;-0,082541;-0,876961;0;0,003104;-6,273708;0,392532;0,000458;-0,001831;-6,989806;0,224762;0,000916;0,000229;-459,9701;241,4477;0,09613;0,041199;-168,3586;-291,3917;0,200844;0,566483;-73,25992;-311,7714;-0,197411;0,186253;-403,9226;25,22049;0,027466;-0,137329;-663,2162;21,28601;0,082397;-0,054932
93;1488;00:00:01:528;0;0;0;1,530991;4,524722;1,640748;1,48902;8,369417;-1,161062;-0,120746;11,13065;-3,702075;-2,174056;12,66471;-5,485919;0,626416;4,156589;1,032016;-2,081268;11,20369;0,797976;-3,315449;15,87232;2,380729;-3,898533;18,41777;3,088018;-4,298347;20,48811;3,534405;-0,54777;3,680094;0,276489;-3,88124;10,42751;-0,346364;-6,795261;15,24784;-0,27552;-8,29557;17,90588;-0,404196;-9,454494;20,12143;-0,655706;-1,64521;3,237828;-0,351294;-5,299276;9,06266;-1,301526;-7,081089;13,47067;-2,792512;-5,191499;12,84183;-4,756868;-4,653147;10,7988;-3,341065;-2,694461;2,813454;-0,990304;-6,453909;7,201778;-2,237034;-7,13962;10,88535;-3,54086;-6,22743;11,52442;-5,240581;-4,694566;10,28305;-6,434077;92,41914;29,44432;-157,9792;160,6874;-51,38797;114,781;-175,728;-51,38796;114,781;-156,4332;-51,4482;114,0846;-156,4332;-51,4482;114,0846;92,03916;29,44431;-157,9792;68,76173;30,70688;-176,4173;72,42612;30,02075;-176,102;76,29416;29,05996;-175,8256;76,26337;29,28577;-175,8887;95,41179;29,01153;-151,0783;89,17896;28,63825;-149,2394;92,80438;30,58178;-149,1301;96,79513;32,23291;-148,7502;96,77897;32,01668;-148,7806;98,93125;28,14468;-143,6593;110,2638;30,2363;-147,4586;-145,8856;31,98345;-146,429;-50,30616;29,35386;-143,0971;-50,20857;29,56167;-142,8986;103,5983;26,23075;-133,311;112,6131;31,26995;-157,2549;173,8317;32,72313;-156,2907;-127,8853;32,53972;-151,7118;-127,9972;32,76348;-151,919;0;0;0;-302,226;-268,8475;119,1049;-289,0897;-678,0416;509,7466;-92,55664;-954,4232;856,6625;153,3401;-1094,325;1097,082;-178,9742;-249,5486;155,5055;-14,85769;-668,739;622,4298;-18,15663;-871,6419;811,7604;-25,08348;-992,9586;922,7683;-34,97062;-1100,483;1019,496;-20,03937;-222,7834;200,6771;229,2571;-623,8447;688,2513;450,1038;-868,087;1015,521;565,304;-1014,571;1204,165;655,6685;-1146,822;1368,44;126,1259;-193,8897;238,1947;437,7476;-539,5187;701,216;589,0179;-869,133;1080,479;454,2042;-981,4807;1126,847;393,9261;-782,9487;912,1266;267,052;-168,1844;276,3923;626,6962;-427,5962;679,5744;668,5956;-729,0717;981,8231;607,692;-887,6796;1104,063;500,7739;-908,4263;1076,183;0;0;0;-22,03274;8,497237;-3,14641;-48,55156;-3,109932;-17,50374;-78,0015;-24,78218;-19,94705;-96,31561;-44,75212;-14,33945;-21,75164;3,277302;-0,360489;-64,91607;-13,16929;11,24954;-78,46131;-17,6754;-0,806809;-86,23042;-20,39909;-7,902144;-92,86487;-22,86529;-14,07623;-21,28127;-3,511906;3,255844;-63,87376;-23,57769;16,77704;-99,68948;-62,22724;28,16963;-119,9999;-82,86666;33,37097;-137,392;-99,51209;36,7527;-20,60795;-9,886264;6,637573;-58,6853;-31,74018;20,82825;-83,65344;81,12716;72,14927;-77,96001;62,0098;115,8428;-66,31708;8,133887;75,83427;-20,07723;-15,96522;9,869098;-50,44556;-38,30623;23,82374;-72,34096;-32,20367;42,07992;-81,09569;-25,28;40,89546;-78,97567;-20,82825;28,67889;12,12783;11,48644;3,771991;3,595039;38,73919;2,593848;23,58457;18,7508;15,89985;-15,12604;3,504702;3,731611;-7,679204;-7,568983;3,571441;3,794625;-9,024039;12,86037;103,3227;93,87058;-0,541402;19,82586;60,6962;55,74822;0,428925;-0,224676;-2,285957;-0,001259;1,268635;1,274357;0,003347;-0,003147;1,738729;3,897314;0;0;4,69202;-21,58172;0;0,001831;4,368575;-0,140762;0,000458;-0,001373;237,3459;-124,5146;-137,2536;-0,11673;141,8678;369,0341;0,200844;-0,377655;109,2762;286,4565;0;-0,186253;657,9437;-1318,455;-0,027466;0,219727;681,5028;-21,93146;-0,027466;-0,09613
94;1504;00:00:01:544;0;0;0;1,547838;4,517456;1,644963;1,530101;8,362746;-1,156292;-0,060981;11,1317;-3,700663;-2,103012;12,67542;-5,489129;0,64303;4,153548;1,03404;-2,031734;11,21303;0,794499;-3,258469;15,88312;2,378719;-3,837119;18,42931;3,087024;-4,233016;20,50017;3,534417;-0,531536;3,682536;0,27567;-3,832531;10,44526;-0,354206;-6,722114;15,28033;-0,287812;-8,208563;17,94604;-0,418694;-9,355602;20,16759;-0,671835;-1,629501;3,245384;-0,354772;-5,254545;9,087035;-1,312906;-7,050315;13,50096;-2,769251;-5,163922;12,89016;-4,742356;-4,617375;10,83872;-3,341948;-2,679171;2,825906;-0,996323;-6,415482;7,231582;-2,251391;-7,084037;10,91723;-3,558238;-6,165237;11,55223;-5,255929;-4,634132;10,30463;-6,445182;92,46972;29,57304;-158,2171;160,4828;-51,33944;114,679;-175,9327;-51,33941;114,6791;-156,639;-51,40121;113,9837;-156,639;-51,40121;113,9837;92,08974;29,57304;-158,2171;68,70833;30,84811;-176,5828;72,374;30,16224;-176,2664;76,24331;29,20166;-175,9886;76,21222;29,42742;-176,052;95,4795;29,13403;-151,3083;89,22957;28,765;-149,507;92,85626;30,70845;-149,3956;96,84893;32,35928;-149,0134;96,83254;32,14306;-149,0441;99,01578;28,25851;-143,8822;109,7936;30,33385;-147,5598;-146,3624;32,08821;-146,5461;-50,76241;29,48205;-143,1853;-50,66526;29,69122;-142,9885;103,7028;26,32934;-133,5276;112,6996;31,39263;-157,4265;173,9221;32,84455;-156,4584;-127,784;32,65468;-151,8738;-127,896;32,87874;-152,0808;0;0;0;-303,0542;-268,4793;118,8579;-291,1893;-677,684;509,5043;-95,78016;-954,5233;856,6369;149,4364;-1094,993;1097,354;-179,7974;-249,3953;155,3817;-17,33637;-669,2159;622,5948;-21,18849;-871,9206;812,0699;-28,44429;-993,1085;923,1625;-38,62146;-1100,511;1019,964;-20,85173;-222,9086;200,7134;226,8074;-624,7484;688,6619;446,074;-869,8246;1016,545;560,377;-1016,734;1205,511;649,9711;-1149,309;1370,04;125,3333;-194,2743;238,3804;435,4875;-540,7589;701,8276;587,065;-867,9711;1080,167;452,5352;-981,5021;1128,45;392,0068;-783,8527;913,6791;266,2735;-168,8175;276,7209;624,7425;-429,1115;680,3569;665,608;-730,8643;982,5082;604,329;-889,288;1104,606;497,5394;-909,6375;1076,608;0;0;0;-49,69453;22,09139;-14,81938;-125,9765;21,45481;-14,53972;-193,4112;-6,002426;-1,533508;-234,2212;-40,06004;16,31355;-49,39055;9,201049;-7,424354;-148,7204;-28,61881;9,899138;-181,9114;-16,71982;18,56804;-201,6485;-8,989333;23,65494;-219,0506;-1,699448;28,11241;-48,74146;-7,510184;2,174377;-146,9822;-54,22211;24,63627;-241,7879;-104,2557;61,44332;-295,6237;-129,7588;80,73806;-341,8436;-149,2023;95,98731;-47,55521;-23,07915;11,14082;-135,6068;-74,40662;36,69262;-117,1789;69,7174;-18,68248;-100,1387;-1,28746;96,15325;-115,1547;-54,23641;93,14918;-46,70906;-37,98866;19,71674;-117,219;-90,92044;46,95224;-179,2602;-107,5544;41,10717;-201,7737;-96,50802;32,59849;-194,0689;-72,66998;25,53177;12,13211;11,48647;3,78231;3,597394;38,73708;2,594906;23,58455;18,75081;15,8166;-15,22484;3,504758;3,731664;-7,644265;-7,570668;3,571441;3,794625;-9,13166;12,25178;103,3227;93,87055;-0,595776;19,82763;60,6962;55,74823;-0,126801;0,063457;-0,00103;0,000572;-4,994888;-5,92781;0,003347;0,003147;2,096329;-0,101137;0;0;-6,457214;-36,51546;0;-0,001831;-3,262439;0,105743;0;0,000687;-33,3435;17,28802;137,0956;0,109863;-375,8113;-432,13;0;0,377655;21,45596;-239,907;0;0;-668,954;-896,0244;0;-0,219727;-457,8608;14,79034;-0,027466;0,123596
95;1520;00:00:01:560;0;0;0;1,555853;4,514016;1,646839;1,55043;8,358423;-1,155674;-0,031181;11,13033;-3,702739;-2,067509;12,67831;-5,494013;0,65098;4,152113;1,034825;-2,007849;11,2175;0,792074;-3,227422;15,89046;2,373387;-3,801973;18,43797;3,080219;-4,194376;20,50974;3,52651;-0,52371;3,683703;0,275036;-3,808953;10,45372;-0,358806;-6,687236;15,29558;-0,296195;-8,167247;17,96477;-0,429031;-9,308742;20,189;-0,683685;-1,621879;3,248985;-0,356731;-5,232814;9,098649;-1,319222;-7,021513;13,51698;-2,770907;-5,135138;12,90587;-4,743929;-4,592197;10,85191;-3,345817;-2,6717;2,831832;-0,999548;-6,396723;7,245772;-2,259112;-7,05563;10,93285;-3,566819;-6,133389;11,56581;-5,263406;-4,60358;10,31484;-6,450787;92,49911;29,63728;-158,3295;160,4008;-51,2955;114,6068;-176,0146;-51,29548;114,6068;-156,7219;-51,3579;113,9123;-156,7219;-51,3579;113,9123;92,11913;29,63728;-158,3295;68,73296;30,91847;-176,6822;72,3989;30,23248;-176,3659;76,26835;29,2718;-176,0884;76,23724;29,49758;-176,1518;95,5174;29,19473;-151,4167;89,27307;28,82559;-149,6208;92,90075;30,76897;-149,5076;96,8947;32,41954;-149,1236;96,87818;32,20335;-149,1545;99,06197;28,31442;-143,9873;109,7401;30,39314;-147,6702;-146,4157;32,14832;-146,6578;-50,81013;29,54469;-143,2921;-50,71282;29,75403;-143,0954;103,7587;26,37702;-133,6297;112,7317;31,45633;-157,5351;173,9559;32,90778;-156,5654;-127,7442;32,71544;-151,9777;-127,8564;32,93962;-152,1847;0;0;0;-304,0651;-268,0432;118,6049;-293,6198;-677,3528;509,1611;-99,31013;-954,6992;856,4595;145,2391;-1095,767;1097,438;-180,7942;-249,2129;155,2603;-20,30837;-669,7761;622,8033;-24,50582;-872,6086;812,2291;-31,97238;-993,8618;923,2805;-42,33958;-1101,313;1020,036;-21,82579;-223,0551;200,7625;223,8848;-625,8129;689,1324;441,6547;-871,8124;1017,292;555,1092;-1019,203;1206,394;643,9761;-1152,154;1371,022;124,3908;-194,7277;238,5891;432,8036;-542,2214;702,5104;585,2246;-869,3094;1078,874;450,9275;-984,0411;1127,926;389,8929;-786,1039;913,9567;265,3561;-169,5646;277,0821;622,4368;-430,8997;681,2184;662,2802;-732,7777;983,5508;600,6055;-890,9568;1105,527;493,9184;-910,9326;1077,275;0;0;0;-60,64939;26,16119;-15,17486;-145,8292;19,86694;-20,58792;-211,798;-10,55145;-10,643;-251,8365;-46,45156;5,058288;-59,81039;10,94484;-7,286309;-178,32;-33,61415;12,51411;-199,04;-41,27884;9,550094;-211,6851;-45,19844;7,072449;-223,0874;-48,15101;4,325866;-58,44399;-8,790492;2,949714;-175,3549;-63,86947;28,22971;-265,1596;-119,2703;44,79217;-316,0658;-148,1323;52,9747;-359,6964;-170,7287;58,95423;-56,55026;-27,20332;12,51984;-161,0327;-87,75043;40,96698;-110,424;-80,30318;-77,57949;-96,46224;-152,338;-31,43692;-126,8391;-135,0746;16,65115;-55,04465;-44,82507;21,66939;-138,339;-107,2941;51,68724;-199,6708;-114,8043;62,55912;-223,4144;-100,1244;55,25208;-217,2604;-77,70538;39,9971;12,13362;11,48848;3,784778;3,596256;38,75507;2,585565;23,58456;18,75081;15,79498;-15,2154;3,504646;3,731716;-7,638821;-7,564003;3,571441;3,794573;-9,127075;12,15683;103,3227;93,87058;-0,597416;19,82769;60,69618;55,74822;1,079407;-0,560446;0,000572;0;-1,296902;0,565853;-0,006695;0,003147;0,326672;0,399942;0;-0,003104;0,275059;-5,696525;-0,000916;0,001831;-0,098398;0,003662;-0,000916;-0,000458;72,37244;-37,43419;0,09613;-0,034332;221,8792;389,6198;-0,602531;0;-106,1794;30,06477;0;-0,186253;403,9363;1849,136;-0,054932;0,219727;189,8424;-6,124877;-0,054932;-0,068665
96;1536;00:00:01:576;0;0;0;1,576681;4,504005;1,654424;1,603509;8,346063;-1,151191;0,048999;11,12726;-3,704803;-1,971041;12,68822;-5,503242;0,671595;4,147669;1,039464;-1,946059;11,22829;0,793317;-3,14024;15,91015;2,367677;-3,700475;18,46183;3,070997;-4,08084;20,53641;3,514661;-0,503466;3,686464;0,275852;-3,748037;10,47555;-0,363454;-6,597119;15,33478;-0,311811;-8,060455;18,01286;-0,450324;-9,187557;20,24391;-0,709386;-1,602201;3,258432;-0,359488;-5,17673;9,129257;-1,329015;-6,93308;13,56116;-2,778836;-5,045323;12,9409;-4,74768;-4,519376;10,8814;-3,351215;-2,652454;2,847695;-1,005722;-6,348386;7,283659;-2,273592;-6,978913;10,97664;-3,578645;-6,047574;11,60549;-5,271787;-4,522716;10,34578;-6,456298;92,53247;29,8107;-158,6406;160,2101;-51,18983;114,386;-176,2434;-51,18981;114,386;-156,9531;-51,25397;113,6935;-156,9531;-51,25395;113,6935;92,15248;29,8107;-158,6406;68,79047;31,09233;-177,0231;72,45713;30,40607;-176,707;76,32698;29,44515;-176,4302;76,29578;29,67098;-176,4934;95,57432;29,3634;-151,7165;89,39947;28,99085;-149,907;93,03001;30,93401;-149,7886;97,0276;32,58382;-149,3994;97,01065;32,36769;-149,431;99,14274;28,47524;-144,2765;109,7511;30,57036;-148,0326;-146,4008;32,32534;-147,0179;-50,78368;29,72067;-143,6471;-50,68563;29,92992;-143,4499;103,869;26,52244;-133,9082;112,7291;31,63586;-157,9186;173,9569;33,08733;-156,947;-127,7262;32,89434;-152,3501;-127,8391;33,11859;-152,5574;0;0;0;-304,546;-267,8369;118,4924;-294,6855;-677,4033;508,8685;-100,9845;-955,2058;856,1891;143,182;-1096,697;1097,313;-181,2712;-249,1268;155,2132;-21,74149;-670,0444;622,9489;-26,40194;-873,4999;812,6621;-34,12811;-995,077;923,8481;-44,71242;-1102,779;1020,695;-22,29536;-223,1252;200,8005;222,4701;-626,3205;689,4083;439,6258;-873,0679;1017,832;552,7273;-1020,853;1207,059;641,2878;-1154,119;1371,775;123,9334;-194,9438;238,7066;431,4997;-542,9182;702,8894;583,1884;-870,1421;1079,049;448,9667;-984,886;1128,14;388,2869;-786,8554;914,2454;264,9078;-169,9202;277,2756;621,3113;-431,7512;681,6816;660,3201;-733,7068;984,0683;598,4097;-891,7621;1105,976;491,9066;-911,5387;1077,598;0;0;0;-28,85627;12,38394;-6,753445;-63,93813;-3,026962;-17,56096;-100,4648;-30,40123;-16,222;-123,4259;-55,82428;-7,541656;-28,61881;5,167007;-2,824545;-85,98759;-16,09611;8,734702;-113,7672;-53,48396;25,98381;-129,3441;-72,9103;34,06334;-142,3702;-87,93067;39,49928;-28,17392;-4,202842;2,280235;-84,87796;-30,45845;16,5596;-121,7337;-75,325;32,38105;-142,9109;-99,02;39,89982;-161,2959;-117,8741;45,14122;-27,44222;-12,96329;7,050991;-78,2318;-41,81099;22,74227;-122,1742;-49,95918;10,4599;-117,6452;-50,69733;12,85172;-96,35925;-45,08972;17,32635;-26,89791;-21,33608;11,61003;-67,53158;-51,08643;27,79484;-117,5995;-55,74703;31,04782;-131,7501;-48,32267;26,89362;-120,7094;-36,36932;19,36912;12,13952;11,49555;3,793395;3,592543;38,83572;2,543135;23,54646;18,75081;15,79229;-15,12497;3,504702;3,731716;-7,64868;-7,505404;3,571441;3,794573;-9,065207;12,12945;103,3227;93,87057;-0,533025;19,82559;60,69621;55,74823;4,839019;-2,54581;-2,285843;0;-0,161877;5,42633;0,003347;0;-0,591545;3,515911;0;0;3,71212;-1,643314;0,000458;-0,000916;3,863482;-0,125771;0,001373;0,000229;225,5767;-119,1218;-137,1849;0;68,10149;291,6286;0,602531;-0,188828;-55,09299;186,9581;0;0,186253;206,2236;243,1926;0,082397;-0,164795;237,7128;-7,76596;0,137329;0,041199
97;1552;00:00:01:592;0;0;0;1,576681;4,504005;1,654424;1,603509;8,346063;-1,151191;0,048999;11,12726;-3,704803;-1,971041;12,68822;-5,503242;0,671595;4,147669;1,039464;-1,946059;11,22829;0,793317;-3,14024;15,91015;2,367677;-3,700475;18,46183;3,070997;-4,08084;20,53641;3,514661;-0,503466;3,686464;0,275852;-3,748037;10,47555;-0,363454;-6,597119;15,33478;-0,311811;-8,060455;18,01286;-0,450324;-9,187557;20,24391;-0,709386;-1,602201;3,258432;-0,359488;-5,17673;9,129257;-1,329015;-6,93308;13,56116;-2,778836;-5,045323;12,9409;-4,74768;-4,519376;10,8814;-3,351215;-2,652454;2,847695;-1,005722;-6,348386;7,283659;-2,273592;-6,978913;10,97664;-3,578645;-6,047574;11,60549;-5,271787;-4,522716;10,34578;-6,456298;92,53247;29,8107;-158,6406;160,2101;-51,18983;114,386;-176,2434;-51,18981;114,386;-156,9531;-51,25397;113,6935;-156,9531;-51,25395;113,6935;92,15248;29,8107;-158,6406;68,79047;31,09233;-177,0231;72,45713;30,40607;-176,707;76,32698;29,44515;-176,4302;76,29578;29,67098;-176,4934;95,57432;29,3634;-151,7165;89,39947;28,99085;-149,907;93,03001;30,93401;-149,7886;97,0276;32,58382;-149,3994;97,01065;32,36769;-149,431;99,14274;28,47524;-144,2765;109,7511;30,57036;-148,0326;-146,4008;32,32534;-147,0179;-50,78368;29,72067;-143,6471;-50,68563;29,92992;-143,4499;103,869;26,52244;-133,9082;112,7291;31,63586;-157,9186;173,9569;33,08733;-156,947;-127,7262;32,89434;-152,3501;-127,8391;33,11859;-152,5574;0;0;0;-305,7957;-267,2362;118,0373;-297,8702;-676,6617;508,5995;-105,7954;-955,0217;856,313;137,3939;-1097,292;1097,867;-182,5081;-248,8601;154,9349;-25,44891;-670,6923;622,8743;-31,63285;-874,6814;813,0048;-40,21798;-996,5083;924,4015;-51,52456;-1104,379;1021,406;-23,50996;-223,2908;200,7516;218,8151;-627,6307;689,6873;434,2188;-875,4203;1018,769;546,3198;-1023,739;1208,336;634,0168;-1157,413;1373,317;122,7528;-195,5106;238,872;428,1347;-544,7546;703,4769;577,8823;-872,7926;1079,524;443,5779;-986,9875;1128,365;383,9176;-788,6247;914,5692;263,7531;-170,8719;277,646;618,4111;-434,0243;682,5505;655,7171;-736,3339;984,7778;593,2607;-894,1428;1106,478;487,0547;-913,3953;1077,928;0;0;0;-74,98026;36,03744;-27,30489;-191,0849;44,49749;-16,13903;-288,65;11,04927;7,432937;-347,2852;-35,67123;33,22219;-74,21564;15,99741;-16,69979;-222,445;-38,86985;-4,4775;-313,8546;-70,8847;20,55931;-365,3919;-85,88218;33,19931;-408,7284;-95,98159;42,65785;-72,87624;-9,939193;-2,935409;-219,3003;-78,61232;16,73412;-324,4171;-141,1457;56,2191;-384,4499;-173,1434;76,65252;-436,2631;-197,6909;92,52547;-70,83964;-34,00755;9,926318;-201,9024;-110,1866;35,25352;-318,3632;-159,0328;28,54156;-323,3299;-126,0853;13,50403;-262,1555;-106,1554;19,42634;-69,28396;-57,10459;22,22585;-174,0103;-136,3878;52,1307;-276,1831;-157,6281;42,57202;-308,9332;-142,8394;30,17234;-291,1091;-111,3968;19,83833;12,13952;11,49555;3,793395;3,592543;38,83572;2,543135;23,54646;18,75081;15,79229;-15,12497;3,504702;3,731716;-7,64868;-7,505404;3,571441;3,794573;-9,065207;12,12945;103,3227;93,87057;-0,533025;19,82559;60,69621;55,74823;0;0;0;0;0;0;0;0;0;0;0;0;0;0;0;0;0;0;0;0;-290,3412;152,7486;137,1506;0;9,7126;-325,5798;-0,200844;0;35,4927;-210,9546;0;0;-222,7272;98,59885;-0,027466;0,054932;-231,8089;7,546234;-0,082397;-0,013733
98;1568;00:00:01:608;0;0;0;1,59777;4,493276;1,663343;1,654329;8,340864;-1,134238;0,123159;11,13539;-3,687394;-1,88251;12,71061;-5,489487;0,692549;4,142769;1,045239;-1,88292;11,23878;0,797186;-3,055666;15,92527;2,373877;-3,603736;18,47916;3,078751;-3,973817;20,55528;3,523911;-0,482788;3,689102;0,277546;-3,685631;10,49759;-0,365884;-6,524191;15,36296;-0,312907;-7,981365;18,04444;-0,450452;-9,103024;20,27835;-0,708507;-1,582007;3,26805;-0,361607;-5,11913;9,160502;-1,337103;-6,847966;13,60284;-2,788054;-4,957587;12,97452;-4,751821;-4,446584;10,91103;-3,355703;-2,632612;2,864019;-1,011488;-6,298581;7,322604;-2,286979;-6,909194;11,01803;-3,594568;-5,969588;11,64272;-5,28468;-4,446124;10,37644;-6,463961;92,55318;29,99614;-158,965;159,8483;-51,21623;114,3674;-176,6052;-51,21621;114,3674;-157,3149;-51,28309;113,6751;-157,3149;-51,2831;113,6751;92,17321;29,99614;-158,965;68,71478;31,27388;-177,3844;72,38313;30,58797;-177,0667;76,25473;29,62736;-176,7879;76,22314;29,85312;-176,8516;95,62049;29,54531;-152,0285;89,38304;29,14315;-150,0403;93,01364;31,08633;-149,9224;97,01215;32,73624;-149,5331;96,99514;32,52011;-149,5646;99,21497;28,65042;-144,5766;109,8042;30,74381;-148,3049;-146,3431;32,49795;-147,2862;-50,71594;29,89011;-143,9127;-50,61707;30,09915;-143,7149;103,9741;26,68332;-134,1958;112,821;31,80979;-158,1118;174,0538;33,25989;-157,1354;-127,6133;33,05985;-152,5301;-127,7267;33,28443;-152,7373;0;0;0;-305,7957;-267,2362;118,0373;-297,9951;-676,4107;508,8065;-105,9986;-954,6134;856,65;137,1561;-1096,813;1098,261;-182,5081;-248,8601;154,9349;-25,44891;-670,6923;622,8743;-31,62516;-874,5451;812,9701;-40,20745;-996,2985;924,3525;-51,51283;-1104,11;1021,349;-23,50996;-223,2908;200,7516;218,8151;-627,6307;689,6873;435,0958;-874,5127;1018,529;547,6814;-1022,336;1207,997;635,7833;-1155,602;1372,921;122,7528;-195,5106;238,872;428,1347;-544,7546;703,4769;578,0317;-872,6769;1079,526;443,7068;-986,9005;1128,436;383,975;-788,5905;914,6251;263,7531;-170,8719;277,646;618,4111;-434,0243;682,5505;656,1549;-736,3481;984,7734;593,7489;-894,1588;1106,479;487,3609;-913,4066;1077,952;0;0;0;0;0;0;-7,495879;15,05756;12,42256;-12,19439;24,49608;20,21599;-14,27078;28,74183;23,64921;0;0;0;0;0;0;0,46134;8,176803;-2,082824;0,631571;12,5885;-2,941131;0,704169;16,13617;-3,387451;0;0;0;0;0;0;52,61707;54,45671;-14,37378;81,6965;84,17701;-20,38193;105,9895;108,6845;-23,7236;0;0;0;0;0;0;8,963584;6,940842;0,114441;7,733344;5,218505;4,25148;3,443241;2,048492;3,353119;0;0;0;0;0;0;26,26991;-0,846863;-0,268936;29,28829;-0,961304;0,034332;18,36777;-0,675201;1,384735;12,1307;11,50062;3,790251;3,601394;38,77038;2,577472;23,54646;18,7508;15,79359;-15,1523;3,504702;3,731664;-7,804616;-7,664699;3,571441;3,794522;-9,093081;12,10747;103,3227;93,87057;-0,643462;19,82916;60,69618;55,74823;-3,920288;2,060237;0;-0,000572;0,078335;-1,639767;0;-0,003147;-9,356202;-9,557704;0;-0,00309;-1,672497;-1,318645;0;0,000458;-6,626211;0,214462;-0,001373;0,000229;-235,2173;123,6142;0;-0,034332;4,700088;-98,38599;0;-0,188828;-561,3721;-573,4622;0;-0,185394;-100,3498;-79,11872;0;0,027466;-397,5727;12,86773;-0,082397;0,013733
99;1584;00:00:01:624;0;0;0;1,605565;4,489523;1,665966;1,673542;8,337936;-1,130225;0,151303;11,13652;-3,684289;-1,848887;12,71651;-5,488281;0,700313;4,141085;1,04674;-1,85945;11,24271;0,796839;-3,023302;15,9306;2,375947;-3,566354;18,48517;3,082238;-3,93221;20,56177;3,528635;-0,475103;3,690096;0,277591;-3,662396;10,50562;-0,368471;-6,492998;15,37564;-0,316627;-7,945619;18,05957;-0,454688;-9,06334;20,29541;-0,713082;-1,574482;3,271536;-0,362923;-5,097653;9,171814;-1,341598;-6,816968;13,61781;-2,792642;-4,925753;12,98679;-4,754735;-4,4199;10,92186;-3,358868;-2,625196;2,869894;-1,014105;-6,279973;7,336637;-2,293163;-6,875769;11,03569;-3,597338;-5,932194;11,65878;-5,28583;-4,412183;10,38821;-6,464966;92,57086;30,0624;-159,0806;159,7339;-51,20525;114,3373;-176,7197;-51,20525;114,3373;-157,4297;-51,27299;113,6454;-157,4297;-51,27299;113,6454;92,19088;30,0624;-159,0805;68,66487;31,34007;-177,5407;72,33401;30,6544;-177,222;76,20644;29,69399;-176,9421;76,17465;29,9197;-177,0061;95,64716;29,60924;-152,1398;89,39587;29,20265;-150,1283;93,02689;31,14581;-150,0098;97,02611;32,79564;-149,6198;97,00902;32,57951;-149,6515;99,25063;28,71079;-144,684;109,8184;30,80409;-148,4014;-146,3273;32,55799;-147,3816;-50,69652;29,94928;-144,0069;-50,59738;30,15826;-143,8089;104,0208;26,73708;-134,2993;112,7779;31,88613;-158,3439;174,0116;33,33685;-157,368;-127,6479;33,1394;-152,7583;-127,7617;33,36386;-152,9659;0;0;0;-307,061;-266,5925;117,5021;-301,0631;-676,0609;507,8206;-110,4787;-955,0399;855,6561;131,8085;-1098,083;1097,495;-183,7654;-248,5661;154,5884;-29,23719;-671,3214;622,6422;-36,80165;-875,3053;812,5302;-46,17045;-997,1115;923,7875;-58,13982;-1104,951;1020,673;-24,75068;-223,4491;200,65;215,0708;-628,9528;689,8331;430,8296;-876,0442;1018,558;543,1063;-1023,985;1207,953;630,9325;-1157,352;1372,81;121,5412;-196,0876;238,9991;424,6787;-546,6294;703,9622;572,9838;-875,0597;1080,096;438,4998;-988,8287;1128,764;379,6347;-790,333;914,9503;262,5625;-171,8514;277,992;615,4229;-436,3611;683,3536;651,5724;-738,8188;985,7328;588,6245;-896,3783;1107,252;482,486;-915,2357;1078,39;0;0;0;-75,9201;38,62524;-32,10997;-184,0782;20,98846;-59,15736;-268,8081;-25,58899;-59,62943;-320,8523;-76,25198;-45,95375;-75,43372;17,63964;-20,78962;-227,297;-37,75119;-13,93032;-310,5891;-45,61042;-26,39008;-357,7798;-48,78044;-33,8974;-397,6199;-50,49706;-40,59219;-74,44301;-9,497165;-6,09827;-224,6618;-79,32471;8,749007;-255,9728;-91,89033;1,756668;-274,5065;-98,96278;-2,586365;-291,0461;-104,9824;-6,660461;-72,69572;-34,62481;7,628917;-207,3584;-112,484;29,11663;-302,8764;-142,9653;34,16061;-312,418;-115,694;19,72389;-260,4174;-104,5475;19,51217;-71,43115;-58,76612;20,75672;-179,3003;-140,2044;48,19107;-274,9529;-148,2439;57,5695;-307,4684;-133,1692;46,39434;-292,4909;-109,7488;26,32713;12,13232;11,50176;3,790157;3,597969;38,76053;2,582649;23,54645;18,7508;15,81756;-15,18335;3,504702;3,731664;-7,824258;-7,692457;3,571387;3,794573;-9,10321;12,08439;103,3227;93,87056;-0,542846;19,8259;60,6962;55,74822;-0,590973;0,310578;-0,000572;0;1,438351;-1,863098;0;0;-1,178512;-1,665487;-0,00329;0,00309;-0,607738;-1,384621;0,000458;-0,000916;6,036937;-0,195694;0,000916;-0,000458;199,7589;-104,9795;-0,034332;0,034332;81,60094;-13,39989;0;0,188828;490,6613;473,533;-0,197411;0,370789;63,88549;-3,958511;0,027466;-0,082397;759,7888;-24,60937;0,137329;-0,041199
100;1600;00:00:01:640;0;0;0;1,62468;4,48094;1,670537;1,72033;8,325092;-1,130701;0,21918;11,12912;-3,691263;-1,768433;12,71842;-5,500978;0,719029;4,13724;1,049248;-1,804098;11,25183;0,795419;-2,945756;15,94408;2,37778;-3,476392;18,50071;3,086038;-3,831888;20,57873;3,534193;-0,456972;3,692398;0,277421;-3,608205;10,52417;-0,374012;-6,407382;15,41239;-0,330472;-7,84225;18,10563;-0,472829;-8,944807;20,3486;-0,73456;-1,557056;3,279568;-0,365599;-5,048079;9,197877;-1,350593;-6,742679;13,65222;-2,805091;-4,850186;13,01222;-4,763037;-4,357409;10,94477;-3,366216;-2,608366;2,883412;-1,019174;-6,237611;7,368939;-2,305178;-6,812726;11,07088;-3,610428;-5,862418;11,68952;-5,296777;-4,345913;10,41174;-6,472619;92,60806;30,18442;-159,3527;159,6349;-51,09248;114,0771;-176,8187;-51,09247;114,0771;-157,531;-51,16098;113,3871;-157,5311;-51,16098;113,3871;92,22809;30,18442;-159,3527;68,58932;31,46299;-177,8917;72,2598;30,77768;-177,5716;76,13367;29,81757;-177,2899;76,10155;30,04321;-177,3543;95,70092;29,72648;-152,404;89,49204;29,32809;-150,4518;93,12527;31,27106;-150,3293;97,1273;32,92032;-149,9354;97,10991;32,70424;-149,9676;99,32083;28,82098;-144,941;109,8915;30,91469;-148,6407;-146,2505;32,66746;-147,6169;-50,61452;30,05474;-144,2426;-50,51477;30,26347;-144,0441;104,1108;26,83436;-134,5495;112,8291;32,00584;-158,5921;174,0661;33,4558;-157,6133;-127,5823;33,2543;-152,9977;-127,6964;33,47897;-153,2052;0;0;0;-307,5287;-266,3673;117,3448;-302,0471;-676,2244;507,3;-111,8927;-955,6589;855,0145;130,1124;-1099,085;1096,89;-184,2312;-248,4651;154,4983;-30,64544;-671,5573;622,663;-38,95385;-875,4261;812,2942;-48,73962;-997,1658;923,4125;-61,05764;-1104,948;1020,186;-25,21178;-223,5088;200,6473;213,6767;-629,435;689,9883;428,6559;-877,2032;1018,876;540,4921;-1025,508;1208,341;627,9418;-1159,169;1373,238;121,0896;-196,2968;239,0781;423,39;-547,308;704,2319;571,2095;-875,9606;1080,357;436,6577;-989,567;1128,93;378,0623;-790,9841;915,1401;262,1176;-172,2039;278,149;614,3063;-437,203;683,7247;649,64;-739,8805;985,8983;586,4623;-897,3441;1107,321;480,5006;-915,9439;1078,454;0;0;0;-28,06234;13,50832;-9,441375;-59,0372;-9,807586;-31,23664;-84,83934;-37,1418;-38,49792;-101,7666;-60,10436;-36,30066;-27,95005;6,065368;-5,404472;-84,49494;-14,15062;1,250267;-129,1323;-7,249831;-14,16206;-154,1505;-3,255844;-22,49908;-175,0692;0,217438;-29,23393;-27,66627;-3,579139;-0,161648;-83,64486;-28,93352;9,31549;-130,4226;-69,54002;19,08302;-156,8556;-91,35818;23,2315;-179,4433;-109,0622;25,64621;-27,09317;-12,54988;4,739284;-77,31914;-40,72094;16,18194;-106,4529;-54,05617;15,68985;-110,527;-44,29435;9,944915;-94,34795;-39,06726;11,39259;-26,69764;-21,14939;9,422778;-66,98798;-50,51708;22,26162;-115,9401;-63,70353;9,927749;-129,7274;-57,94715;4,142761;-119,1215;-42,49191;3,845214;12,15223;11,50821;3,795502;3,592808;38,84883;2,536214;23,54646;18,75081;15,86487;-15,22641;3,504702;3,731716;-7,770188;-7,622824;3,571441;3,794625;-9,119988;12,0854;103,3227;93,87054;-0,561277;19,82651;60,69621;55,74823;5,297698;-2,786093;0,000572;0,000572;2,838249;-2,583675;0;0,003147;3,244228;4,17798;0,00329;0,003104;-1,00668;0,060711;0;-0,001373;-1,105857;0,036278;0,000458;0,000458;353,3203;-185,8002;0,068665;0,034332;83,9939;-43,23463;0;0,188828;265,3644;350,608;0,394821;0,000858;-23,93646;86,71988;-0,027466;-0,027466;-428,5676;13,9183;-0,027466;0,054932
101;1616;00:00:01:656;0;0;0;1,635623;4,47597;1,67318;1,742669;8,324376;-1,121798;0,250458;11,13561;-3,679683;-1,731651;12,73194;-5,489246;0,729565;4,134948;1,051009;-1,773638;11,25656;0,796942;-2,90267;15,95105;2,381697;-3,426299;18,50875;3,091335;-3,775995;20,5875;3,540672;-0,446991;3,693573;0,278038;-3,578734;10,53421;-0,374255;-6,370046;15,42687;-0,323445;-7,800565;18,12263;-0,461784;-8,899487;20,36777;-0,720161;-1,547653;3,283965;-0,36605;-5,021424;9,212182;-1,352451;-6,709392;13,66737;-2,81209;-4,815589;13,02371;-4,767571;-4,326644;10,95675;-3,368671;-2,599488;2,890898;-1,020648;-6,215183;7,386805;-2,308573;-6,785208;11,08823;-3,617534;-5,832478;11,7045;-5,303381;-4,315991;10,42422;-6,476529;92,61134;30,23656;-159,5097;159,475;-51,14779;114,082;-176,9785;-51,14777;114,082;-157,6901;-51,21749;113,3915;-157,6901;-51,21749;113,3915;92,23136;30,23656;-159,5097;68,54359;31,51182;-178,0857;72,21471;30,82673;-177,7648;76,0893;29,86682;-177,4821;76,057;30,09242;-177,5467;95,71141;29,77789;-152,5574;89,40692;29,37615;-150,5857;93,03856;31,31929;-150,4666;97,03941;32,96905;-150,0754;97,02219;32,75292;-150,1072;99,33877;28,87077;-145,091;109,9709;30,94325;-148,6656;-146,1689;32,69481;-147,6385;-50,53346;30,07799;-144,2677;-50,43344;30,28649;-144,0688;104,1382;26,8805;-134,6958;112,9082;32,04546;-158,6073;174,1473;33,49427;-157,6256;-127,4978;33,28719;-153,0085;-127,6119;33,51211;-153,2157;0;0;0;-308,6756;-265,8523;117,0705;-304,9958;-675,1697;507,563;-116,1955;-954,7529;855,8146;125,0159;-1098,657;1098,098;-185,3542;-248,2344;154,3479;-33,96653;-672,1042;622,7482;-43,71053;-876,1519;812,1331;-54,29837;-997,9706;923,1085;-67,28477;-1105,802;1019,758;-26,2996;-223,6469;200,6575;210,4252;-630,5474;690,3207;423,5999;-878,7843;1019,612;534,4181;-1027,307;1209,303;620,9997;-1161,115;1374,393;120,0441;-196,7787;239,2386;420,4156;-548,8718;704,7716;567,3151;-878,041;1081,013;432,5703;-991,1057;1129,367;374,501;-792,3655;915,5799;261,1078;-173,015;278,4532;611,7646;-439,1412;684,4456;646,3354;-742,0076;986,6786;582,8087;-899,2064;1107,978;476,8587;-917,3677;1078,938;0;0;0;-68,81332;30,90191;-16,45803;-176,9242;63,28296;15,78426;-258,1658;54,35944;48,00224;-305,7925;25,68626;72,49831;-67,37852;13,83877;-9,029387;-199,2654;-32,81879;5,112648;-285,4005;-43,54477;-9,670257;-333,5248;-48,28834;-18,24188;-373,6277;-51,25237;-25,64621;-65,26887;-8,285522;0,612259;-195,0874;-66,7448;19,94419;-303,36;-94,86579;44,13414;-364,4371;-107,9407;57,75832;-416,5277;-116,7412;69,35119;-62,73364;-28,91564;9,630202;-178,4677;-93,82724;32,38105;-233,6654;-124,8207;39,36767;-245,2469;-92,31948;26,21841;-213,6755;-82,88669;26,38435;-60,58644;-48,66528;18,24903;-152,504;-116,292;43,2558;-198,2746;-127,6216;46,81778;-219,2202;-111,7401;39,42489;-218,5192;-85,42442;29,0451;12,14202;11,50774;3,792375;3,602648;38,77485;2,57513;23,54645;18,75081;15,88793;-15,24455;3,504646;3,731664;-7,786615;-7,730785;3,571441;3,794573;-9,230417;12,09206;103,3227;93,87055;-0,681562;19,83041;60,69618;55,74822;-4,438705;2,334995;-0,000572;0;1,383419;-1,088562;-0,003347;-0,003147;-0,985622;-6,477642;0;-0,003104;-6,625728;0,39917;0;0,000916;-7,217113;0,234375;-0,001373;-0,000687;-584,1842;307,2652;-0,068665;-0,034332;-87,28979;89,70679;-0,200844;-0,377655;-253,791;-639,3373;-0,197411;-0,372505;-337,1429;20,30754;0;0,137329;-366,6753;11,88583;-0,109863;-0,068665
102;1632;00:00:01:672;0;0;0;1,667471;4,459552;1,68554;1,811696;8,308204;-1,10743;0,347426;11,13344;-3,666032;-1,618276;12,7477;-5,477581;0,759914;4,126919;1,061017;-1,687136;11,26839;0,817402;-2,782553;15,96864;2,408662;-3,287588;18,52904;3,122011;-3,621938;20,60963;3,574507;-0,418642;3,696364;0,284995;-3,49568;10,56261;-0,35857;-6,246744;15,47798;-0,304996;-7,654747;18,18565;-0,441591;-8,734627;20,44021;-0,698325;-1,521293;3,296714;-0,36194;-4,946862;9,253936;-1,342149;-6,595173;13,72851;-2,787732;-4,704453;13,07586;-4,743214;-4,234797;10,99981;-3,3512;-2,57497;2,913244;-1,019263;-6,153094;7,43994;-2,304263;-6,687439;11,15009;-3,603522;-5,726332;11,76255;-5,286001;-4,219493;10,47198;-6,460298;92,52254;30,37567;-160,002;159,341;-51,14043;113,6908;-177,1125;-51,14041;113,6908;-157,8244;-51,21116;113,0006;-157,8244;-51,21116;113,0006;92,14256;30,37567;-160,002;68,42488;31,61991;-178,5934;72,09758;30,93538;-178,2705;75,97392;29,97597;-177,9852;75,94123;30,20146;-178,0504;95,6431;29,92525;-153,0389;89,37372;29,52704;-151,0735;93,00504;31,47023;-150,9555;97,00652;33,12019;-150,5648;96,98928;32,90405;-150,5965;99,29353;29,02459;-145,5604;109,8068;31,11058;-149,236;-146,3326;32,86464;-148,2131;-50,68083;30,25564;-144,8276;-50,58041;30,46458;-144,6289;104,1257;27,03894;-135,149;112,7681;32,19429;-159,1996;174,0079;33,64511;-158,2205;-127,6219;33,44691;-153,5946;-127,737;33,67146;-153,8027;0;0;0;-309,3322;-265,5541;116,912;-306,1625;-675,4751;506,7411;-117,7898;-955,7093;854,6516;123,1395;-1100,134;1096,846;-185,9863;-248,0968;154,2422;-35,79414;-672,3882;622,6568;-46,25357;-876,6363;811,9275;-57,23836;-998,5543;922,834;-70,55331;-1106,458;1019,422;-26,89846;-223,7174;200,6205;208,657;-631,1503;690,3353;421,3146;-879,8502;1019,223;531,8462;-1028,632;1208,685;618,1877;-1162,659;1373,577;119,4799;-197,0426;239,2657;418,8163;-549,7302;704,8831;564,9202;-878,639;1081,562;430,2055;-991,5594;1129,899;372,5412;-792,9895;915,8681;260,5751;-173,4641;278,5416;610,419;-440,2132;684,6493;644,3528;-743,0375;987,1086;580,6426;-900,0933;1108,375;474,8316;-918,1083;1079,156;0;0;0;-39,39485;17,89141;-9,51147;-70,0035;-18,32485;-49,31545;-95,65973;-57,38067;-69,78034;-112,5855;-88,58298;-75,10757;-37,93001;8,25405;-6,340027;-109,6568;-17,04025;-5,484581;-152,5828;-29,06799;-12,33101;-176,3992;-35,02464;-16,46805;-196,1124;-39,37339;-20,17021;-35,93158;-4,230022;-2,221584;-106,0953;-36,17477;0,872612;-137,1174;-63,9553;-23,32306;-154,315;-79,5021;-37,11891;-168,7202;-92,65708;-48,96926;-33,84733;-15,83004;1,626492;-95,95584;-51,49841;6,689072;-143,6977;-35,88295;32,89604;-141,8867;-27,22549;31,91757;-117,5895;-37,43648;17,29202;-31,96191;-26,95155;5,307197;-80,73806;-64,31579;12,21943;-118,9585;-61,79523;25,8007;-129,962;-53,2093;23,76938;-121,6221;-44,4374;13,04626;12,15586;11,51774;3,797738;3,593187;38,8656;2,527253;23,54647;18,7508;15,87789;-15,23069;3,504758;3,731611;-7,778015;-7,696564;3,571496;3,794573;-9,148816;12,02798;103,3227;93,87057;-0,598071;19,8277;60,69618;55,74823;5,445327;-2,872638;0,00103;-0,000572;-0,602016;0,831928;0,006695;-0,003147;0,516014;2,05327;0,00329;0;4,896068;-3,844414;-0,000458;0,000916;5,009483;-0,163078;0;0,000458;593,0419;-312,458;0,09613;-0,034332;-119,1261;115,2294;0,602531;0;90,09818;511,8547;0,197411;0,186253;691,3077;-254,615;-0,027466;0;733,5957;-23,84719;0,082397;0,068665
103;1648;00:00:01:688;0;0;0;1,677266;4,454317;1,689657;1,83145;8,304825;-1,100219;0,374673;11,13549;-3,6571;-1,586622;12,75576;-5,46806;0,769157;4,124295;1,064553;-1,661154;11,27164;0,825739;-2,747521;15,97277;2,42061;-3,247569;18,53359;3,13596;-3,577821;20,61447;3,590108;-0,410126;3,697103;0,287778;-3,470924;10,57101;-0,351426;-6,214053;15,49075;-0,292778;-7,61767;18,20085;-0,42657;-8,693883;20,45741;-0,680959;-1,513477;3,300536;-0,359861;-4,924806;9,2665;-1,33655;-6,562203;13,74603;-2,779183;-4,672314;13,09053;-4,734515;-4,207976;11,01229;-3,343975;-2,567813;2,920044;-1,017856;-6,134924;7,456085;-2,300523;-6,660593;11,16834;-3,59732;-5,697518;11,77988;-5,279008;-4,193107;10,48681;-6,453682;92,48103;30,41006;-160,1565;159,2827;-51,17381;113,6026;-177,1709;-51,1738;113,6026;-157,8821;-51,24496;112,912;-157,8821;-51,24497;112,912;92,10106;30,41006;-160,1565;68,3681;31,64191;-178,7406;72,04135;30,95765;-178,4168;75,91837;29,99849;-178,1304;75,88552;30,22392;-178,1958;95,6069;29,96374;-153,1906;89,31419;29,56197;-151,1954;92,94442;31,50527;-151,0797;96,94505;33,15557;-150,6909;96,92794;32,9394;-150,7224;99,26369;29,06683;-145,7084;109,7735;31,15098;-149,3864;-146,3657;32,90552;-148,3642;-50,71016;30,2981;-144,9756;-50,60962;30,50712;-144,7769;104,1055;27,08519;-135,2917;112,7315;32,22837;-159,3458;173,9714;33,6797;-158,3674;-127,6548;33,48383;-153,7394;-127,7701;33,70828;-153,9478;0;0;0;-311,243;-264,569;116,1704;-310,304;-674,5052;505,8786;-123,6076;-955,58;853,8318;116,3373;-1101,08;1096,146;-187,8072;-247,6151;153,6417;-40,98428;-673,0978;621,4292;-53,39621;-877,6346;810,3119;-65,46228;-999,6844;920,9988;-79,67072;-1107,674;1017,401;-28,5994;-223,8848;200,203;203,6737;-632,8541;689,3942;414,0571;-882,6873;1018,066;523,316;-1032,059;1207,403;608,5806;-1166,548;1372,188;117,8983;-197,8075;239,0191;414,3427;-552,2354;704,265;558,0694;-882,3076;1080,1;423,5391;-994,6889;1128,437;367,0311;-795,5728;914,8199;259,104;-174,8049;278,4585;606,6937;-443,4013;684,3907;638,5193;-746,7506;986,2675;574,3102;-903,5773;1107,332;469,0645;-920,9744;1078,184;0;0;0;-114,6526;59,10443;-44,49606;-248,487;58,19034;-51,75018;-349,0634;7,753371;-49,18098;-408,1299;-56,81419;-42,03987;-109,2546;28,90491;-36,02814;-311,4084;-42,56916;-73,65417;-428,558;-59,89837;-96,93717;-493,4352;-67,80624;-110,1151;-547,0444;-72,93319;-121,233;-102,0564;-10,04791;-25,04683;-298,994;-102,2272;-56,46229;-435,4477;-170,2251;-69,43702;-511,8112;-205,6046;-76,88712;-576,4274;-233,2878;-83,38165;-94,89655;-45,89438;-14,79721;-268,4211;-150,3124;-37,08744;-411,0432;-220,1157;-87,71323;-399,9824;-187,7689;-87,70751;-330,6026;-154,9959;-62,891;-88,26685;-80,44337;-4,989624;-223,5203;-191,288;-15,51533;-350,0089;-222,7879;-50,46844;-379,9438;-209,0435;-62,57056;-346,0264;-171,9646;-58,33053;12,15626;11,5215;3,797751;3,593514;38,86572;2,527253;23,54645;18,75079;15,8659;-15,24123;3,504702;3,731664;-7,803384;-7,736622;3,571441;3,794573;-9,149266;12,028;103,3227;93,87057;-0,606195;19,82796;60,6962;55,74823;0,007095;0;-0,00103;-0,000687;-0,719204;-0,632458;-0,003347;0,003147;-1,522179;-2,403488;-0,00329;0;-0,027008;0,00103;0;0,000458;-0,487454;0,015678;0,000916;0;-326,2939;172,3583;-0,123596;-0,006866;-7,03125;-87,86314;-0,602531;0,377655;-122,2915;-267,4055;-0,394821;0;-295,3846;230,7266;0,027466;-0,027466;-329,8162;10,7254;0,054932;-0,027466
104;1664;00:00:01:704;0;0;0;1,68764;4,449392;1,6923;1,850424;8,303823;-1,091663;0,400214;11,1411;-3,644942;-1,557153;12,76782;-5,454375;0,778867;4,121881;1,06684;-1,634174;11,27518;0,831214;-2,71097;15,97741;2,429317;-3,205772;18,53876;3,146446;-3,531736;20,62;3,602055;-0,401281;3,697931;0,289601;-3,445382;10,57952;-0,346686;-6,186633;15,50016;-0,276904;-7,589337;18,21102;-0,404643;-8,664894;20,46846;-0,654058;-1,50545;3,304356;-0,358469;-4,902197;9,279022;-1,332781;-6,533702;13,76016;-2,777091;-4,64396;13,10188;-4,73163;-4,182594;11,02344;-3,340409;-2,560562;2,926744;-1,016878;-6,116473;7,472023;-2,297937;-6,638113;11,18425;-3,596418;-5,67384;11,79419;-5,278001;-4,170239;10,49922;-6,451604;92,45343;30,43119;-160,3085;159,1874;-51,24246;113,5687;-177,2662;-51,24244;113,5687;-157,9763;-51,31434;112,8773;-157,9763;-51,31434;112,8773;92,07344;30,43118;-160,3085;68,31888;31,6549;-178,8872;71,99256;30,97087;-178,5627;75,87015;30,01191;-178,2752;75,83717;30,23729;-178,3409;95,58258;29,98759;-153,3407;89,18388;29,57629;-151,281;92,81149;31,51982;-151,1705;96,80981;33,17088;-150,7863;96,79301;32,95465;-150,817;99,24335;29,09323;-145,8563;109,7993;31,15991;-149,4423;-146,3392;32,91406;-148,419;-50,6838;30,3053;-145,0315;-50,58318;30,51425;-144,8327;104,0912;27,11437;-135,4362;112,7657;32,2398;-159,3824;174,0064;33,69065;-158,4028;-127,619;33,49239;-153,7745;-127,7342;33,71695;-153,9827;0;0;0;-311,8308;-264,2549;115,9233;-311,5967;-674,0869;505,6241;-125,4172;-955,3519;853,5858;114,2335;-1101,152;1095,914;-188,3618;-247,4577;153,4295;-42,54316;-673,2928;620,929;-55,44825;-877,782;809,5813;-67,78751;-999,8027;920,1443;-82,22159;-1107,766;1016,447;-29,11038;-223,9292;200,0361;202,1884;-633,3581;688,9656;412,4014;-882,6426;1017,18;521,5685;-1031,716;1206,293;606,7582;-1165,961;1370,914;117,4294;-198,0368;238,8944;413,0192;-552,9893;703,929;556,5087;-883,3705;1079,519;421,9422;-995,5787;1127,87;365,5616;-796,327;914,3854;258,6746;-175,2129;278,3741;605,6034;-444,3699;684,1663;637,3009;-747,8578;985,891;573,0189;-904,631;1106,912;467,7557;-921,8745;1077,807;0;0;0;-35,26353;18,84556;-14,82367;-77,56232;25,10262;-15,26642;-108,5801;13,68713;-14,76288;-126,229;-4,3087;-13,92174;-33,27512;9,444236;-12,73155;-93,53274;-11,7073;-30,01213;-123,1227;-8,84056;-43,83659;-139,5138;-7,095337;-51,26953;-153,0522;-5,527496;-57,24334;-30,6589;-2,660751;-10,01644;-89,12086;-30,23815;-25,7206;-99,34043;2,683639;-53,17497;-104,8508;20,54786;-66,62749;-109,3369;35,20202;-76,40647;-28,13745;-13,76081;-7,485866;-79,40482;-45,23563;-20,1559;-93,64127;-63,77219;-34,82437;-95,81279;-53,38669;-34,04045;-88,171;-45,2528;-26,06964;-25,76351;-24,48249;-5,06401;-65,41442;-58,11881;-13,46684;-73,10485;-66,43581;-22,59064;-77,47935;-63,22288;-25,177;-78,52935;-54,00467;-22,59064;12,14803;11,52662;3,795346;3,601279;38,80954;2,556956;23,54646;18,7508;15,85783;-15,26076;3,504702;3,731664;-7,859751;-7,877661;3,571441;3,794573;-9,231162;12,03293;103,3227;93,87057;-0,704989;19,83119;60,6962;55,74823;-3,370971;1,782188;0,000572;0,000687;-0,484314;-1,172218;0;0;-3,381986;-8,462362;0;0;-4,913749;0,295887;0,000458;-0,000458;-5,927621;0,193863;0;0,000229;-202,684;106,9313;0,09613;0,082397;14,0934;-32,38563;0,200844;-0,188828;-111,5885;-363,5324;0,197411;0;-293,2045;17,69142;0,027466;-0,054932;-326,41;10,69107;-0,054932;0,013733
105;1680;00:00:01:720;0;0;0;1,68764;4,449392;1,6923;1,850424;8,303823;-1,091663;0,400214;11,1411;-3,644942;-1,557153;12,76782;-5,454375;0,778867;4,121881;1,06684;-1,634174;11,27518;0,831214;-2,71097;15,97741;2,429317;-3,205772;18,53876;3,146446;-3,531736;20,62;3,602055;-0,401281;3,697931;0,289601;-3,445382;10,57952;-0,346686;-6,186633;15,50016;-0,276904;-7,589337;18,21102;-0,404643;-8,664894;20,46846;-0,654058;-1,50545;3,304356;-0,358469;-4,902197;9,279022;-1,332781;-6,533702;13,76016;-2,777091;-4,64396;13,10188;-4,73163;-4,182594;11,02344;-3,340409;-2,560562;2,926744;-1,016878;-6,116473;7,472023;-2,297937;-6,638113;11,18425;-3,596418;-5,67384;11,79419;-5,278001;-4,170239;10,49922;-6,451604;92,45343;30,43119;-160,3085;159,1874;-51,24246;113,5687;-177,2662;-51,24244;113,5687;-157,9763;-51,31434;112,8773;-157,9763;-51,31434;112,8773;92,07344;30,43118;-160,3085;68,31888;31,6549;-178,8872;71,99256;30,97087;-178,5627;75,87015;30,01191;-178,2752;75,83717;30,23729;-178,3409;95,58258;29,98759;-153,3407;89,18388;29,57629;-151,281;92,81149;31,51982;-151,1705;96,80981;33,17088;-150,7863;96,79301;32,95465;-150,817;99,24335;29,09323;-145,8563;109,7993;31,15991;-149,4423;-146,3392;32,91406;-148,419;-50,6838;30,3053;-145,0315;-50,58318;30,51425;-144,8327;104,0912;27,11437;-135,4362;112,7657;32,2398;-159,3824;174,0064;33,69065;-158,4028;-127,619;33,49239;-153,7745;-127,7342;33,71695;-153,9827;0;0;0;-312,4532;-263,9594;115,7647;-312,7351;-674,0268;505,1107;-126,9497;-955,6888;852,8564;112,4654;-1101,876;1095,093;-188,9444;-247,3128;153,2923;-44,16197;-673,5052;620,6005;-57,64129;-878,0606;809,0588;-70,29529;-1000,113;919,5151;-84,98668;-1108,097;1015,731;-29,64112;-223,9788;199,9267;200,6559;-633,8686;688,6812;410,7562;-883,2069;1016,227;519,8685;-1032,327;1204,977;605,0189;-1166,623;1369,3;116,9477;-198,266;238,8109;411,6627;-553,7406;703,7029;554,7986;-884,2183;1079,394;420,241;-996,2596;1127,697;364,0387;-796,9957;914,1715;258,2395;-175,6149;278,3154;604,4963;-445,3262;684,0111;635,9521;-748,8129;985,8368;571,5982;-905,49;1106,852;466,3836;-922,6189;1077,682;0;0;0;-37,3435;17,72976;-9,515046;-68,30692;3,604888;-30,80463;-91,94898;-20,21599;-43,7622;-106,0874;-43,40171;-49,26681;-34,95741;8,691787;-8,230447;-97,12814;-12,74014;-19,70959;-131,5824;-16,71982;-31,34536;-150,4666;-18,59665;-37,74833;-165,9053;-19,88411;-43,00689;-31,84426;-2,978325;-6,563187;-91,95184;-30,63011;-17,06314;-98,71387;-33,86306;-57,14606;-101,9983;-36,62681;-78,94134;-104,3587;-39,74533;-96,84562;-28,8999;-13,75294;-5,00822;-81,39037;-45,07827;-13,56697;-102,6049;-50,86899;-7,530211;-102,0756;-40,8554;-10,38551;-91,37248;-40,12012;-12,83455;-26,10397;-24,11914;-3,521919;-66,42722;-57,37781;-9,306907;-80,92689;-57,30056;-3,250122;-85,24131;-51,53847;-3,627777;-82,32307;-44,66629;-7,490157;12,14803;11,52662;3,795346;3,601279;38,80954;2,556956;23,54646;18,7508;15,85783;-15,26076;3,504702;3,731664;-7,859751;-7,877661;3,571441;3,794573;-9,231162;12,03293;103,3227;93,87057;-0,704989;19,83119;60,6962;55,74823;0;0;0;0;0;0;0;0;0;0;0;0;0;0;0;0;0;0;0;0;202,2583;-106,9313;-0,034332;-0,041199;29,05883;70,33309;0;0;202,9192;507,7417;0;0;294,825;-17,75322;-0,027466;0,027466;355,6572;-11,63177;0;-0,013733
106;1696;00:00:01:736;0;0;0;1,728844;4,428926;1,70435;1,933557;8,285466;-1,07392;0,51479;11,14098;-3,624529;-1,424152;12,7901;-5,433521;0,817685;4,11169;1,077069;-1,525274;11,28867;0,854713;-2,565537;15,99489;2,465232;-3,040247;18,5581;3,189242;-3,349726;20,6406;3,650537;-0,365592;3,701006;0,297468;-3,34174;10,61334;-0,326913;-6,049109;15,55248;-0,242706;-7,433091;18,27331;-0,362459;-8,493011;20,53885;-0,605199;-1,472754;3,319665;-0,352805;-4,809956;9,329317;-1,317679;-6,393059;13,83105;-2,751768;-4,508026;13,15836;-4,705949;-4,069923;11,07151;-3,319803;-2,530694;2,953831;-1,013322;-6,040602;7,536407;-2,288359;-6,520885;11,25776;-3,576654;-5,548246;11,86214;-5,255424;-4,057342;10,55447;-6,431143;92,33878;30,53905;-160,9249;159,0534;-51,29556;113,0904;-177,4001;-51,29552;113,0904;-158,1094;-51,36844;112,3985;-158,1094;-51,36844;112,3985;91,95881;30,53905;-160,9249;68,12327;31,72955;-179,4595;71,79887;31,04647;-179,132;75,67879;30,08834;-178,8407;75,64529;30,31354;-178,9073;95,48441;30,10666;-153,9481;89,01414;29,6782;-151,759;92,63854;31,622;-151,6552;96,63449;33,27404;-151,2764;96,61806;33,05774;-151,3065;99,16463;29,22234;-146,4529;109,6824;31,2935;-150,0995;-146,4555;33,04942;-149,079;-50,78746;30,44618;-145,6805;-50,6865;30,65546;-145,4819;104,0415;27,25381;-136,0171;112,6078;32,35604;-160,0824;173,8483;33,80916;-159,1063;-127,7647;33,62113;-154,4707;-127,8809;33,84525;-154,6799;0;0;0;-312,4532;-263,9594;115,7647;-312,6466;-674,2043;504,9641;-126,8057;-955,9778;852,6177;112,6339;-1102,215;1094,813;-188,9444;-247,3128;153,2923;-44,16197;-673,5052;620,6005;-57,32973;-877,6619;809,0353;-69,81884;-999,4988;919,4923;-84,38022;-1107,31;1015,72;-29,64112;-223,9788;199,9267;200,6559;-633,8686;688,6812;411,3757;-882,39;1016,028;520,8314;-1031,064;1204,696;606,2696;-1164,992;1368,975;116,9477;-198,266;238,8109;411,6627;-553,7406;703,7029;554,5654;-884,2119;1079,431;420,0557;-996,2543;1127,722;363,9606;-796,9928;914,1721;258,2395;-175,6149;278,3154;604,4963;-445,3262;684,0111;635,6807;-748,8041;985,84;571,2957;-905,4801;1106,852;466,1939;-922,6119;1077,668;0;0;0;0;0;0;5,311489;-10,65445;-8,800506;8,640288;-17,3378;-14,328;10,11014;-20,34187;-16,75987;0;0;0;0;0;0;18,69357;23,92387;-1,413345;28,58698;36,83281;-1,367569;36,38792;47,22976;-0,629425;0;0;0;0;0;0;37,17041;49,01504;-11,98769;57,76977;75,78277;-16,88576;75,0389;97,8527;-19,48356;0;0;0;0;0;0;-13,99612;0,383377;2,26593;-11,11507;0,320435;1,527786;-4,686355;0,171661;0,034332;0;0;0;0;0;0;-16,28494;0,523567;0,19455;-18,15319;0,595093;0,011444;-11,38401;0,417709;-0,835419;12,1597;11,54663;3,797561;3,595412;38,8558;2,532483;23,54647;18,75081;15,80246;-15,3367;3,504646;3,731664;-7,970926;-8,020862;3,571441;3,794573;-9,185407;12,03018;103,3227;93,87057;-0,636737;19,82895;60,69617;55,74823;2,775879;-1,468406;0,000458;0,000572;-3,322448;-4,556293;-0,003347;0;-6,670503;-8,592024;0;0;2,745323;-0,165138;0;0;4,095136;-0,134583;-0,001373;-0,000229;166,5527;-88,10433;0,027466;0,034332;-199,3469;-273,3776;-0,200844;0;-400,2302;-515,5214;0;0;164,7194;-9,908294;0;0;245,7081;-8,074951;-0,082397;-0,013733
107;1712;00:00:01:752;0;0;0;1,738654;4,424026;1,707098;1,953304;8,281127;-1,069643;0,542025;11,14101;-3,619519;-1,392503;12,79545;-5,428374;0,826941;4,10923;1,079391;-1,49924;11,29176;0,859996;-2,530001;15,99918;2,473114;-2,999491;18,56294;3,198569;-3,304691;20,64581;3,661057;-0,357062;3,701696;0,299239;-3,31693;10,62125;-0,322498;-6,0168;15,56444;-0,235222;-7,396639;18,28745;-0,353277;-8,453095;20,55477;-0,594591;-1,46492;3,323263;-0,351548;-4,787842;9,341156;-1,314341;-6,360457;13,84706;-2,746895;-4,476345;13,17103;-4,700813;-4,04332;11,08258;-3,315467;-2,523516;2,960227;-1,012557;-6,022376;7,551608;-2,286287;-6,49334;11,27482;-3,572646;-5,518775;11,8778;-5,250803;-4,030687;10,56719;-6,426831;92,31319;30,56423;-161,0713;159,0182;-51,31002;112,9808;-177,4353;-51,31001;112,9808;-158,1444;-51,38318;112,2887;-158,1444;-51,38314;112,2888;91,93321;30,56423;-161,0713;68,0818;31,74689;-179,6028;71,75784;31,06401;-179,2747;75,63826;30,10607;-178,9825;75,60462;30,33122;-179,0493;95,46266;30,13433;-154,0923;88,97799;29,70041;-151,8639;92,6017;31,64426;-151,7615;96,59713;33,29651;-151,3839;96,58078;33,08019;-151,4138;99,14741;29,25224;-146,5947;109,6665;31,3211;-150,2357;-146,4712;33,07726;-149,2155;-50,80073;30,47475;-145,8152;-50,69968;30,68406;-145,6166;104,0309;27,28593;-136,1553;112,5788;32,38208;-160,2358;173,8194;33,8356;-159,2603;-127,7909;33,64943;-154,6231;-127,9073;33,87347;-154,8325;0;0;0;-314,9254;-262,7315;115,0417;-317,6212;-673,1298;503,8772;-133,6584;-956,0143;851,3567;104,6793;-1103,603;1093,52;-191,2735;-246,7014;152,6786;-50,69598;-674,3148;619,1906;-66,01654;-878,6518;806,8749;-79,69053;-1000,569;916,9182;-95,22481;-1108,43;1012,806;-31,78245;-224,1633;199,4547;194,4373;-635,8979;687,4948;403,3145;-885,325;1013,92;511,7522;-1034,485;1202,086;596,3403;-1168,808;1365,952;114,986;-199,1846;238,471;406,1283;-556,7582;702,7968;546,1598;-888,4664;1077,907;411,9259;-999,6439;1126,178;357,2115;-799,8776;912,9355;256,4475;-177,2401;278,1021;599,9441;-449,1892;683,4365;628,6259;-753,2137;984,6544;563,7364;-909,5562;1105,497;459,4052;-925,9264;1076,44;0;0;0;-148,3354;73,67849;-43,37954;-298,4762;64,47028;-65,21129;-411,164;-2,191543;-75,65688;-477,2751;-83,31298;-77,6081;-139,7431;36,68689;-36,82494;-392,0411;-48,57444;-84,59758;-521,2083;-59,39483;-129,6215;-592,3015;-64,20707;-154,4494;-650,6757;-67,21687;-174,8657;-128,4801;-11,07216;-28,32127;-373,111;-121,7565;-71,18224;-483,6702;-176,0959;-126,44;-544,7473;-205,2841;-156,5895;-595,7593;-228,9619;-181,4232;-117,7046;-55,11117;-20,39194;-332,0675;-181,0598;-54,36802;-504,3354;-255,2662;-91,48406;-487,7872;-203,3787;-92,66853;-404,9506;-173,089;-74,19204;-107,523;-97,51224;-12,79879;-273,1304;-231,78;-34,48104;-423,2883;-264,5731;-71,13647;-453,5551;-244,5659;-81,27021;-407,3267;-198,8697;-73,72855;12,16151;11,55095;3,798043;3,594728;38,86281;2,528757;23,54647;18,7508;15,79569;-15,34802;3,504646;3,731664;-8,004938;-8,056786;3,571441;3,794573;-9,191887;12,03057;103,3227;93,87057;-0,631491;19,82877;60,69619;55,74823;0,420456;-0,223517;0;-0,000572;-0,406322;-0,67915;0;0;-2,040739;-2,155437;0;0;-0,388813;0,023575;-0,000458;0,000458;0,314752;-0,010414;0,000916;0;-141,3254;74,69329;-0,027466;-0,068665;174,9676;232,6286;0,200844;0;277,7858;386,1952;0;0;-188,0481;11,32278;-0,027466;0,027466;-226,823;7,450103;0,137329;0,013733
108;1728;00:00:01:768;0;0;0;1,747071;4,419802;1,709443;1,968562;8,280425;-1,06186;0,562556;11,14592;-3,608339;-1,368783;12,80574;-5,415679;0,834833;4,10709;1,081456;-1,47724;11,29426;0,865131;-2,50111;16,00258;2,480011;-2,96682;18,56676;3,206439;-3,268927;20,6499;3,669734;-0,349852;3,702246;0,300942;-3,29607;10,62788;-0,317942;-5,991929;15,5732;-0,227349;-7,369576;18,29739;-0,343587;-8,424226;20,56571;-0,5834;-1,458356;3,326292;-0,350183;-4,769344;9,351139;-1,310601;-6,333125;13,86067;-2,741387;-4,450019;13,18191;-4,695326;-4,021194;11,09202;-3,310843;-2,517566;2,965644;-1,011516;-6,007241;7,564472;-2,283571;-6,474103;11,288;-3,57051;-5,498519;11,88977;-5,248508;-4,011484;10,57751;-6,424012;92,28646;30,5808;-161,1971;158,9343;-51,37409;112,9615;-177,5192;-51,37406;112,9615;-158,2272;-51,44785;112,2686;-158,2272;-51,44785;112,2686;91,90648;30,5808;-161,1971;68,05412;31,75694;-179,7047;71,73042;31,07421;-179,3761;75,61118;30,11637;-179,0833;75,57748;30,3415;-179,1503;95,43857;30,15357;-154,2167;88,93903;29,71116;-151,9296;92,56196;31,65509;-151,8287;96,55675;33,30756;-151,4525;96,54049;33,09122;-151,4822;99,1266;29,27403;-146,7171;109,6455;31,34108;-150,3562;-146,4921;33,09754;-149,3364;-50,81963;30,49606;-145,9344;-50,71853;30,70542;-145,7358;104,0153;27,31065;-136,2748;112,5923;32,39267;-160,2869;173,8334;33,84599;-159,3109;-127,776;33,65884;-154,6732;-127,8924;33,88293;-154,8825;0;0;0;-315,514;-262,4375;114,8769;-318,9046;-672,6716;503,7842;-135,453;-955,6938;851,3221;102,5926;-1103,546;1093,522;-191,8288;-246,5538;152,5393;-52,25801;-674,5;618,8735;-68,03047;-878,8608;806,421;-81,95409;-1000,785;916,3896;-97,69416;-1108,647;1012,217;-32,29425;-224,2048;199,3484;192,9487;-636,3728;687,2299;401,6633;-885,7812;1013,394;510,011;-1034,929;1201,424;594,5238;-1169,241;1365,184;114,5159;-199,4004;238,3956;404,8014;-557,4686;702,5965;544,2198;-889,4268;1077,612;410,0379;-1000,404;1125,868;355,6206;-800,5422;912,6754;256,0168;-177,6239;278,0562;598,8505;-450,1013;683,3121;627,2281;-754,2455;984,4109;562,2521;-910,5048;1105,22;457,9841;-926,6964;1076,194;0;0;0;-35,31503;17,64107;-9,891986;-77,00586;27,49729;-5,581855;-107,6746;19,23179;-2,07138;-125,2005;3,404617;0,143051;-33,3209;8,857726;-8,359193;-93,72174;-11,11221;-19,02008;-120,836;-12,537;-27,23694;-135,8135;-12,96616;-31,71157;-148,1609;-13,0291;-35,33363;-30,70789;-2,484798;-6,37722;-89,31755;-28,49579;-15,89298;-99,07722;-27,37427;-31,59713;-104,476;-26,64757;-39,72816;-108,9878;-25,93231;-46,05674;-28,20325;-12,95257;-4,524707;-79,61082;-42,62352;-12,0163;-116,3978;-57,62672;-17,69829;-113,2793;-45,61615;-18,59093;-95,44801;-39,87407;-15,60974;-25,83933;-23,02694;-2,755165;-65,61469;-54,72565;-7,458686;-83,87088;-61,90967;-14,6141;-89,05505;-56,91719;-16,63971;-85,26134;-46,19979;-14,73427;12,15262;11,54761;3,795054;3,600779;38,81127;2,555995;23,54646;18,7508;15,77248;-15,35607;3,504646;3,731664;-8,056079;-8,103024;3,571441;3,794573;-9,19505;12,03077;103,3227;93,87059;-0,695488;19,83088;60,6962;55,74822;-3,092651;1,634245;-0,000458;0;-1,392116;-0,482998;0;0;-3,068447;-2,774276;0;0;-0,1898;0,011787;0,000458;0,000916;-3,839829;0,126343;0,000458;-0,000229;-210,7864;111,4657;-0,027466;0,034332;-59,14764;11,7691;0;0;-61,66246;-37,13034;0;0;11,94076;-0,707245;0,054932;0,027466;-249,2748;8,205413;-0,027466;-0,013733
109;1744;00:00:01:784;0;0;0;1,771207;4,407114;1,717347;2,01563;8,27087;-1,047657;0,626874;11,14834;-3,590101;-1,294318;12,82192;-5,395563;0,85749;4,100564;1,088475;-1,413986;11,30099;0,882872;-2,416165;16,01183;2,503979;-2,86999;18,57717;3,233843;-3,162381;20,66106;3,699967;-0,329127;3,703665;0,306813;-3,236038;10,64678;-0,302035;-5,908031;15,60491;-0,204909;-7,272478;18,33589;-0,317513;-8,316088;20,60963;-0,55427;-1,439455;3,335017;-0,345382;-4,716059;9,379967;-1,297379;-6,262308;13,89735;-2,722456;-4,381395;13,21401;-4,676913;-3,960846;11,12066;-3,295138;-2,5004;2,981414;-1,007738;-5,963585;7,601881;-2,273763;-6,411943;11,32901;-3,556874;-5,432635;11,92792;-5,233725;-3,951309;10,60982;-6,409913;92,19289;30,63325;-161,5674;158,842;-51,4497;112,7104;-177,6115;-51,4497;112,7104;-158,3181;-51,52415;112,0165;-158,3181;-51,52416;112,0165;91,81291;30,63325;-161,5674;67,95814;31,7846;179,9715;71,63531;31,10233;-179,6985;75,51717;30,14491;-179,4038;75,48322;30,36995;-179,4712;95,35345;30,21542;-154,5821;88,86182;29,7682;-152,2444;92,48331;31,71223;-152,1465;96,47709;33,36514;-151,7728;96,46098;33,14877;-151,8021;99,05223;29,34496;-147,0761;109,5744;31,38919;-150,612;-146,5636;33,14672;-149,5943;-50,88564;30,54873;-146,1867;-50,78448;30,75827;-145,9883;103,9579;27,39215;-136,6238;112,5341;32,44081;-160,5928;173,7751;33,89495;-159,618;-127,8292;33,71157;-154,9773;-127,946;33,93548;-155,1871;0;0;0;-316,019;-262,1841;114,7362;-319,8182;-672,6334;503,314;-136,6818;-955,9952;850,6461;101,1731;-1104,171;1092,754;-192,3024;-246,4254;152,4154;-53,578;-674,6504;618,5655;-69,52111;-878,9892;806,0526;-83,5407;-1000,897;915,99;-99,36124;-1108,743;1011,793;-32,7268;-224,2377;199,2462;191,6971;-636,7705;686,9565;400,4128;-886,192;1012,871;508,7622;-1035,349;1200,768;593,2773;-1169,669;1364,422;114,1221;-199,5822;238,3137;403,6915;-558,0676;702,3721;543,078;-890,018;1077,251;408,8752;-1000,887;1125,657;354,4753;-801,0424;912,5088;255,6598;-177,9489;277,9937;597,9424;-450,8732;683,1492;626,3008;-755,0436;984,28;561,2899;-911,2316;1105,082;456,9906;-927,321;1076,036;0;0;0;-30,30109;15,2049;-8,440732;-54,81291;2,291679;-28,21255;-73,72713;-18,08166;-40,56358;-85,17336;-37,46795;-46,06247;-28,41425;7,703303;-7,435082;-79,19883;-9,023665;-18,48507;-89,43843;-7,707595;-22,10426;-95,19695;-6,729126;-23,98109;-100,0249;-5,727767;-25,42877;-25,9527;-1,978397;-6,129026;-75,09684;-23,86093;-16,4051;-75,0246;-24,65057;-31,37397;-74,92446;-25,17128;-39,33334;-74,78713;-25,68626;-45,71914;-23,6299;-10,90622;-4,913806;-66,59316;-35,93444;-13,46397;-68,51005;-35,47096;-21,62933;-69,76318;-28,98788;-12,64;-68,7232;-30,01213;-9,996413;-21,42191;-19,50145;-3,746509;-54,48818;-46,31137;-9,778975;-55,63831;-47,88494;-7,850646;-57,73257;-43,60771;-8,285522;-59,60941;-37,4794;-9,458541;12,15197;11,54954;3,796902;3,60304;38,81227;2,555434;23,54646;18,7508;15,72436;-15,36798;3,504702;3,731611;-8,098758;-8,12364;3,571441;3,794573;-9,289862;11,98911;103,3227;93,87059;-0,752515;19,83277;60,69619;55,74823;0,060425;-0,033631;0;0;-2,887745;-0,714684;0,003347;-0,003147;-2,56073;-1,236992;0;0;-5,688686;-2,499218;-0,000458;0;-3,421619;0,113525;-0,000458;0,000229;189,1845;-100,0726;0,027466;0;-89,73769;-13,90114;0,200844;-0,188828;30,46303;92,23708;0;0;-329,9331;-150,6603;-0,054932;-0,054932;25,0926;-0,769043;-0,054932;0,027466
110;1760;00:00:01:800;0;0;0;1,789527;4,396795;1,724786;2,053008;8,263062;-1,034953;0,678772;11,15007;-3,574472;-1,233754;12,83461;-5,378939;0,874885;4,095182;1,094872;-1,364588;11,30587;0,897995;-2,349954;16,01793;2,525859;-2,794515;18,58382;3,259462;-3,079292;20,66807;3,72868;-0,312951;3,704645;0,311859;-3,18872;10,66141;-0,28905;-5,8442;15,62825;-0,184162;-7,199494;18,36395;-0,292453;-8,235433;20,64157;-0,525589;-1,42446;3,341838;-0,341597;-4,673659;9,402564;-1,287177;-6,198264;13,93109;-2,700162;-4,320279;13,24418;-4,656184;-3,909878;11,1451;-3,280061;-2,486513;2,99387;-1,00516;-5,928381;7,631401;-2,266917;-6,359655;11,3622;-3,545203;-5,376616;11,95914;-5,220572;-3,90024;10,63623;-6,397573;92,11704;30,6951;-161,8595;158,7411;-51,50546;112,5329;-177,7124;-51,50545;112,5329;-158,4181;-51,58068;111,8384;-158,4181;-51,58068;111,8384;91,73708;30,6951;-161,8595;67,85139;31,82445;179,6969;71,5296;31,14271;-179,9715;75,41276;30,18578;-179,6746;75,3785;30,41069;-179,7425;95,28722;30,28475;-154,8689;88,77008;29,83222;-152,4811;92,38982;31,77639;-152,3868;96,38235;33,42981;-152,016;96,36645;33,21341;-152,0449;98,99751;29,42117;-147,3564;109,4197;31,47357;-150,9639;-146,7195;33,23342;-149,9509;-51,03088;30,64304;-146,5319;-50,92967;30,85301;-146,3339;103,9207;27,47576;-136,8943;112,4612;32,50327;-160,8811;173,7023;33,95846;-159,9078;-127,8954;33,77975;-155,2633;-128,0127;34,00348;-155,4735;0;0;0;-317,4672;-261,4228;114,2619;-322,6315;-672,0818;502,4439;-140,5232;-956,1755;849,5227;96,72578;-1105,183;1091,513;-193,6618;-246,0338;151,9942;-57,37327;-675,0538;617,501;-74,48195;-879,4127;804,6153;-89,14232;-1001,319;914,3514;-105,4885;-1109,153;1009,992;-33,97033;-224,3229;198,894;188,0952;-637,9043;686,0021;395,6132;-887,7847;1011,447;503,3005;-1037,179;1199,094;587,2622;-1171,685;1362,547;112,988;-200,1057;238,0256;400,4944;-559,7972;701,5787;538,5522;-891,911;1076,224;404,5646;-1002,58;1124,799;350,7808;-802,6664;911,7071;254,6298;-178,8951;277,767;595,3231;-453,1177;682,5607;622,5911;-757,5046;983,4615;557,3591;-913,5214;1104,195;453,3941;-929,2604;1075,192;0;0;0;-86,89212;45,67766;-28,4543;-168,7961;33,09345;-52,20509;-230,4854;-10,82039;-67,40569;-266,8369;-60,75668;-74,47242;-81,56203;23,49472;-25,26927;-227,7167;-24,20425;-63,86947;-297,6501;-25,40588;-86,23695;-336,0969;-25,31433;-98,31046;-367,6328;-24,59907;-108,0265;-74,61172;-5,108356;-21,13652;-216,1138;-68,0294;-57,26337;-287,9791;-95,55816;-85,44158;-327,7044;-109,8289;-100,4448;-360,9094;-120,964;-112,4897;-68,04442;-31,40759;-17,28487;-191,8259;-103,7807;-47,6017;-271,5454;-113,5826;-61,64359;-258,6364;-101,572;-51,49841;-221,6706;-97,44071;-48,09951;-61,79952;-56,76913;-13,6013;-157,1617;-134,6712;-35,30788;-222,579;-147,6602;-49,10659;-235,8484;-137,3863;-53,22647;-215,7927;-116,3578;-50,6916;12,15392;11,55539;3,797546;3,602865;38,81792;2,552474;23,54647;18,7508;15,6993;-15,39256;3,504702;3,731664;-8,140902;-8,178077;3,571441;3,794573;-9,232015;11,92645;103,3227;93,87058;-0,757698;19,83293;60,69618;55,74822;0,338974;-0,177641;0,000458;0;-1,503467;-1,474914;0;0,003147;-2,528629;-3,266201;0;0;3,470821;-3,760071;-0,000458;-0,000458;-0,310961;0,009613;-0,000458;-0,000458;16,71295;-8,640574;0,027466;0;83,05663;-45,61385;-0,200844;0,377655;1,926041;-121,7525;0;0;549,5704;-75,65116;0;-0,027466;186,6395;-6,23474;0;-0,041199
111;1776;00:00:01:816;0;0;0;1,806727;4,387127;1,73146;2,08983;8,252795;-1,027174;0,730499;11,14689;-3,566644;-1,173156;12,8409;-5,37163;0,891313;4,090135;1,100472;-1,317531;11,31045;0,910512;-2,286349;16,024;2,543989;-2,721777;18,59055;3,280726;-2,999034;20,67524;3,752549;-0,297547;3,705558;0,316064;-3,143438;10,67512;-0,278728;-5,777934;15,65307;-0,171499;-7,121523;18,3946;-0,278407;-8,147592;20,67681;-0,510308;-1,410065;3,348232;-0,338692;-4,632898;9,423759;-1,279523;-6,137169;13,96042;-2,688193;-4,260586;13,26792;-4,643588;-3,860171;11,16545;-3,269696;-2,473058;3,005549;-1,0035;-5,89432;7,659087;-2,262367;-6,304338;11,39473;-3,533475;-5,316938;11,98963;-5,207005;-3,847037;10,66101;-6,385687;92,0571;30,75893;-162,1321;158,6903;-51,50797;112,3021;-177,7632;-51,50795;112,3021;-158,4689;-51,58358;111,6076;-158,4689;-51,58357;111,6076;91,67713;30,75893;-162,1321;67,75937;31,86994;179,4312;71,43855;31,18864;179,7643;75,32288;30,23209;-179,937;75,28836;30,45693;179,9947;95,23698;30,35438;-155,1363;88,74176;29,9023;-152,7381;92,36105;31,84651;-152,6448;96,3536;33,50009;-152,2747;96,33774;33,28366;-152,3035;98,95859;29,49587;-147,6175;109,3737;31,54626;-151,2311;-146,7648;33,30679;-150,2189;-51,06982;30,71854;-146,7949;-50,96839;30,92863;-146,5969;103,8984;27,55537;-137,1466;112,3473;32,57605;-161,2557;173,588;34,03286;-160,2851;-128,0019;33,86159;-155,6359;-128,1198;34,08497;-155,8468;0;0;0;-318,5664;-260,8036;113,8156;-324,7711;-671,8198;501,5108;-143,4695;-956,6154;848,307;93,288;-1106,339;1090,191;-194,7055;-245,7109;151,6104;-60,33716;-675,3465;616,5936;-78,36379;-879,6741;803,2984;-93,5318;-1001,557;912,8116;-110,2967;-1109,367;1008,271;-34,9409;-224,3817;198,5912;185,2561;-638,7819;685,223;391,8268;-889,2675;1010,207;498,9884;-1038,991;1197,596;582,509;-1173,766;1360,83;112,0883;-200,5149;237,7986;397,9504;-561,1531;700,9667;534,7028;-893,9352;1074,887;400,8923;-1004,391;1123,556;347,7204;-804,1332;910,8025;253,7966;-179,6425;277,6123;593,2108;-454,8889;682,15;619,1161;-759,4852;982,7655;553,6214;-915,3824;1103,406;450,0937;-930,8363;1074,434;0;0;0;-65,94943;37,14609;-26,78275;-128,3798;15,71846;-55,9845;-176,7769;-26,39008;-72,93891;-206,2662;-69,33974;-79,3476;-62,62135;19,37341;-23,02909;-177,8333;-17,56382;-54,44241;-232,9108;-15,68413;-79,01572;-263,3689;-14,2765;-92,39387;-288,4919;-12,85172;-103,2772;-58,23451;-3,530502;-18,16392;-170,346;-52,65427;-46,74625;-227,1824;-88,96636;-74,35226;-258,7251;-108,6845;-89,859;-285,1953;-124,8722;-103,0312;-53,98178;-24,55473;-13,62562;-152,6398;-81,35032;-36,72409;-230,9704;-121,4504;-80,18302;-220,3417;-108,6216;-74,57542;-183,6219;-88,01078;-54,27933;-49,99065;-44,8451;-9,281157;-126,7319;-106,2727;-24,64485;-208,5028;-118,8326;-41,76521;-224,2641;-111,66;-47,31559;-198,0228;-94,5568;-45,45021;12,16393;11,56186;3,800699;3,595812;38,87177;2,524089;23,54645;18,75081;15,68291;-15,41236;3,504646;3,731716;-8,148157;-8,163924;3,571387;3,794625;-9,230673;11,92636;103,3227;93,87057;-0,672604;19,83013;60,69621;55,74823;3,230667;-1,703095;-0,00103;0,000572;-0,983391;-1,188068;-0,003347;0,003147;-0,435333;0,849152;-0,00329;0,003104;0,080509;-0,004978;0,000916;-0,000916;5,105645;-0,167885;0,001373;0,000458;173,5016;-91,52726;-0,089264;0,034332;31,2046;17,21077;-0,200844;0;125,5977;246,9211;-0,197411;0,186253;-203,4187;225,3055;0,082397;-0,027466;324,9963;-10,64987;0,109863;0,054932
112;1792;00:00:01:832;0;0;0;1,814554;4,383042;1,73362;2,104918;8,251098;-1,020908;0,751244;11,14991;-3,558028;-1,148953;12,84871;-5,362144;0,898747;4,088021;1,102279;-1,296407;11,31256;0,914516;-2,259408;16,0274;2,547729;-2,691622;18,59453;3,284348;-2,966228;20,67958;3,756103;-0,290631;3,705992;0,317412;-3,123197;10,68114;-0,275447;-5,753652;15,66111;-0,162792;-7,095043;18,40383;-0,266731;-8,119307;20,6871;-0,496173;-1,40365;3,351019;-0,337774;-4,614754;9,432981;-1,277114;-6,112707;13,97158;-2,686271;-4,236401;13,27665;-4,641068;-3,839142;11,17367;-3,267045;-2,467113;3,0106;-1,002993;-5,879249;7,671073;-2,260967;-6,284384;11,40712;-3,532439;-5,295312;11,99979;-5,205774;-3,82698;10,66767;-6,382452;92,03807;30,77999;-162,2501;158,6152;-51,55243;112,2721;-177,8383;-51,55241;112,2721;-158,5433;-51,6286;111,5771;-158,5433;-51,62857;111,5771;91,6581;30,77999;-162,2501;67,75866;31,88762;179,354;71,438;31,20633;179,6872;75,32244;30,24979;179,986;75,28787;30,47462;179,9176;95,22114;30,37727;-155,2525;88,67784;29,91987;-152,8162;92,29585;31,86416;-152,7255;96,28732;33,5181;-152,3576;96,2716;33,30165;-152,3861;98,94646;29,52036;-147,7317;109,3841;31,56215;-151,2998;-146,7539;33,32254;-150,287;-51,05811;30,7337;-146,863;-50,95659;30,94376;-146,665;103,8917;27,58137;-137,2579;112,3585;32,59289;-161,3181;173,629;34,04952;-160,3469;-127,9331;33,87543;-155,6971;-128,0508;34,09904;-155,9077;0;0;0;-319,5984;-260,2235;113,4151;-327,0504;-671,0637;501,16;-146,6869;-956,1967;848,0261;89,51905;-1106,449;1089,973;-195,6912;-245,4081;151,2744;-63,16055;-675,6213;615,8426;-81,99508;-880,0532;802,2648;-97,61063;-1001,984;911,6192;-114,7455;-1109,827;1006,945;-35,86515;-224,4364;198,3389;182,5392;-639,6047;684,6037;388,0295;-890,3596;1009,365;494,5887;-1040,215;1196,639;577,6014;-1175,087;1359,784;111,2247;-200,8986;237,6243;395,5048;-562,4248;700,5074;531,2448;-895,7007;1074,135;397,4758;-1005,819;1122,778;344,8077;-805,3566;910,1801;252,9893;-180,3432;277,5128;591,1672;-456,5501;681,8769;615,9855;-761,4431;982,0594;550,2486;-917,2286;1102,53;447,0316;-932,2411;1073,576;0;0;0;-61,92254;34,80577;-24,02472;-136,7554;45,3701;-21,04568;-193,0461;25,11978;-16,85715;-226,137;-6,586075;-13,06915;-59,14449;18,16892;-20,15877;-169,4029;-16,48521;-45,06111;-217,8773;-22,75085;-62,01553;-244,7301;-25,65193;-71,54273;-266,9291;-27,58026;-79,54215;-55,45467;-3,284454;-15,14125;-163,0139;-49,37267;-37,15896;-227,8376;-65,52886;-50,54855;-263,9837;-73,47678;-57,42645;-294,4536;-79,26177;-62,74223;-51,81885;-23,01836;-10,45704;-146,7404;-76,30347;-27,55451;-207,4785;-105,9322;-45,12405;-204,9866;-85,73341;-46,71478;-174,7627;-73,4024;-37,34207;-48,43711;-42,04273;-5,975246;-122,6177;-99,66945;-16,38222;-187,8319;-117,4793;-42,3603;-202,3659;-110,7731;-52,54555;-183,7234;-84,28573;-51,4698;12,15596;11,56304;3,798991;3,601361;38,83522;2,543374;23,54646;18,7508;15,64468;-15,40672;3,504646;3,731664;-8,181005;-8,233253;3,571441;3,794625;-9,271418;11,92881;103,3227;93,87058;-0,720093;19,83168;60,7255;55,77461;-2,192688;1,157112;0,000572;-0,000572;-2,293453;0,338516;0;-0,003147;-1,970901;-4,159756;0,00329;0;-2,444687;0,146713;-0,000916;0,000916;-2,84936;0,09304;1,757583;1,583176;-325,4013;171,6124;0,09613;-0,068665;-78,60373;91,59506;0,200844;-0,377655;-92,13409;-300,5344;0,394821;-0,186253;-151,5117;9,101485;-0,109863;0,109863;-477,3003;15,65552;105,3726;94,96306
113;1808;00:00:01:848;0;0;0;1,827103;4,376265;1,737557;2,131106;8,244788;-1,014844;0,787901;11,14917;-3,551155;-1,105996;12,85491;-5,35536;0,910741;4,084493;1,105513;-1,262017;11,3159;0,92138;-2,21223;16,03309;2,555266;-2,637395;18,60128;3,292306;-2,906203;20,687;3,764443;-0,279375;3,706657;0,319734;-3,090086;10,69091;-0,270013;-5,707246;15,67785;-0,155975;-7,041227;18,42421;-0,259094;-8,059246;20,71033;-0,487806;-1,393121;3,355558;-0,336303;-4,584931;9,448024;-1,273338;-6,064911;13,99389;-2,678047;-4,190307;13,29405;-4,632725;-3,801728;11,18801;-3,260908;-2,457261;3,018865;-1,002336;-5,854309;7,690681;-2,259068;-6,246632;11,42901;-3,527865;-5,254741;12,01976;-5,20021;-3,790107;10,68378;-6,377134;92,00671;30,82177;-162,4429;158,5544;-51,56868;112,1382;-177,8991;-51,56865;112,1382;-158,6039;-51,64528;111,4431;-158,6039;-51,64529;111,4431;91,62674;30,82177;-162,4429;67,74068;31,92036;179,1778;71,42035;31,23915;179,5112;75,30516;30,2827;179,8105;75,27053;30,5075;179,7421;95,19604;30,42203;-155,4419;88,66105;29,96138;-152,9782;92,27879;31,90569;-152,8881;96,27027;33,55973;-152,5206;96,25455;33,34327;-152,5491;98,92853;29,56756;-147,9173;109,3325;31,61783;-151,5449;-146,8053;33,37899;-150,5334;-51,10411;30,79261;-147,1047;-51,00245;31,00281;-146,9067;103,8841;27,63063;-137,4382;112,3202;32,63615;-161,5247;173,591;34,09333;-160,5542;-127,9666;33,92164;-155,9018;-128,0846;34,14514;-156,1127;0;0;0;-320,0681;-259,9784;113,2855;-327,9385;-670,9962;500,7557;-147,9037;-956,4334;847,4628;88,09953;-1106,983;1089,35;-196,1372;-245,2813;151,166;-64,42802;-675,7484;615,6024;-83,5173;-880,3359;802,0876;-99,27389;-1002,344;911,4719;-116,5253;-1110,243;1006,819;-36,28009;-224,4625;198,258;181,3247;-639,9662;684,4069;386,7032;-890,8001;1008,818;493,2024;-1040,705;1195,902;576,1666;-1175,621;1358,89;110,8397;-201,0658;237,5692;394,4161;-562,9781;700,3629;529,525;-896,3635;1074,061;395,8242;-1006,338;1122,654;343,4614;-805,8465;910,0216;252,6326;-180,6462;277,4823;590,2629;-457,2692;681,793;614,7443;-762,1854;981,9979;548,9022;-917,8369;1102,457;445,7975;-932,6393;1073,38;0;0;0;-28,17822;14,70709;-7,778405;-53,28655;4,045486;-24,26147;-73,00543;-14,20212;-33,7944;-85,17158;-32,06062;-37,39357;-26,75986;7,60889;-6,50382;-76,04848;-7,627486;-14,41097;-91,33315;-16,96014;-10,63156;-99,79533;-21,60072;-8,84056;-106,787;-24,97101;-7,61032;-24,8968;-1,560688;-4,849433;-72,8681;-21,68655;-11,8103;-79,57648;-26,43013;-32,8331;-83,17565;-29,35409;-44,26002;-86,08817;-32,03201;-53,64418;-23,09561;-10,03504;-3,304482;-65,31715;-33,20217;-8,67176;-103,1885;-39,76249;-4,451751;-99,09438;-31,08787;-7,421493;-80,77811;-29,39415;-9,510039;-21,40188;-18,18251;-1,826763;-54,2593;-43,14994;-5,0354;-74,47242;-44,53754;-3,696441;-80,7867;-36,4952;-4,423141;-74,04899;-23,89526;-11,77597;12,15538;11,56497;3,798979;3,600312;38,84417;2,538598;23,54645;18,7508;15,62371;-15,38954;3,504646;3,731664;-8,203989;-8,240976;3,571441;3,794573;-9,221982;11,92585;103,3227;93,87057;-0,70914;19,83132;60,72551;55,77461;0,536728;-0,286546;-0,000572;0;-1,258449;1,030998;0;0;-1,379013;-0,463371;0;-0,003104;2,966137;-0,177441;0,000458;-0,000458;0,657166;-0,021744;0,000458;-0,000229;163,7649;-86,61946;-0,068665;0,034332;62,10021;41,54892;0;0,188828;35,51331;221,7831;-0,197411;-0,186253;324,6494;-19,44923;0,082397;-0,082397;210,3916;-6,887053;-105,4275;-95,00426
114;1824;00:00:01:864;0;0;0;1,838903;4,369828;1,741304;2,156726;8,2367;-1,011853;0,824043;11,14502;-3,549193;-1,063576;12,85673;-5,354321;0,922045;4,081126;1,108569;-1,229487;11,31895;0,927743;-2,167504;16,03865;2,561477;-2,585941;18,60795;3,298485;-2,849213;20,69437;3,770642;-0,26873;3,707258;0,321893;-3,058709;10,70005;-0,265054;-5,66133;15,69462;-0,152236;-6,987179;18,44489;-0,255947;-7,998326;20,73403;-0,485084;-1,38313;3,35982;-0,334981;-4,556616;9,462161;-1,269985;-6,02337;14,01276;-2,673262;-4,149563;13,30877;-4,627216;-3,767524;11,20099;-3,256233;-2,447877;3,026651;-1,001816;-5,830569;7,709148;-2,257517;-6,208295;11,45037;-3,522189;-5,212997;12,03837;-5,193477;-3,753193;10,69661;-6,369811;91,97817;30,86291;-162,6248;158,5371;-51,55075;111,959;-177,9164;-51,55074;111,959;-158,6216;-51,62752;111,2642;-158,6216;-51,62752;111,2642;91,59819;30,86291;-162,6248;67,73445;31,95342;179,0149;71,4144;31,27225;179,3486;75,29948;30,31581;179,6481;75,26477;30,54062;179,5796;95,17365;30,46584;-155,6206;88,67483;30,00343;-153,1392;92,29292;31,94773;-153,0485;96,28497;33,60168;-152,6803;96,2692;33,38523;-152,7089;98,91312;29,61354;-148,0922;109,3212;31,66038;-151,7073;-146,8159;33,42169;-150,6957;-51,11143;30,83577;-147,2649;-51,00962;31,04599;-147,0668;103,8787;27,67827;-137,608;112,2561;32,6829;-161,7737;173,556;34,141;-160,8046;-127,9704;33,97151;-156,1494;-128,0886;34,195;-156,3605;0;0;0;-320,821;-259,5718;113,0493;-329,4179;-670,8017;500,2395;-149,9536;-956,6885;846,8027;85,69699;-1107,706;1088,653;-196,8569;-245,0695;150,972;-66,49142;-675,9482;615,1906;-86,24757;-880,7952;801,6949;-102,3716;-1002,931;911,0823;-119,9251;-1110,921;1006,426;-36,95544;-224,5024;198,1187;179,3381;-640,5521;684,0808;384,0048;-891,9539;1008,418;490,1056;-1042,159;1195,453;572,7329;-1177,314;1358,393;110,208;-201,3382;237,4809;392,6268;-563,8807;700,1364;526,7231;-897,7041;1073,557;393,1111;-1007,383;1122,146;341,2386;-806,7078;909,6533;252,0415;-181,1422;277,4429;588,7665;-458,4457;681,679;612,2561;-763,4914;981,7261;546,2171;-919,0366;1102,061;443,4278;-933,5131;1072,895;0;0;0;-45,17555;24,39737;-14,17136;-88,76609;11,67297;-30,97343;-122,9954;-15,30647;-39,608;-144,1523;-43,37883;-41,82243;-43,17855;12,70437;-11,64222;-123,804;-11,99055;-24,71065;-163,8157;-27,55737;-23,56338;-185,8653;-35,17341;-23,36883;-203,9917;-40,65513;-23,57483;-40,5212;-2,397537;-8,360623;-119,1981;-35,15339;-19,56367;-161,9081;-69,2253;-23,98109;-185,8063;-87,24403;-26,95084;-206,0194;-101,5835;-29,82902;-37,90569;-16,34073;-5,297184;-107,3613;-54,15058;-13,59558;-168,108;-80,44051;-30,24673;-162,7879;-62,71362;-30,46417;-133,3637;-51,6758;-22,09854;-35,46953;-29,75535;-2,366066;-89,78461;-70,59001;-6,837845;-149,2939;-78,35769;-16,30783;-161,1042;-71,98333;-23,71788;-142,1814;-52,42538;-29,07371;12,16067;11,56944;3,801945;3,596022;38,89215;2,513282;23,54647;18,7508;15,60067;-15,36444;3,504646;3,731664;-8,21836;-8,215397;3,571441;3,794573;-9,234908;11,92661;103,3227;93,87058;-0,652821;19,82948;60,75481;55,80099;2,879104;-1,518974;0,00103;0;-1,382618;1,506042;0;0;-0,862255;1,534767;0;0;-0,775566;0,045605;-0,000458;0,000458;3,379158;-0,11055;1,758041;1,583176;140,5426;-73,9457;0,09613;0;-7,450103;28,50265;0;0;31,00547;119,8883;0;0,186253;-224,5022;13,38272;-0,054932;0,054932;163,3195;-5,328369;105,455;95,00426
115;1840;00:00:01:880;0;0;0;1,851261;4,364016;1,742784;2,184195;8,229298;-1,010822;0,863302;11,14148;-3,549899;-1,017094;12,85901;-5,357033;0,934074;4,078216;1,109208;-1,194099;11,32289;0,925983;-2,12313;16,04567;2,555908;-2,536523;18,61635;3,290941;-2,79557;20,70365;3,761566;-0,257157;3,708117;0,321442;-3,024179;10,70978;-0,26849;-5,616334;15,70983;-0,157978;-6,936297;18,46289;-0,262879;-7,942434;20,75414;-0,492935;-1,37205;3,364213;-0,336455;-4,525104;9,476632;-1,274752;-5,975602;14,03201;-2,679388;-4,102307;13,32187;-4,631606;-3,728463;11,21285;-3,260269;-2,437236;3,034417;-1,004265;-5,803742;7,727651;-2,263378;-6,167632;11,47021;-3,528151;-5,168418;12,05399;-5,198585;-3,712483;10,70569;-6,372233;92,00024;30,91305;-162,7969;158,4675;-51,52156;111,8258;-177,986;-51,52155;111,8258;-158,6918;-51,59885;111,1317;-158,6918;-51,59885;111,1316;91,62025;30,91305;-162,7969;67,77422;32,01176;178,907;71,45425;31,33039;179,2403;75,33929;30,37379;179,5392;75,30462;30,59864;179,4708;95,20257;30,5133;-155,7894;88,70144;30,04023;-153,2468;92,32017;31,9845;-153,155;96,31301;33,63831;-152,7857;96,29716;33,42186;-152,8144;98,94869;29,65732;-148,2581;109,3508;31,70712;-151,88;-146,7848;33,46798;-150,8667;-51,07796;30,88041;-147,4359;-50,97588;31,09054;-147,2376;103,922;27,71569;-137,7713;112,2713;32,73395;-161,9595;173,6019;34,19181;-160,9894;-127,8934;34,01908;-156,3316;-128,0117;34,24279;-156,5425;0;0;0;-321,529;-259,1856;112,8245;-330,9403;-670,3461;500,0355;-152,0981;-956,4882;846,645;83,17992;-1107,872;1088,543;-197,5351;-244,8675;150,7886;-68,44322;-676,1318;614,8087;-88,62239;-881,1278;801,405;-104,9829;-1003,33;910,8395;-122,7335;-1111,361;1006,219;-37,59413;-224,5385;197,9892;177,4554;-641,1007;683,7833;381,5481;-892,7565;1008,121;487,3256;-1043,084;1195,159;569,6776;-1178,329;1358,103;109,6085;-201,5938;237,4016;390,9279;-564,7289;699,9352;524,2018;-898,8352;1073,275;390,6436;-1008,266;1121,819;339,1767;-807,4865;909,3728;251,4785;-181,6093;277,4117;587,3421;-459,5538;681,5859;609,9056;-764,7716;981,3861;543,6543;-920,162;1101,596;441,1763;-934,1943;1072,3;0;0;0;-42,47903;23,17285;-13,48901;-91,34387;27,33707;-12,23946;-128,6681;12,02202;-9,464263;-151,0244;-9,973525;-6,546021;-40,6959;12,11929;-11,00135;-117,1081;-11,01494;-22,91107;-142,4897;-19,95849;-17,3893;-156,6768;-23,94104;-14,56833;-168,5014;-26,4473;-12,434;-38,32108;-2,161503;-7,772683;-112,9596;-32,91607;-17,84992;-147,4013;-48,15673;-17,807;-166,8033;-55,5439;-17,63534;-183,3172;-60,894;-17,39502;-35,96592;-15,3408;-4,757881;-101,934;-50,89474;-12,07065;-151,2766;-67,86346;-16,9487;-148,0522;-52,96898;-19,63806;-123,7163;-46,7205;-16,82854;-33,78152;-28,02873;-1,872539;-85,46161;-66,48158;-5,584716;-141,0313;-76,81274;-20,39909;-153,7685;-67,52586;-27,92931;-135,0889;-40,87257;-35,75134;12,15936;11,5738;3,802338;3,596185;38,89988;2,509271;23,54647;18,7508;15,53748;-15,36033;3,504758;3,731611;-8,271299;-8,251692;3,571441;3,794625;-9,229268;11,9263;103,3227;93,87057;-0,640108;19,82906;60,78411;55,82737;0,463715;-0,240669;0;0;-3,791256;0,246792;0,006695;-0,003147;-3,176365;-2,177696;0;0,003104;0,338402;-0,018883;0,000916;-0,000458;0,762763;-0,024834;1,758499;1,58226;-144,9234;76,6983;-0,061798;0;-144,5183;-75,55503;0,401688;-0,188828;-138,8466;-222,7478;0;0,186253;66,83807;-3,869247;0,082397;-0,054932;-156,9837;5,142974;0,027466;-0,054932
116;1856;00:00:01:896;0;0;0;1,856902;4,361473;1,743149;2,195789;8,229094;-1,006445;0,879789;11,14493;-3,543875;-0,997449;12,86592;-5,350999;0,939617;4,076962;1,109133;-1,177577;11,3248;0,923792;-2,102817;16,04846;2,553315;-2,514062;18,61954;3,28818;-2,771295;20,70708;3,758712;-0,251756;3,708544;0,320794;-3,007951;10,71427;-0,271553;-5,598096;15,71525;-0,155979;-6,916967;18,46894;-0,258103;-7,92221;20,76081;-0,485858;-1,36682;3,366222;-0,337638;-4,5102;9,48324;-1,27843;-5,952769;14,04079;-2,68421;-4,079593;13,32751;-4,635401;-3,709791;11,21803;-3,263686;-2,43215;3,037934;-1,005959;-5,790946;7,736043;-2,267484;-6,150412;11,47837;-3,53422;-5,148875;12,05846;-5,204545;-3,694398;10,70483;-6,373861;92,01939;30,93934;-162,8731;158,3597;-51,55405;111,8578;-178,0938;-51,55404;111,8578;-158,7992;-51,63214;111,1633;-158,7992;-51,63214;111,1633;91,63942;30,93934;-162,8731;67,7719;32,04338;178,8488;71,45219;31,36202;179,1823;75,33741;30,40542;179,4814;75,30269;30,63026;179,4129;95,22521;30,53739;-155,8639;88,64167;30,06007;-153,2996;92,2592;32,00441;-153,2102;96,25105;33,65855;-152,843;96,23535;33,44208;-152,8714;98,97461;29,67864;-148,3313;109,3724;31,73087;-151,9592;-146,7623;33,4914;-150,9449;-51,05453;30,90268;-147,5145;-50,95232;31,11271;-147,316;103,9514;27,73257;-137,8437;112,3138;32,7567;-161,9933;173,7042;34,21396;-161,0216;-127,7368;34,03429;-156,3632;-127,8547;34,25849;-156,5733;0;0;0;-322,2704;-258,8369;112,7357;-332,7087;-669,6609;500,173;-154,6493;-955,8834;847,0118;80,16206;-1107,549;1089,086;-198,2569;-244,6929;150,7502;-70,56648;-676,3677;614,9144;-91,17599;-881,4323;801,7363;-107,7813;-1003,654;911,2917;-125,7394;-1111,687;1006,768;-38,28851;-224,59;198,0162;175,3837;-641,6841;683,9894;378,9418;-893,119;1008,372;484,4202;-1043,314;1195,448;566,5189;-1178,437;1358,438;108,9437;-201,8574;237,49;389,0371;-565,5972;700,2211;521,3081;-899,9899;1073,647;387,7863;-1009,051;1122,085;336,8239;-808,1978;909,6151;250,84;-182,0753;277,5586;585,7325;-460,6639;681,9376;607,605;-765,9665;981,7423;541,1305;-921,1241;1101,779;438,8277;-934,5674;1072,145;0;0;0;-44,48747;20,92409;-5,32794;-106,1039;41,11003;8,25405;-153,0704;36,28349;22,00699;-181,0713;19,40918;32,53555;-43,30373;10,47707;-2,302408;-127,3956;-14,15634;6,340027;-153,216;-18,26477;19,87266;-167,9056;-19,45495;27,12822;-180,3582;-19,55795;32,9647;-41,66275;-3,094196;1,625061;-124,3064;-35,00461;12,3682;-156,3749;-21,74949;15,03181;-174,325;-13,75008;17,37213;-189,5285;-6,454468;20,05577;-39,88695;-15,8143;5,304336;-113,4453;-52,09351;17,16041;-173,624;-69,28252;22,3217;-171,4396;-47,13249;15,98739;-141,1714;-42,68074;14,53399;-38,31052;-27,9572;8,816241;-96,57954;-66,60747;21,10004;-138,0358;-71,69437;21,37184;-151,4282;-57,72971;11,00922;-140,9168;-22,38464;-9,304046;12,14978;11,57373;3,798581;3,604177;38,83708;2,542418;23,54646;18,7508;15,51765;-15,38234;3,504702;3,731664;-8,290009;-8,347298;3,571387;3,794573;-9,223836;11,92597;103,3227;93,87058;-0,675217;19,83021;60,84273;55,88014;-3,76831;1,98884;-0,000458;0;-1,189499;-1,321106;-0,003347;0,003147;-1,122551;-5,736351;-0,00329;-0,003104;0,325928;-0,019798;-0,000916;0,000458;-2,106518;0,069008;3,516998;3,166351;-253,9215;133,7706;-0,027466;0;156,1054;-94,07385;-0,602531;0,377655;123,2288;-213,5192;-0,197411;-0,372505;-0,748444;-0,054932;-0,109863;0,054932;-172,1568;5,630493;105,5099;95,04546
117;1872;00:00:01:912;0;0;0;1,863033;4,358753;1,743409;2,209297;8,225351;-1,0067;0,899056;11,14286;-3,545186;-0,974649;12,86655;-5,353402;0,945579;4,075613;1,109027;-1,160065;11,32676;0,921837;-2,081027;16,05125;2,551381;-2,489872;18,6227;3,286299;-2,745099;20,71047;3,756912;-0,24603;3,708978;0,320212;-2,990877;10,71898;-0,274234;-5,573442;15,72391;-0,15987;-6,888074;18,4796;-0,262618;-7,889733;20,77299;-0,490856;-1,361345;3,368337;-0,338665;-4,49463;9,490199;-1,281614;-5,928908;14,05009;-2,688281;-4,056098;13,33354;-4,638623;-3,690444;11,22352;-3,266627;-2,4269;3,041649;-1,007413;-5,777704;7,744905;-2,271007;-6,128047;11,48848;-3,536585;-5,12455;12,06684;-5,206339;-3,672771;10,71025;-6,375579;92,03615;30,96124;-162,9552;158,3292;-51,53589;111,7897;-178,1243;-51,53589;111,7897;-158,8301;-51,61423;111,0956;-158,8301;-51,61423;111,0956;91,65617;30,96124;-162,9552;67,76478;32,07004;178,7839;71,4453;31,38872;179,1176;75,33077;30,43214;179,4169;75,29598;30,65698;179,3484;95,24488;30,55736;-155,9446;88,65565;30,07926;-153,38;92,2735;32,02359;-153,29;96,26577;33,67764;-152,9221;96,25002;33,46117;-152,9507;98,99693;29,69622;-148,4109;109,3895;31,75103;-152,0468;-146,7444;33,5113;-151,0316;-51,0358;30,92164;-147,6014;-50,93346;31,13163;-147,4029;103,9766;27,74631;-137,9226;112,2993;32,78306;-162,1336;173,6899;34,24052;-161,162;-127,7483;34,06171;-156,5021;-127,8664;34,28589;-156,7123;0;0;0;-322,6089;-258,6843;112,7138;-333,3996;-669,6582;499,9025;-155,6307;-956,1057;846,6375;78,99244;-1107,982;1088,709;-198,5894;-244,6178;150,7548;-71,55779;-676,4824;615,0458;-92,29179;-881,4663;801,8828;-108,9715;-1003,64;911,4479;-126,9955;-1111,63;1006,933;-38,61258;-224,6156;198,0551;174,41;-641,9537;684,1732;377,8466;-893,4056;1008,246;483,259;-1043,617;1195,154;565,304;-1178,76;1358,005;108,63;-201,978;237,561;388,1429;-565,9937;700,4418;519,9017;-900,5152;1073,942;386,3943;-1009,389;1122,317;335,6913;-808,5079;909,8201;250,5349;-182,2863;277,6603;584,9647;-461,1674;682,184;606,3735;-766,4496;982,1086;539,7371;-921,3851;1102,137;437,6046;-934,5105;1072,232;0;0;0;-20,30611;9,152411;-1,313209;-41,45193;0,160217;-16,23344;-58,88771;-13,33809;-22,45331;-70,17731;-25,96092;-22,61352;-19,95563;4,510402;0,271082;-59,47852;-6,875038;7,884978;-66,94793;-2,04277;8,789062;-71,4097;0,864029;9,37271;-75,3622;3,46756;9,922027;-19,44405;-1,536369;2,331018;-58,42137;-16,17336;11,02638;-65,71626;-17,20047;-7,530211;-69,66876;-18,19038;-17,6239;-72,89314;-19,39773;-25,92087;-18,82767;-7,235526;4,260063;-53,65419;-23,79226;13,24081;-84,383;-31,51702;17,71545;-83,51325;-20,26176;13,89885;-67,95501;-18,60809;12,3024;-18,30625;-12,66074;6,102561;-46,06533;-30,2124;14,7829;-73,88877;-28,98502;21,97838;-83,60767;-15,65552;21,45767;-73,38523;3,410339;5,247116;12,15152;11,57474;3,79865;3,601995;38,83956;2,541144;23,54645;18,75081;15,49939;-15,40776;3,504702;3,731716;-8,290009;-8,353951;3,571441;3,794625;-9,216696;11,92554;103,3227;93,87056;-0,625263;19,82858;60,84272;55,88012;0,149002;-0,076432;-0,000572;0,000572;-1,095829;-1,525211;0;0,003147;0;-0,399227;0,00329;0,003104;0,42841;-0,025749;0,000916;-0,001373;2,997232;-0,097961;-0,000458;-0,000916;235,0387;-123,9163;-0,006866;0,034332;5,620186;-12,24632;0,200844;0;67,35306;320,2274;0,394821;0,372505;6,14891;-0,357056;0,109863;-0,109863;306,225;-10,01816;-211,0473;-190,036
118;1888;00:00:01:928;0;0;0;1,878476;4,351173;1,745772;2,246022;8,212751;-1,008629;0,952362;11,13334;-3,552069;-0,911199;12,86369;-5,364414;0,960785;4,07177;1,110076;-1,114625;11,33154;0,919238;-2,025468;16,05894;2,54603;-2,428568;18,63168;3,279597;-2,678938;20,72025;3,749229;-0,231178;3,709991;0,319556;-2,946189;10,73121;-0,27945;-5,508505;15,7467;-0,172156;-6,811719;18,50767;-0,278617;-7,803643;20,80499;-0,509794;-1,34693;3,3739;-0,340918;-4,453535;9,508567;-1,288921;-5,867476;14,07393;-2,698431;-3,994692;13,34956;-4,645906;-3,639503;11,23832;-3,273033;-2,41285;3,051557;-1,011191;-5,742363;7,768499;-2,280042;-6,075259;11,51343;-3,546335;-5,066544;12,08653;-5,214754;-3,619148;10,72217;-6,380371;92,06982;31,03966;-163,1744;158,2773;-51,44837;111,5592;-178,1763;-51,44836;111,5592;-158,8838;-51,5271;110,8665;-158,8838;-51,52708;110,8665;91,68984;31,03967;-163,1744;67,78144;32,15928;178,6395;71,46245;31,47786;178,9732;75,3483;30,52121;179,2724;75,31342;30,74607;179,204;95,28928;30,63168;-156,1586;88,73782;30,14857;-153,5724;92,35753;32,0928;-153,479;96,35191;33,74638;-153,108;96,33588;33,52996;-153,1369;99,0518;29,76488;-148,6202;109,4455;31,8209;-152,2467;-146,6858;33,58031;-151,2287;-50,97411;30,98762;-147,7991;-50,87136;31,19742;-147,6002;104,0436;27,80516;-138,128;112,3332;32,86132;-162,354;173,7554;34,31829;-161,3805;-127,6492;34,13483;-156,7166;-127,7674;34,3593;-156,9266;0;0;0;-322,9768;-258,5211;112,6982;-334,0865;-669,6812;499,713;-156,5858;-956,3844;846,3828;77,85966;-1108,492;1088,463;-198,9472;-244,5368;150,7611;-72,60853;-676,6003;615,1631;-93,20691;-881,4678;802,0577;-109,8197;-1003,573;911,6575;-127,7949;-1111,505;1007,174;-38,95617;-224,6417;198,09;173,3856;-642,2362;684,3341;376,4719;-894,0652;1008,485;481,6868;-1044,474;1195,429;563,563;-1179,771;1358,303;108,3014;-202,1049;237,6227;387,2087;-566,4111;700,6329;518,5137;-901,0745;1074,179;385,0194;-1009,751;1122,505;334,5451;-808,8376;909,9965;250,2198;-182,5092;277,7475;584,1702;-461,6991;682,3953;605,0209;-767,056;982,2506;538,2636;-921,8972;1102,183;436,2982;-934,7478;1072,181;0;0;0;-22,07565;9,793281;-0,938415;-41,21589;-1,379013;-11,37257;-57,30342;-16,71982;-15,28358;-67,96681;-30,64155;-14,75143;-21,46339;4,859447;0,380516;-63,04406;-7,07531;7,040977;-54,90732;-0,091553;10,49995;-50,89045;3,976821;12,57706;-47,96218;7,484435;14,41955;-20,61546;-1,563549;2,094984;-61,46407;-16,95442;9,65309;-82,479;-39,57367;14,328;-94,33364;-51,40114;16,4566;-104,4588;-60,66512;17,85278;-19,71173;-7,614612;3,697872;-56,0503;-25,04826;11,46126;-83,28151;-33,5598;14,23073;-82,49902;-21,74949;11,30676;-68,77184;-19,78111;10,58578;-18,90278;-13,37528;5,23138;-47,67036;-31,9004;12,68005;-81,15291;-36,38649;8,520125;-88,4056;-30,72738;2,763748;-78,3863;-14,23645;-3,067016;12,16179;11,58177;3,802544;3,598785;38,90408;2,506993;23,54646;18,7508;15,42258;-15,43582;3,504646;3,731664;-8,307683;-8,33006;3,571441;3,794573;-9,225264;11,92605;103,3227;93,87057;-0,622754;19,82849;60,87206;55,9065;3,871307;-2,049079;0,000572;-0,000572;-4,608707;-1,683597;-0,003347;-0,003147;-1,060467;1,433487;0;-0,003104;-0,514069;0,030727;-0,000458;0,000916;0,150515;-0,005493;1,759872;1,582489;223,3383;-118,3588;0,068665;-0,068665;-210,7727;-9,503173;-0,200844;-0,377655;-63,628;109,9628;-0,197411;-0,372505;-56,54869;3,388595;-0,082397;0,137329;-170,8031;5,548095;105,6198;95,00426
119;1904;00:00:01:944;0;0;0;1,878476;4,351173;1,745772;2,246022;8,212751;-1,008629;0,952362;11,13334;-3,552069;-0,911199;12,86369;-5,364414;0,960785;4,07177;1,110076;-1,114625;11,33154;0,919238;-2,025468;16,05894;2,54603;-2,428568;18,63168;3,279597;-2,678938;20,72025;3,749229;-0,231178;3,709991;0,319556;-2,946189;10,73121;-0,27945;-5,508505;15,7467;-0,172156;-6,811719;18,50767;-0,278617;-7,803643;20,80499;-0,509794;-1,34693;3,3739;-0,340918;-4,453535;9,508567;-1,288921;-5,867476;14,07393;-2,698431;-3,994692;13,34956;-4,645906;-3,639503;11,23832;-3,273033;-2,41285;3,051557;-1,011191;-5,742363;7,768499;-2,280042;-6,075259;11,51343;-3,546335;-5,066544;12,08653;-5,214754;-3,619148;10,72217;-6,380371;92,06982;31,03966;-163,1744;158,2773;-51,44837;111,5592;-178,1763;-51,44836;111,5592;-158,8838;-51,5271;110,8665;-158,8838;-51,52708;110,8665;91,68984;31,03967;-163,1744;67,78144;32,15928;178,6395;71,46245;31,47786;178,9732;75,3483;30,52121;179,2724;75,31342;30,74607;179,204;95,28928;30,63168;-156,1586;88,73782;30,14857;-153,5724;92,35753;32,0928;-153,479;96,35191;33,74638;-153,108;96,33588;33,52996;-153,1369;99,0518;29,76488;-148,6202;109,4455;31,8209;-152,2467;-146,6858;33,58031;-151,2287;-50,97411;30,98762;-147,7991;-50,87136;31,19742;-147,6002;104,0436;27,80516;-138,128;112,3332;32,86132;-162,354;173,7554;34,31829;-161,3805;-127,6492;34,13483;-156,7166;-127,7674;34,3593;-156,9266;0;0;0;-323,9034;-258,0663;112,5564;-336,29;-668,9252;499,8287;-159,7841;-955,8134;846,7958;74,05266;-1108,32;1089,124;-199,8595;-244,3062;150,6982;-75,33492;-676,8867;615,3191;-96,5405;-881,9288;802,3787;-113,4979;-1004,112;912,0597;-131,7645;-1112,092;1007,635;-39,84724;-224,7024;198,1294;170,7043;-642,9704;684,647;372,5757;-895,4325;1009,222;477,1055;-1046,157;1196,389;558,3975;-1181,691;1359,439;107,4365;-202,4387;237,7578;384,743;-567,5132;701,0713;514,8278;-902,5048;1074,788;381,335;-1010,712;1122,943;331,4886;-809,7256;910,3809;249,3768;-183,1037;277,9742;582,0497;-463,1148;682,9374;601,8536;-768,5529;982,8357;534,7833;-923,0791;1102,688;433,0808;-935,4631;1072,468;0;0;0;-55,59254;27,28558;-8,50439;-132,2093;45,36152;6,943703;-191,9017;34,25788;24,78218;-228,4198;10,32257;39,64233;-54,74138;13,83591;-3,77655;-163,5836;-17,18902;9,355544;-200,0152;-27,66037;19,2604;-220,6922;-32,30667;24,12987;-238,1816;-35,22491;27,66037;-53,46465;-3,643512;2,362489;-160,8796;-44,04831;18,77689;-233,7713;-82,03696;44,23141;-274,8785;-101,0227;57,59811;-309,926;-115,1962;68,17245;-51,89252;-20,02716;8,109569;-147,9449;-66,12395;26,30424;-221,1571;-85,81351;36,53526;-221,0627;-57,66677;26,22414;-183,3844;-53,28369;23,05984;-50,57859;-35,66909;13,59987;-127,2268;-84,9409;32,52697;-190,0406;-89,81036;35,10475;-208,8203;-70,91331;30,29251;-193,0418;-42,91534;17,24624;12,16179;11,58177;3,802544;3,598785;38,90408;2,506993;23,54646;18,7508;15,42258;-15,43582;3,504646;3,731664;-8,307683;-8,33006;3,571441;3,794573;-9,225264;11,92605;103,3227;93,87057;-0,622754;19,82849;60,87206;55,9065;0;0;0;0;0;0;0;0;0;0;0;0;0;0;0;0;0;0;0;0;-232,2784;122,9447;-0,034332;0,034332;276,5224;101,0158;0,200844;0,188828;63,628;-86,0092;0;0,186253;30,84411;-1,843643;0,027466;-0,054932;-9,03089;0,32959;-105,5923;-94,94933
120;1920;00:00:02:000;0;0;0;1,878476;4,351173;1,745772;2,246022;8,212751;-1,008629;0,952362;11,13334;-3,552069;-0,911199;12,86369;-5,364414;0,960785;4,07177;1,110076;-1,114625;11,33154;0,919238;-2,025468;16,05894;2,54603;-2,428568;18,63168;3,279597;-2,678938;20,72025;3,749229;-0,231178;3,709991;0,319556;-2,946189;10,73121;-0,27945;-5,508505;15,7467;-0,172156;-6,811719;18,50767;-0,278617;-7,803643;20,80499;-0,509794;-1,34693;3,3739;-0,340918;-4,453535;9,508567;-1,288921;-5,867476;14,07393;-2,698431;-3,994692;13,34956;-4,645906;-3,639503;11,23832;-3,273033;-2,41285;3,051557;-1,011191;-5,742363;7,768499;-2,280042;-6,075259;11,51343;-3,546335;-5,066544;12,08653;-5,214754;-3,619148;10,72217;-6,380371;92,06982;31,03966;-163,1744;158,2773;-51,44837;111,5592;-178,1763;-51,44836;111,5592;-158,8838;-51,5271;110,8665;-158,8838;-51,52708;110,8665;91,68984;31,03967;-163,1744;67,78144;32,15928;178,6395;71,46245;31,47786;178,9732;75,3483;30,52121;179,2724;75,31342;30,74607;179,204;95,28928;30,63168;-156,1586;88,73782;30,14857;-153,5724;92,35753;32,0928;-153,479;96,35191;33,74638;-153,108;96,33588;33,52996;-153,1369;99,0518;29,76488;-148,6202;109,4455;31,8209;-152,2467;-146,6858;33,58031;-151,2287;-50,97411;30,98762;-147,7991;-50,87136;31,19742;-147,6002;104,0436;27,80516;-138,128;112,3332;32,86132;-162,354;173,7554;34,31829;-161,3805;-127,6492;34,13483;-156,7166;-127,7674;34,3593;-156,9266;0;0;0;-323,9034;-258,0663;112,5564;-336,29;-668,9252;499,8287;-159,7841;-955,8134;846,7958;74,05266;-1108,32;1089,124;-199,8595;-244,3062;150,6982;-75,33492;-676,8867;615,3191;-96,5405;-881,9288;802,3787;-113,4979;-1004,112;912,0597;-131,7645;-1112,092;1007,635;-39,84724;-224,7024;198,1294;170,7043;-642,9704;684,647;372,5757;-895,4325;1009,222;477,1055;-1046,157;1196,389;558,3975;-1181,691;1359,439;107,4365;-202,4387;237,7578;384,743;-567,5132;701,0713;514,8278;-902,5048;1074,788;381,335;-1010,712;1122,943;331,4886;-809,7256;910,3809;249,3768;-183,1037;277,9742;582,0497;-463,1148;682,9374;601,8536;-768,5529;982,8357;534,7833;-923,0791;1102,688;433,0808;-935,4631;1072,468;0;0;0;0;0;0;0;0;0;0;0;0;0;0;0;0;0;0;0;0;0;0;0;0;0;0;0;0;0;0;0;0;0;0;0;0;0;0;0;0;0;0;0;0;0;0;0;0;0;0;0;0;0;0;0;0;0;0;0;0;0;0;0;0;0;0;0;0;0;0;0;0;0;0;0;12,16179;11,58177;3,802544;3,598785;38,90408;2,506993;23,54646;18,7508;15,42258;-15,43582;3,504646;3,731664;-8,307683;-8,33006;3,571441;3,794573;-9,225264;11,92605;103,3227;93,87057;-0,622754;19,82849;60,87206;55,9065;0;0;0;0;0;0;0;0;0;0;0;0;0;0;0;0;0;0;0;0;0;0;0;0;0;0;0;0;0;0;0;0;0;0;0;0;0;0;0;0
121;1936;00:00:02:016;0;0;0;1,878476;4,351173;1,745772;2,246022;8,212751;-1,008629;0,952362;11,13334;-3,552069;-0,911199;12,86369;-5,364414;0,960785;4,07177;1,110076;-1,114625;11,33154;0,919238;-2,025468;16,05894;2,54603;-2,428568;18,63168;3,279597;-2,678938;20,72025;3,749229;-0,231178;3,709991;0,319556;-2,946189;10,73121;-0,27945;-5,508505;15,7467;-0,172156;-6,811719;18,50767;-0,278617;-7,803643;20,80499;-0,509794;-1,34693;3,3739;-0,340918;-4,453535;9,508567;-1,288921;-5,867476;14,07393;-2,698431;-3,994692;13,34956;-4,645906;-3,639503;11,23832;-3,273033;-2,41285;3,051557;-1,011191;-5,742363;7,768499;-2,280042;-6,075259;11,51343;-3,546335;-5,066544;12,08653;-5,214754;-3,619148;10,72217;-6,380371;92,06982;31,03966;-163,1744;158,2773;-51,44837;111,5592;-178,1763;-51,44836;111,5592;-158,8838;-51,5271;110,8665;-158,8838;-51,52708;110,8665;91,68984;31,03967;-163,1744;67,78144;32,15928;178,6395;71,46245;31,47786;178,9732;75,3483;30,52121;179,2724;75,31342;30,74607;179,204;95,28928;30,63168;-156,1586;88,73782;30,14857;-153,5724;92,35753;32,0928;-153,479;96,35191;33,74638;-153,108;96,33588;33,52996;-153,1369;99,0518;29,76488;-148,6202;109,4455;31,8209;-152,2467;-146,6858;33,58031;-151,2287;-50,97411;30,98762;-147,7991;-50,87136;31,19742;-147,6002;104,0436;27,80516;-138,128;112,3332;32,86132;-162,354;173,7554;34,31829;-161,3805;-127,6492;34,13483;-156,7166;-127,7674;34,3593;-156,9266;0;0;0;-323,9034;-258,0663;112,5564;-336,29;-668,9252;499,8287;-159,7841;-955,8134;846,7958;74,05266;-1108,32;1089,124;-199,8595;-244,3062;150,6982;-75,33492;-676,8867;615,3191;-96,5405;-881,9288;802,3787;-113,4979;-1004,112;912,0597;-131,7645;-1112,092;1007,635;-39,84724;-224,7024;198,1294;170,7043;-642,9704;684,647;372,5757;-895,4325;1009,222;477,1055;-1046,157;1196,389;558,3975;-1181,691;1359,439;107,4365;-202,4387;237,7578;384,743;-567,5132;701,0713;514,8278;-902,5048;1074,788;381,335;-1010,712;1122,943;331,4886;-809,7256;910,3809;249,3768;-183,1037;277,9742;582,0497;-463,1148;682,9374;601,8536;-768,5529;982,8357;534,7833;-923,0791;1102,688;433,0808;-935,4631;1072,468;0;0;0;0;0;0;0;0;0;0;0;0;0;0;0;0;0;0;0;0;0;0;0;0;0;0;0;0;0;0;0;0;0;0;0;0;0;0;0;0;0;0;0;0;0;0;0;0;0;0;0;0;0;0;0;0;0;0;0;0;0;0;0;0;0;0;0;0;0;0;0;0;0;0;0;12,16179;11,58177;3,802544;3,598785;38,90408;2,506993;23,54646;18,7508;15,42258;-15,43582;3,504646;3,731664;-8,307683;-8,33006;3,571441;3,794573;-9,225264;11,92605;103,3227;93,87057;-0,622754;19,82849;60,87206;55,9065;0;0;0;0;0;0;0;0;0;0;0;0;0;0;0;0;0;0;0;0;0;0;0;0;0;0;0;0;0;0;0;0;0;0;0;0;0;0;0;0
122;1952;00:00:02:032;0;0;0;1,89888;4,341166;1,74861;2,291759;8,20166;-1,00381;1,018178;11,12971;-3,548805;-0,832877;12,87025;-5,364199;0,980832;4,066652;1,111302;-1,05488;11,33753;0,915853;-1,946208;16,07061;2,536924;-2,338409;18,64587;3,267545;-2,5797;20,73602;3,73493;-0,211653;3,711231;0,318688;-2,887515;10,74698;-0,286046;-5,429057;15,77305;-0,180252;-6,720609;18,53947;-0,287393;-7,702631;20,841;-0,519006;-1,328022;3,381102;-0,343747;-4,399647;9,532379;-1,298072;-5,786165;14,10522;-2,710573;-3,913869;13,37044;-4,654616;-3,572649;11,25745;-3,280897;-2,394468;3,064448;-1,015892;-5,6961;7,799187;-2,291294;-6,007625;11,54533;-3,559446;-4,992969;12,11271;-5,226214;-3,550413;10,7406;-6,388734;92,11243;31,13608;-163,4627;158,1003;-51,42473;111,4011;-178,3533;-51,42471;111,4011;-159,0616;-51,50478;110,7091;-159,0616;-51,50478;110,7092;91,73244;31,13608;-163,4627;67,83633;32,26626;178,396;71,51765;31,58457;178,7294;75,40359;30,62767;179,0279;75,3687;30,85258;178,9596;95,34508;30,72293;-156,4404;88,75448;30,22957;-153,8027;92,37466;32,17377;-153,7086;96,37;33,82726;-153,3367;96,3539;33,61084;-153,3657;99,12042;29,84903;-148,8965;109,5079;31,90908;-152,526;-146,6203;33,66754;-151,5046;-50,90452;31,07142;-148,0755;-50,80128;31,28105;-147,876;104,1272;27,87705;-138,3993;112,3928;32,95507;-162,6132;173,8179;34,41117;-161,6368;-127,5779;34,2232;-156,9681;-127,6963;34,44788;-157,178;0;0;0;-323,9034;-258,0663;112,5564;-336,3393;-668,8267;499,9103;-159,8643;-955,6531;846,9286;73,9589;-1108,132;1089,279;-199,8595;-244,3062;150,6982;-75,33492;-676,8867;615,3191;-96,28358;-882,0163;802,4713;-113,1009;-1004,247;912,1995;-131,2538;-1112,265;1007,81;-39,84724;-224,7024;198,1294;170,7043;-642,9704;684,647;372,8151;-895,031;1009,128;477,4781;-1045,536;1196,257;558,8823;-1180,889;1359,288;107,4365;-202,4387;237,7578;384,743;-567,5132;701,0713;514,8165;-902,5045;1074,79;381,326;-1010,712;1122,944;331,4849;-809,7255;910,3809;249,3768;-183,1037;277,9742;582,0497;-463,1148;682,9374;601,9427;-768,5557;982,8346;534,8825;-923,0823;1102,688;433,1428;-935,4653;1072,473;0;0;0;0;0;0;-2,955436;5,910873;4,898071;-4,807233;9,618758;7,965087;-5,625844;11,2896;9,321212;0;0;0;0;0;0;15,41483;-5,247116;5,550384;23,81658;-8,08525;8,388518;30,64584;-10,36262;10,52856;0;0;0;0;0;0;14,35947;24,08981;-5,630493;22,35603;37,24479;-7,8907;29,08229;48,11096;-9,052276;0;0;0;0;0;0;-0,675201;0,017166;0,114441;-0,536442;0,011444;0,074387;-0,227451;0,011444;0;0;0;0;0;0;0;5,347251;-0,171661;-0,062943;5,953788;-0,19455;0,005722;3,716468;-0,137329;0,28038;12,15384;11,58457;3,801003;3,601401;38,87839;2,520534;23,54645;18,75081;15,36815;-15,4147;3,504646;3,731664;-8,351249;-8,400435;3,571387;3,794573;-9,223048;11,9259;103,3227;93,87057;-0,644981;19,82923;60,87206;55,90651;-1,541519;0,812459;-0,000572;0,000572;-3,265686;1,267204;0;0;-2,613945;-4,222527;-0,00329;0;0,132923;-0,008926;0;0;-1,33358;0,044174;0;0,000458;-92,49113;48,74753;-0,034332;0,034332;-195,9411;76,03225;0;0;-156,8367;-253,3516;-0,197411;0;7,975387;-0,535584;0;0;-80,01479;2,650451;0;0,027466
123;1968;00:00:02:048;0;0;0;1,911131;4,336301;1,747334;2,31674;8,19266;-1,009037;1,052845;11,12223;-3,557113;-0,792431;12,86693;-5,374394;0,992447;4,064217;1,1099;-1,021917;11,34094;0,910956;-1,901598;16,07897;2,523942;-2,287419;18,65642;3,250194;-2,523494;20,74795;3,714055;-0,200868;3,711965;0,317119;-2,855962;10,75527;-0,291181;-5,381924;15,78924;-0,187583;-6,664857;18,55962;-0,295904;-7,639675;20,86411;-0,528477;-1,318028;3,384835;-0,345472;-4,371382;9,54469;-1,303106;-5,744213;14,12095;-2,717884;-3,873558;13,37992;-4,661131;-3,53885;11,26651;-3,286435;-2,385222;3,07103;-1,017765;-5,672647;7,814895;-2,295957;-5,971985;11,56169;-3,565116;-4,955137;12,12544;-5,231783;-3,516663;10,74847;-6,393614;92,14353;31,14373;-163,6144;158,1302;-51,36873;111,1907;-178,3233;-51,36872;111,1907;-159,0327;-51,44857;110,4996;-159,0327;-51,44856;110,4996;91,76355;31,14373;-163,6144;67,94762;32,28586;178,3088;71,62827;31,60363;178,6407;75,51319;30,64626;178,9371;75,47855;30,87127;178,8693;95,37692;30,72725;-156,5919;88,78025;30,23475;-153,9675;92,40099;32,17891;-153,8724;96,39687;33,83226;-153,4995;96,38069;33,61585;-153,5286;99,15235;29,84973;-149,0483;109,5411;31,91131;-152,6753;-146,5864;33,66928;-151,6526;-50,87152;31,07147;-148,2252;-50,7682;31,28096;-148,0257;104,1582;27,8727;-138,5526;112,4139;32,96392;-162,7835;173,8395;34,41972;-161,8063;-127,5556;34,23026;-157,1373;-127,6739;34,45502;-157,347;0;0;0;-325,1276;-257,4659;112,3861;-339,0151;-668,298;499,5078;-163,7019;-955,6578;846,5483;69,38977;-1108,787;1089,051;-201,0623;-243,9991;150,6246;-78,9196;-677,2463;615,5222;-100,7914;-882,9772;803,155;-118,1261;-1005,499;913,1256;-136,7112;-1113,725;1008,917;-41,01876;-224,7768;198,1815;167,1838;-643,9161;685,0428;367,9825;-896,6154;1009,624;471,9097;-1047,45;1196,799;552,69;-1183,056;1359,861;106,3021;-202,8708;237,9276;381,5097;-568,942;701,6204;509,9437;-904,3823;1075,517;376,4813;-1011,965;1123,466;327,4756;-810,8736;910,8527;248,2739;-183,8771;278,2563;579,274;-464,9561;683,6126;597,8183;-770,4675;983,6219;530,3941;-924,6509;1103,375;428,9725;-936,5696;1072,971;0;0;0;-73,45676;36,02886;-10,21743;-160,5506;31,72016;-24,14703;-230,2608;-0,28038;-22,8138;-274,1475;-39,30473;-13,71574;-72,16787;18,42212;-4,413843;-215,081;-21,57211;12,1851;-270,47;-57,65533;41,02134;-301,5074;-75,17051;55,56679;-327,4455;-87,6274;66,41006;-70,29068;-4,464626;3,124952;-211,2265;-56,74553;23,74649;-289,9532;-95,06606;29,74891;-334,1045;-114,7957;32,51838;-371,5353;-130,022;34,35516;-68,06945;-25,92516;10,18524;-193,9959;-85,72768;32,94754;-292,3708;-112,6728;43,64776;-290,6842;-75,18195;31,31675;-240,5591;-68,8877;28,31268;-66,17545;-46,40794;16,92724;-166,5459;-110,4784;40,50922;-247,4642;-114,707;47,24121;-269,3052;-94,11048;41,25023;-250,2136;-66,25556;29,89769;12,15347;11,58976;3,803119;3,598352;38,91406;2,50166;23,54646;18,7508;15,31206;-15,35895;3,504646;3,731664;-8,339742;-8,39964;3,571496;3,794573;-9,224177;11,92598;103,3227;93,87058;-0,628385;19,82868;60,87206;55,90651;2,140274;-1,132436;0,000572;-0,000572;-3,365364;3,345508;0;0;0,690422;0,047722;0,00658;0;-0,067749;0,004978;-0,000458;0,000458;0,995765;-0,032616;0;0;220,9076;-116,6937;0,068665;-0,068665;-5,980682;124,6982;0;0;198,262;256,2149;0,592232;0;-12,04033;0,834274;-0,027466;0,027466;139,7607;-4,607391;0;-0,027466
124;1984;00:00:02:064;0;0;0;1,917603;4,334043;1,745845;2,32979;8,188714;-1,011906;1,070997;11,11926;-3,561378;-0,771174;12,86612;-5,379736;0,998622;4,063129;1,108341;-1,004234;11,34293;0,90583;-1,8768;16,08227;2,518809;-2,258719;18,66031;3,245074;-2,491603;20,75219;3,70896;-0,195085;3,712413;0,31547;-2,838953;10,75962;-0,296428;-5,355161;15,79857;-0,19773;-6,632662;18,57136;-0,308706;-7,602905;20,87756;-0,543451;-1,312623;3,386756;-0,347208;-4,356072;9,550996;-1,308136;-5,720647;14,12919;-2,72465;-3,850916;13,38427;-4,667298;-3,520157;11,27073;-3,29186;-2,380172;3,074342;-1,019584;-5,659858;7,822824;-2,300505;-5,952811;11,5696;-3,571197;-4,93471;12,13103;-5,237882;-3,49826;10,75125;-6,398885;92,17525;31,14796;-163,6883;158,1238;-51,34375;111,107;-178,3297;-51,34372;111,1071;-159,0396;-51,42363;110,4163;-159,0396;-51,42363;110,4163;91,79528;31,14796;-163,6883;67,94484;32,29731;178,2174;71,62559;31,61509;178,5493;75,51061;30,65772;178,8458;75,47592;30,88273;178,778;95,40887;30,72814;-156,6658;88,83797;30,23569;-154,0499;92,45991;32,17976;-153,9524;96,45691;33,8328;-153,5775;96,44057;33,61641;-153,6069;99,18388;29,84701;-149,1229;109,5663;31,91261;-152,7619;-146,5606;33,67019;-151,7383;-50,84644;31,0711;-148,3122;-50,74308;31,28053;-148,1125;104,188;27,86503;-138,6289;112,4436;32,96817;-162,8611;173,8698;34,42353;-161,8829;-127,525;34,23205;-157,2139;-127,6433;34,45688;-157,4235;0;0;0;-325,8626;-257,174;112,4627;-340,5197;-667,7465;499,831;-165,7914;-955,1904;847,0623;66,952;-1108,566;1089,68;-201,7592;-243,853;150,7088;-80,89738;-677,4511;615,816;-103,525;-883,3586;803,8859;-121,2745;-1005,948;914,0967;-140,1994;-1114,204;1010,085;-41,66584;-224,8208;198,2756;165,2906;-644,4136;685,3509;365,1183;-897,7618;1010,095;468,5076;-1048,929;1197,352;548,8376;-1184,792;1360,475;105,7024;-203,0947;238,031;379,8138;-569,6807;701,9224;507,3673;-905,3246;1075,966;374,0156;-1012,532;1123,863;325,4277;-811,4166;911,1852;247,7191;-184,2721;278,3686;577,8668;-465,8986;683,8923;595,6633;-771,4485;983,9625;528,1056;-925,4138;1103,71;426,936;-937,0411;1073,263;0;0;0;-44,0998;17,51089;4,593372;-90,27814;33,08773;19,38915;-125,3671;28,04375;30,8361;-146,2662;13,2637;37,79411;-41,81385;8,766173;5,049705;-118,667;-12,29095;17,62962;-164,016;-22,88246;43,85376;-188,9062;-26,9165;58,26759;-209,2917;-28,74183;70,08933;-38,82497;-2,642154;5,646228;-113,5898;-29,85191;18,48507;-171,8545;-68,78471;28,26118;-204,1225;-88,78326;33,1707;-231,1392;-104,187;36,86142;-35,97879;-13,43822;6,206989;-101,7551;-44,31724;18,12172;-154,5839;-56,53381;26,89934;-147,9449;-34,029;23,84376;-122,8723;-32,58133;19,94705;-33,28514;-23,69642;6,74057;-84,43164;-56,54812;16,78276;-129,3011;-58,85982;20,4277;-137,3091;-45,77636;20,04432;-122,1943;-28,28979;17,51518;12,15542;11,58643;3,802819;3,598383;38,91107;2,503305;23,54647;18,75081;15,32621;-15,38382;3,504702;3,731664;-8,332652;-8,369146;3,571441;3,794625;-9,212559;11,92529;103,3227;93,87057;-0,624323;19,82854;60,87204;55,90651;-0,179443;0,098734;0,000458;0,000572;0,849209;-1,49271;0,003347;0;0,425377;1,829624;-0,00329;0,003104;0,697117;-0,041656;0,000916;-0,000916;0,243673;-0,008469;-0,000916;0;-139,183;73,87018;-0,006866;0,068665;252,8743;-290,2931;0,200844;0;-15,90271;106,9141;-0,592232;0,186253;45,89194;-2,79808;0,082397;-0,082397;-45,12548;1,448822;-0,054932;0
125;2000;00:00:02:080;0;0;0;1,917603;4,334043;1,745845;2,329116;8,190462;-1,009563;1,069898;11,12211;-3,557567;-0,772465;12,86945;-5,375265;0,998622;4,063129;1,108341;-1,004234;11,34293;0,90583;-1,876695;16,08133;2,52163;-2,25856;18,65894;3,249431;-2,491401;20,75055;3,714563;-0,195085;3,712413;0,31547;-2,838953;10,75962;-0,296428;-5,355817;15,79818;-0,194138;-6,63372;18,57085;-0,303164;-7,604331;20,87706;-0,536309;-1,312623;3,386756;-0,347208;-4,356072;9,550996;-1,308136;-5,721654;14,12867;-2,725357;-3,851724;13,38388;-4,667862;-3,520511;11,27062;-3,292102;-2,380172;3,074342;-1,019584;-5,659858;7,822824;-2,300505;-5,953044;11,56953;-3,571355;-4,934969;12,13095;-5,238059;-3,498426;10,75121;-6,398997;92,17525;31,14796;-163,6883;158,0874;-51,37098;111,1537;-178,3661;-51,37098;111,1536;-159,0755;-51,45115;110,4626;-159,0755;-51,45115;110,4626;91,79528;31,14796;-163,6883;67,90456;32,29593;178,1947;71,58559;31,61391;178,5272;75,47102;30,65671;178,8244;75,43626;30,8817;178,7565;95,40887;30,72814;-156,6658;88,79565;30,23789;-154,0635;92,41673;32,18203;-153,9677;96,41292;33,83529;-153,5942;96,3967;33,61888;-153,6234;99,18388;29,84701;-149,1229;109,5758;31,90956;-152,7439;-146,5511;33,66699;-151,7201;-50,83736;31,06743;-148,2946;-50,73399;31,27682;-148,0949;104,188;27,86503;-138,6289;112,4464;32,96775;-162,8559;173,8727;34,42308;-161,8777;-127,5222;34,2314;-157,2087;-127,6405;34,45624;-157,4183;0;0;0;-326,2509;-257,0385;112,552;-341,3674;-667,3804;500,1103;-166,9856;-954,8018;847,4926;65,55354;-1108,271;1090,205;-202,1297;-243,7877;150,8023;-81,95837;-677,5703;616,1235;-105,092;-883,4089;804,1321;-123,1198;-1005,953;914,3137;-142,2731;-1114,166;1010,282;-42,01287;-224,8478;198,3746;164,2701;-644,675;685,6657;363,4391;-898,1152;1010,684;466,4633;-1049,314;1198,096;546,4874;-1185,186;1361,353;105,3781;-203,21;238,1352;378,8952;-570,059;702,2242;506,0324;-905,8211;1076,359;372,7199;-1012,795;1124,224;324,3327;-811,6704;911,5105;247,4162;-184,4708;278,4778;577,0995;-466,3743;684,1652;594,5302;-771,9239;984,327;526,8993;-925,7497;1104,076;425,8439;-937,2084;1073,58;0;0;0;-23,30017;8,131026;5,358696;-50,8604;21,96693;16,75701;-71,65431;23,31161;25,81787;-83,90807;17,72117;31,46553;-22,23015;3,91674;5,612611;-63,65954;-7,152556;18,4536;-94,01893;-3,02124;14,77432;-110,718;-0,30899;13,01765;-124,4209;2,26593;11,80458;-20,82163;-1,615047;5,939483;-61,23161;-15,6784;18,88847;-100,7466;-21,20018;35,33363;-122,6578;-23,07701;44,67201;-141,017;-23,63205;52,67715;-19,45925;-6,917953;6,252766;-55,11761;-22,69935;18,11027;-80,09147;-29,79469;23,59199;-77,73971;-15,76423;21,68655;-65,70052;-15,22636;19,5179;-18,17894;-11,92188;6,550312;-46,03958;-28,54156;16,37363;-67,98648;-28,52154;21,87538;-72,37815;-20,15304;21,96121;-65,526;-10,04219;19,03152;12,15284;11,58498;3,800997;3,600805;38,87734;2,521086;23,54647;18,75081;15,34547;-15,41463;3,504702;3,731611;-8,320744;-8,404689;3,571496;3,794625;-9,228053;11,9262;103,3227;93,87058;-0,628696;19,82868;60,87205;55,90651;-2,023773;1,066847;0;0;1,155167;-1,848049;0;-0,003147;0,714512;-2,132549;0,00329;0;-0,929661;0,054531;0;0,000916;-0,262352;0,008469;0,000458;0,000229;-110,6598;58,08677;-0,027466;-0,034332;18,35746;-21,32034;-0,200844;-0,188828;17,3481;-237,7304;0,394821;-0,186253;-97,60664;5,771255;-0,054932;0,109863;-30,36153;1,016235;0,082397;0,013733
126;2016;00:00:02:096;0;0;0;1,924073;4,331774;1,744358;2,342448;8,185758;-1,013425;1,088513;11,11791;-3,563451;-0,750661;12,8672;-5,382506;1,004796;4,062032;1,106783;-0,986547;11,34489;0,900705;-1,851587;16,08617;2,51205;-2,229383;18,66506;3,237444;-2,458896;20,75746;3,700641;-0,1893;3,712853;0,31382;-2,821939;10,76396;-0,301676;-5,329675;15,80712;-0,20278;-6,602508;18,58205;-0,313643;-7,568862;20,8899;-0,548291;-1,307215;3,388669;-0,348946;-4,340753;9,55728;-1,313171;-5,697297;14,13728;-2,73158;-3,82845;13,38849;-4,673599;-3,50154;11,27489;-3,297342;-2,375118;3,077645;-1,021405;-5,647058;7,830732;-2,305057;-5,932822;11,57773;-3,576736;-4,913377;12,13685;-5,243377;-3,479281;10,75412;-6,403774;92,20696;31,15224;-163,7621;158,0965;-51,33443;111,0502;-178,3571;-51,33444;111,0502;-159,0671;-51,41454;110,3596;-159,0671;-51,41452;110,3596;91,82698;31,15224;-163,7621;67,96528;32,30925;178,1334;71,64594;31,62694;178,4652;75,53085;30,66946;178,7613;75,4962;30,89452;178,6936;95,44081;30,72906;-156,7398;88,83559;30,23914;-154,1474;92,45748;32,18322;-154,0501;96,45445;33,83625;-153,6752;96,43813;33,61988;-153,7046;99,2154;29,84433;-149,1975;109,5937;31,91327;-152,8444;-146,5327;33,67043;-151,8198;-50,81933;31,06996;-148,3953;-50,71592;31,2793;-148,1955;104,2179;27,85742;-138,7052;112,4635;32,97392;-162,9566;173,8902;34,42901;-161,9778;-127,5042;34,23611;-157,3086;-127,6225;34,46102;-157,5181;0;0;0;-326,2509;-257,0385;112,552;-341,3052;-667,5287;499,9337;-166,8844;-955,0432;847,2053;65,67239;-1108,553;1089,868;-202,1297;-243,7877;150,8023;-81,95837;-677,5703;616,1235;-105,055;-883,4803;804,0095;-123,0615;-1006,068;914,12;-142,1964;-1114,321;1010,027;-42,01287;-224,8478;198,3746;164,2701;-644,675;685,6657;363,4317;-898,1675;1010,487;466,4539;-1049,402;1197,789;546,478;-1185,309;1360,954;105,3781;-203,21;238,1352;378,8952;-570,059;702,2242;505,9724;-905,7867;1076,421;372,6726;-1012,769;1124,271;324,3135;-811,6624;911,5253;247,4162;-184,4708;278,4778;577,0995;-466,3743;684,1652;594,45;-771,9166;984,3376;526,8101;-925,7417;1104,086;425,7883;-937,2041;1073,582;0;0;0;0;0;0;3,733634;-8,89778;-10,59437;6,076097;-14,47677;-17,2348;7,1311;-16,94298;-20,21026;0;0;0;0;0;0;2,219438;-4,285812;-7,352828;3,500462;-6,900787;-11,62147;4,60124;-9,263991;-15,30647;0;0;0;0;0;0;-0,449181;-3,141403;-11,83891;-0,563622;-5,252838;-18,43071;-0,56076;-7,347106;-23,96393;0;0;0;0;0;0;-3,602027;2,065658;3,719329;-2,839565;1,562118;2,815246;-1,148701;0,480652;0,886917;0;0;0;0;0;0;-4,81224;0,437737;0,635147;-5,352973;0,480652;0,635147;-3,333092;0,263214;0,108719;12,15228;11,58539;3,801409;3,599095;38,88866;2,515093;23,54647;18,7508;15,33396;-15,3883;3,504702;3,731611;-8,31222;-8,391336;3,571496;3,794573;-9,20445;11,92479;103,3227;93,87055;-0,604903;19,82792;60,87204;55,90651;0,679321;-0,359602;0;-0,000572;-0,690136;1,579285;0;0;0,511437;0,801144;0;-0,003104;1,416206;-0,084286;0;-0,001831;1,427586;-0,045891;-0,000458;0;162,1857;-85,58692;0;-0,034332;-110,7181;205,64;0;0,188828;-12,18452;176,0216;-0,197411;-0,186253;140,752;-8,329009;0;-0,164795;101,3963;-3,261566;-0,054932;-0,013733
127;2032;00:00:02:112;0;0;0;1,929588;4,330231;1,742092;2,354349;8,179963;-1,020646;1,105241;11,11099;-3,574331;-0,731072;12,86109;-5,395492;1,010053;4,061341;1,104529;-0,971506;11,34674;0,893797;-1,832134;16,09047;2,500247;-2,207503;18,67046;3,222996;-2,435023;20,76355;3,68406;-0,184381;3,713289;0,31158;-2,807479;10,76754;-0,308535;-5,306976;15,81491;-0,215648;-6,575216;18,59181;-0,329779;-7,537697;20,901;-0,567111;-1,302621;3,390208;-0,351173;-4,327744;9,562297;-1,319557;-5,676706;14,14388;-2,740058;-3,808795;13,39128;-4,681498;-3,485485;11,27773;-3,304321;-2,370832;3,080213;-1,02362;-5,636198;7,83691;-2,310628;-5,91573;11,58384;-3,583895;-4,89515;12,14062;-5,250623;-3,463129;10,75509;-6,41025;92,24825;31,15161;-163,8175;158,1446;-51,26749;110,9148;-178,309;-51,26746;110,9148;-159,0202;-51,34723;110,2251;-159,0202;-51,34723;110,2251;91,86826;31,15161;-163,8175;68,03255;32,32169;178,1125;71,71281;31,63905;178,4434;75,59711;30,68129;178,7382;75,56261;30,90639;178,6708;95,48151;30,72412;-156,7957;88,90644;30,23292;-154,2057;92,52979;32,17688;-154,1055;96,52809;33,82952;-153,7281;96,51158;33,61317;-153,7579;99,25463;29,83483;-149,2547;109,623;31,90967;-152,9212;-146,5029;33,66639;-151,8956;-50,79074;31,06443;-148,4728;-50,68727;31,2737;-148,2729;104,2538;27,84189;-138,7651;112,4933;32,97464;-163,033;173,9205;34,4293;-162,0533;-127,4741;34,23438;-157,3842;-127,5922;34,45938;-157,5936;0;0;0;-326,6392;-256,9023;112,6412;-342,0297;-667,3974;500,0403;-167,8785;-955,0368;847,3549;64,50772;-1108,707;1090,064;-202,5002;-243,7219;150,8958;-83,01957;-677,688;616,431;-106,4239;-883,8212;804,6348;-124,5994;-1006,513;914,9152;-143,8729;-1114,835;1010,957;-42,35993;-224,8741;198,4736;163,2492;-644,9348;685,9805;361,8585;-898,8889;1011,033;464,5732;-1050,359;1198,455;544,3383;-1186,447;1361,711;105,0536;-203,3248;238,2395;377,9761;-570,436;702,5263;504,4153;-906,3004;1076,81;371,2002;-1013,044;1124,626;323,1432;-811,9173;911,8398;247,1129;-184,669;278,587;576,3314;-466,8488;684,4384;593,1611;-772,4061;984,6613;525,4302;-926,0929;1104,405;424,5871;-937,3762;1073,865;0;0;0;-23,29302;8,16965;5,353689;-43,47181;7,879256;6,394386;-59,64803;0,377655;8,972167;-69,87976;-9,201049;11,78169;-22,22729;3,951072;5,606889;-63,6717;-7,063866;18,44787;-82,1321;-20,45059;37,51373;-92,27442;-26,69907;47,71041;-100,5893;-30,87616;55,84145;-20,82377;-1,582146;5,940198;-61,25306;-15,59257;18,89133;-94,388;-43,28155;32,77588;-112,8445;-57,43789;39,92843;-128,3855;-68,3155;45,45021;-19,46926;-6,886482;6,255627;-55,14622;-22,62211;18,12172;-93,42384;-30,81894;23,32306;-88,34552;-16,47949;21,27456;-70,22094;-15,29503;18,87703;-18,19324;-11,89113;6,554604;-46,08249;-28,4729;16,38794;-77,3363;-29,37412;19,42062;-82,78941;-21,07429;19,14024;-72,07202;-10,32829;16,96014;12,15692;11,58808;3,80353;3,59571;38,92804;2,494384;23,54647;18,7508;15,30475;-15,37628;3,504702;3,731716;-8,310613;-8,359404;3,571496;3,794625;-9,185706;11,92369;103,3227;93,87057;-0,585841;19,82729;60,87203;55,90651;2,362518;-1,242528;0;0;-1,752777;0,721493;0;0,006294;0,096416;1,91597;0;0,003104;1,124611;-0,066433;0;0,000916;1,143733;-0,037422;-0,000458;0;100,9918;-52,97555;0;0,034332;-63,75846;-51,46751;0;0,377655;-24,9012;66,88956;0;0,372505;-17,49572;1,071167;0;0,164795;-17,03117;0,508118;0;0
128;2048;00:00:02:128;0;0;0;1,929588;4,330231;1,742092;2,354349;8,179963;-1,020646;1,105241;11,11099;-3,574331;-0,731072;12,86109;-5,395492;1,010053;4,061341;1,104529;-0,971506;11,34674;0,893797;-1,832134;16,09047;2,500247;-2,207503;18,67046;3,222996;-2,435023;20,76355;3,68406;-0,184381;3,713289;0,31158;-2,807479;10,76754;-0,308535;-5,306976;15,81491;-0,215648;-6,575216;18,59181;-0,329779;-7,537697;20,901;-0,567111;-1,302621;3,390208;-0,351173;-4,327744;9,562297;-1,319557;-5,676706;14,14388;-2,740058;-3,808795;13,39128;-4,681498;-3,485485;11,27773;-3,304321;-2,370832;3,080213;-1,02362;-5,636198;7,83691;-2,310628;-5,91573;11,58384;-3,583895;-4,89515;12,14062;-5,250623;-3,463129;10,75509;-6,41025;92,24825;31,15161;-163,8175;158,1446;-51,26749;110,9148;-178,309;-51,26746;110,9148;-159,0202;-51,34723;110,2251;-159,0202;-51,34723;110,2251;91,86826;31,15161;-163,8175;68,03255;32,32169;178,1125;71,71281;31,63905;178,4434;75,59711;30,68129;178,7382;75,56261;30,90639;178,6708;95,48151;30,72412;-156,7957;88,90644;30,23292;-154,2057;92,52979;32,17688;-154,1055;96,52809;33,82952;-153,7281;96,51158;33,61317;-153,7579;99,25463;29,83483;-149,2547;109,623;31,90967;-152,9212;-146,5029;33,66639;-151,8956;-50,79074;31,06443;-148,4728;-50,68727;31,2737;-148,2729;104,2538;27,84189;-138,7651;112,4933;32,97464;-163,033;173,9205;34,4293;-162,0533;-127,4741;34,23438;-157,3842;-127,5922;34,45938;-157,5936;0;0;0;-326,9701;-256,8098;112,7772;-342,7437;-667,0498;500,4736;-168,8822;-954,6217;848,0077;63,33239;-1108,34;1090,844;-202,8156;-243,6805;151,031;-83,92204;-677,7986;616,8455;-107,591;-884,0797;805,343;-125,9122;-1006,837;915,782;-145,3053;-1115,201;1011,952;-42,6551;-224,9003;198,6079;162,3817;-645,15;686,3921;360,4966;-899,3562;1011,805;462,9356;-1050,944;1199,423;542,4684;-1187,114;1362,841;104,778;-203,4171;238,3731;377,1955;-570,7371;702,9095;503,1799;-906,6966;1077,318;370,0208;-1013,211;1125,1;322,1798;-812,0877;912,2586;246,8557;-184,823;278,7199;575,6799;-467,2195;684,7726;592,1355;-772,7728;985,0908;524,3367;-926,319;1104,84;423,618;-937,4347;1074,253;0;0;0;-19,85407;5,551815;8,156775;-42,84095;20,85686;25,99812;-60,22238;24,90806;39,1674;-70,52028;21,9841;46,74911;-18,9271;2,486229;8,115291;-54,14844;-6,634712;24,87087;-70,02997;-15,50674;42,49191;-78,76825;-19,44923;52,0134;-85,94298;-21,9326;59,69238;-17,71027;-1,569271;8,060931;-52,05488;-12,90894;24,69349;-81,71367;-28,03802;46,32568;-98,25324;-35,13336;58,0902;-112,1922;-39,96849;67,75474;-16,53671;-5,53894;8,018016;-46,83351;-18,0645;22,99118;-74,12624;-23,7751;30,52139;-70,75881;-10,04791;28,43857;-57,79981;-10,2253;25,1255;-15,43236;-9,244679;7,972239;-39,09301;-22,23873;20,05577;-61,53201;-21,99554;25,77209;-65,61469;-13,56697;26,08109;-58,14742;-3,507614;23,31734;12,15692;11,58808;3,80353;3,59571;38,92804;2,494384;23,54647;18,7508;15,30475;-15,37628;3,504702;3,731716;-8,310613;-8,359404;3,571496;3,794625;-9,185706;11,92369;103,3227;93,87057;-0,585841;19,82729;60,87203;55,90651;0;0;0;0;0;0;0;0;0;0;0;0;0;0;0;0;0;0;0;0;-141,7511;74,55167;0;0;105,1666;-43,28956;0;-0,377655;-5,784987;-114,9582;0;-0,186253;-67,47665;3,985977;0;-0,054932;-68,62399;2,245331;0,027466;0
129;2064;00:00:02:144;0;0;0;1,934035;4,33079;1,735761;2,363216;8,17565;-1,033074;1,117497;11,104;-3,591485;-0,716775;12,85324;-5,415529;1,014269;4,061919;1,098523;-0,959542;11,34909;0,876696;-1,820253;16,09627;2,472894;-2,195644;18,6778;3,190084;-2,423165;20,77188;3,646649;-0,180467;3,713945;0,305995;-2,796028;10,77004;-0,324924;-5,289168;15,82076;-0,244157;-6,553846;18,59901;-0,364913;-7,513314;20,90888;-0,60772;-1,298994;3,391057;-0,356369;-4,317486;9,564894;-1,334268;-5,66091;14,14606;-2,761363;-3,793746;13,3885;-4,701592;-3,473045;11,27651;-3,321396;-2,367477;3,081188;-1,028441;-5,627688;7,839412;-2,322861;-5,901462;11,58523;-3,600638;-4,879956;12,13846;-5,26798;-3,449986;10,74937;-6,425871;92,34624;31,13233;-163,8276;158,1918;-51,18124;110,8143;-178,2617;-51,18123;110,8143;-158,9746;-51,26062;110,1259;-158,9746;-51,26062;110,1259;91,96626;31,13233;-163,8276;68,17678;32,3341;178,1878;71,85604;31,65077;178,5166;75,73897;30,69237;178,8087;75,70479;30,91763;178,742;95,57559;30,69474;-156,8084;89,04948;30,19762;-154,2063;92,67572;32,14137;-154,1004;96,67649;33,79319;-153,7181;96,65962;33,5769;-153,7485;99,34262;29,79509;-149,2717;109,7105;31,8766;-152,9429;-146,4144;33,63198;-151,9145;-50,70729;31,0257;-148,4977;-50,6038;31,23472;-148,2975;104,3304;27,78892;-138,7901;112,5726;32,95733;-163,0769;174,0008;34,41085;-162,095;-127,396;34,21059;-157,4274;-127,5139;34,43583;-157,6364;0;0;0;-326,9701;-256,8098;112,7772;-342,7337;-667,0698;500,4569;-168,8659;-954,6543;847,9807;63,35145;-1108,379;1090,812;-202,8156;-243,6805;151,031;-83,92204;-677,7986;616,8455;-107,2523;-884,0858;805,434;-125,3898;-1006,847;915,9224;-144,6346;-1115,213;1012,132;-42,6551;-224,9003;198,6079;162,3817;-645,15;686,3921;360,5732;-899,6129;1011,832;463,0529;-1051,341;1199,455;542,6182;-1187,626;1362,87;104,778;-203,4171;238,3731;377,1955;-570,7371;702,9095;503,1362;-906,6954;1077,325;369,9861;-1013,21;1125,105;322,1652;-812,0872;912,2587;246,8557;-184,823;278,7199;575,6799;-467,2195;684,7726;592,0104;-772,7687;985,092;524,1973;-926,3146;1104,84;423,5309;-937,4315;1074,247;0;0;0;0;0;0;0,600815;-1,20163;-0,998497;0,97847;-1,956939;-1,619339;1,143694;-2,300262;-1,899719;0;0;0;0;0;0;20,32614;-0,366211;5,458831;31,33964;-0,572205;8,417129;40,24243;-0,7267;10,80894;0;0;0;0;0;0;4,593372;-15,40375;1,590729;7,038116;-23,82088;1,922607;8,989333;-30,76171;1,750946;0;0;0;0;0;0;-2,623558;0,074387;0,429153;-2,084255;0,05722;0,286102;-0,879765;0,034332;0,005722;0;0;0;0;0;0;-7,507323;0,243187;0,074387;-8,359908;0,268936;-0,011444;-5,221366;0,19455;-0,400543;12,15483;11,58453;3,803747;3,594094;38,93327;2,491574;23,54647;18,75079;15,23535;-15,37044;3,504702;3,731664;-8,322866;-8,315219;3,571387;3,794625;-9,177123;11,92316;103,3227;93,87057;-0,554261;19,82629;60,87205;55,90651;0,313568;-0,168629;0;-0,000687;-4,16399;0,350189;0;-0,003147;-0,735226;2,651081;-0,00658;0;0,514984;-0,031757;-0,000458;0,000458;1,894777;-0,060425;0,000916;0;18,81409;-10,11772;0;-0,041199;-249,8394;21,01135;0;-0,188828;-44,11353;159,0648;-0,394821;0;30,89905;-1,905441;-0,027466;0,027466;113,6866;-3,625488;0,054932;0
130;2080;00:00:02:160;0;0;0;1,934035;4,33079;1,735761;2,363216;8,17565;-1,033074;1,117497;11,104;-3,591485;-0,716775;12,85324;-5,415529;1,014269;4,061919;1,098523;-0,959542;11,34909;0,876696;-1,820253;16,09627;2,472894;-2,195644;18,6778;3,190084;-2,423165;20,77188;3,646649;-0,180467;3,713945;0,305995;-2,796028;10,77004;-0,324924;-5,289168;15,82076;-0,244157;-6,553846;18,59901;-0,364913;-7,513314;20,90888;-0,60772;-1,298994;3,391057;-0,356369;-4,317486;9,564894;-1,334268;-5,66091;14,14606;-2,761363;-3,793746;13,3885;-4,701592;-3,473045;11,27651;-3,321396;-2,367477;3,081188;-1,028441;-5,627688;7,839412;-2,322861;-5,901462;11,58523;-3,600638;-4,879956;12,13846;-5,26798;-3,449986;10,74937;-6,425871;92,34624;31,13233;-163,8276;158,1918;-51,18124;110,8143;-178,2617;-51,18123;110,8143;-158,9746;-51,26062;110,1259;-158,9746;-51,26062;110,1259;91,96626;31,13233;-163,8276;68,17678;32,3341;178,1878;71,85604;31,65077;178,5166;75,73897;30,69237;178,8087;75,70479;30,91763;178,742;95,57559;30,69474;-156,8084;89,04948;30,19762;-154,2063;92,67572;32,14137;-154,1004;96,67649;33,79319;-153,7181;96,65962;33,5769;-153,7485;99,34262;29,79509;-149,2717;109,7105;31,8766;-152,9429;-146,4144;33,63198;-151,9145;-50,70729;31,0257;-148,4977;-50,6038;31,23472;-148,2975;104,3304;27,78892;-138,7901;112,5726;32,95733;-163,0769;174,0008;34,41085;-162,095;-127,396;34,21059;-157,4274;-127,5139;34,43583;-157,6364;0;0;0;-327,2369;-256,8433;113,157;-343,2657;-666,811;501,2026;-169,6013;-954,2347;849,01;62,49364;-1107,907;1092,014;-203,0686;-243,7151;151,3913;-84,63987;-677,9398;617,8716;-107,9651;-884,4337;807,0751;-126,1014;-1007,287;917,8972;-145,3461;-1115,713;1014,377;-42,88992;-224,9397;198,943;161,6946;-645,2999;687,3754;359,5047;-899,9637;1013,542;461,7707;-1051,773;1201,563;541,1553;-1188,099;1365,306;104,5604;-203,4681;238,6848;376,5801;-570,8929;703,7921;502,1884;-906,8259;1078,604;369,0832;-1013,043;1126,31;321,4188;-812,0141;913,2831;246,6545;-184,8815;279,0092;575,1693;-467,3695;685,5066;591,1544;-772,8522;986,0967;523,2857;-926,1851;1105,881;422,7424;-937,0881;1075,184;0;0;0;-16,01028;-2,011299;22,79162;-31,92043;15,52963;44,74067;-44,12126;25,177;61,75803;-51,46801;28,28407;72,1321;-15,17629;-2,081394;21,62003;-43,06948;-8,471488;61,56348;-42,77086;-20,87402;98,47068;-42,69075;-26,43585;118,4864;-42,69147;-29,98352;134,6741;-14,08893;-2,364635;20,10727;-41,22376;-8,995055;59,00001;-64,10837;-21,0514;102,6306;-76,9329;-25,9037;126,4858;-87,77904;-28,3699;146,1925;-13,05628;-3,057003;18,70394;-36,92579;-9,346961;52,95753;-56,86569;-7,83348;76,6983;-54,1749;10,03075;72,3381;-44,78359;4,383087;61,46621;-12,07638;-3,508329;17,35782;-30,63869;-9,003638;44,03972;-51,36108;-5,009651;60,27602;-54,69704;7,770537;62,48473;-47,31273;20,59936;56,23055;12,15483;11,58453;3,803747;3,594094;38,93327;2,491574;23,54647;18,75079;15,23535;-15,37044;3,504702;3,731664;-8,322866;-8,315219;3,571387;3,794625;-9,177123;11,92316;103,3227;93,87057;-0,554261;19,82629;60,87205;55,90651;0;0;0;0;0;0;0;0;0;0;0;0;0;0;0;0;0;0;0;0;-18,81409;10,11772;0;0,041199;249,8394;-21,01135;0;0,188828;44,11353;-159,0648;0,394821;0;-30,89905;1,905441;0,027466;-0,027466;-113,6866;3,625488;-0,054932;0
131;2096;00:00:02:176;0;0;0;1,934035;4,33079;1,735761;2,363216;8,17565;-1,033074;1,117497;11,104;-3,591485;-0,716775;12,85324;-5,415529;1,014269;4,061919;1,098523;-0,959542;11,34909;0,876696;-1,820253;16,09627;2,472894;-2,195644;18,6778;3,190084;-2,423165;20,77188;3,646649;-0,180467;3,713945;0,305995;-2,796028;10,77004;-0,324924;-5,289168;15,82076;-0,244157;-6,553846;18,59901;-0,364913;-7,513314;20,90888;-0,60772;-1,298994;3,391057;-0,356369;-4,317486;9,564894;-1,334268;-5,66091;14,14606;-2,761363;-3,793746;13,3885;-4,701592;-3,473045;11,27651;-3,321396;-2,367477;3,081188;-1,028441;-5,627688;7,839412;-2,322861;-5,901462;11,58523;-3,600638;-4,879956;12,13846;-5,26798;-3,449986;10,74937;-6,425871;92,34624;31,13233;-163,8276;158,1918;-51,18124;110,8143;-178,2617;-51,18123;110,8143;-158,9746;-51,26062;110,1259;-158,9746;-51,26062;110,1259;91,96626;31,13233;-163,8276;68,17678;32,3341;178,1878;71,85604;31,65077;178,5166;75,73897;30,69237;178,8087;75,70479;30,91763;178,742;95,57559;30,69474;-156,8084;89,04948;30,19762;-154,2063;92,67572;32,14137;-154,1004;96,67649;33,79319;-153,7181;96,65962;33,5769;-153,7485;99,34262;29,79509;-149,2717;109,7105;31,8766;-152,9429;-146,4144;33,63198;-151,9145;-50,70729;31,0257;-148,4977;-50,6038;31,23472;-148,2975;104,3304;27,78892;-138,7901;112,5726;32,95733;-163,0769;174,0008;34,41085;-162,095;-127,396;34,21059;-157,4274;-127,5139;34,43583;-157,6364;0;0;0;-327,2369;-256,8433;113,157;-343,2657;-666,811;501,2026;-169,6013;-954,2347;849,01;62,49364;-1107,907;1092,014;-203,0686;-243,7151;151,3913;-84,63987;-677,9398;617,8716;-107,9651;-884,4337;807,0751;-126,1014;-1007,287;917,8972;-145,3461;-1115,713;1014,377;-42,88992;-224,9397;198,943;161,6946;-645,2999;687,3754;359,5047;-899,9637;1013,542;461,7707;-1051,773;1201,563;541,1553;-1188,099;1365,306;104,5604;-203,4681;238,6848;376,5801;-570,8929;703,7921;502,1884;-906,8259;1078,604;369,0832;-1013,043;1126,31;321,4188;-812,0141;913,2831;246,6545;-184,8815;279,0092;575,1693;-467,3695;685,5066;591,1544;-772,8522;986,0967;523,2857;-926,1851;1105,881;422,7424;-937,0881;1075,184;0;0;0;0;0;0;0;0;0;0;0;0;0;0;0;0;0;0;0;0;0;0;0;0;0;0;0;0;0;0;0;0;0;0;0;0;0;0;0;0;0;0;0;0;0;0;0;0;0;0;0;0;0;0;0;0;0;0;0;0;0;0;0;0;0;0;0;0;0;0;0;0;0;0;0;12,15483;11,58453;3,803747;3,594094;38,93327;2,491574;23,54647;18,75079;15,23535;-15,37044;3,504702;3,731664;-8,322866;-8,315219;3,571387;3,794625;-9,177123;11,92316;103,3227;93,87057;-0,554261;19,82629;60,87205;55,90651;0;0;0;0;0;0;0;0;0;0;0;0;0;0;0;0;0;0;0;0;0;0;0;0;0;0;0;0;0;0;0;0;0;0;0;0;0;0;0;0
132;2112;00:00:02:192;0;0;0;1,92447;4,346474;1,706952;2,331527;8,177933;-1,083712;1,06752;11,08832;-3,65362;-0,778623;12,82155;-5,480973;1,003614;4,071092;1,074085;-0,996282;11,35011;0,820655;-1,883198;16,10051;2,392764;-2,273299;18,68355;3,096573;-2,513132;20,77864;3,542052;-0,19243;3,714844;0,287226;-2,834571;10,75843;-0,372019;-5,351916;15,7974;-0,310059;-6,630467;18,5688;-0,441517;-7,60195;20,87266;-0,69353;-1,311938;3,384625;-0,369846;-4,35504;9,542767;-1,370175;-5,715341;14,11361;-2,814265;-3,852487;13,35194;-4,757023;-3,52165;11,2473;-3,368029;-2,381478;3,067548;-1,036856;-5,662375;7,807612;-2,345549;-5,953788;11,54558;-3,642264;-4,939233;12,09267;-5,315868;-3,50837;10,70096;-6,469512;92,62036;30,87194;-163,4872;158,641;-50,96133;110,6604;-177,8126;-50,9613;110,6604;-158,5289;-51,03735;109,9743;-158,5289;-51,03735;109,9743;92,24039;30,87194;-163,4872;68,56367;32,16864;178,7685;72,23896;31,48343;179,0914;76,11706;30,52341;179,3755;76,08399;30,74904;179,3106;95,80951;30,40763;-156,4903;89,27309;29,88794;-153,8166;92,90324;31,83131;-153,7022;96,90575;33,48185;-153,3134;96,88853;33,26566;-153,3447;99,52914;29,48408;-148,9802;109,8904;31,58788;-152,6956;-146,2372;33,34056;-151,664;-50,55554;30,726;-148,2672;-50,45295;30,93458;-148,067;104,4466;27,45363;-138,537;112,8542;32,69289;-162,7172;174,3109;34,1424;-161,7298;-127,0877;33,92221;-157,0789;-127,2034;34,14837;-157,2857;0;0;0;-327,2369;-256,8433;113,157;-343,2525;-666,8373;501,1808;-169,5797;-954,2776;848,9742;62,51884;-1107,958;1091,972;-203,0686;-243,7151;151,3913;-84,63987;-677,9398;617,8716;-107,1409;-884,0822;807,1938;-124,8339;-1006,746;918,0927;-143,7232;-1115,019;1014,645;-42,88992;-224,9397;198,943;161,6946;-645,2999;687,3754;359,9109;-899,7608;1013,453;462,4007;-1051,459;1201,432;541,9715;-1187,694;1365,146;104,5604;-203,4681;238,6848;376,5801;-570,8929;703,7921;501,9037;-906,8181;1078,65;368,8569;-1013,037;1126,341;321,3233;-812,0107;913,2838;246,6545;-184,8815;279,0092;575,1693;-467,3695;685,5066;591,1917;-772,8535;986,0962;523,3253;-926,1964;1105,82;422,7672;-937,0012;1075,032;0;0;0;0;0;0;0,792503;-1,579285;-1,310348;1,290321;-2,57492;-2,145767;1,511335;-3,02124;-2,500534;0;0;0;0;0;0;49,45063;21,09146;7,123947;76,04598;32,47261;11,73592;97,37348;41,63932;16,09611;0;0;0;0;0;0;24,37305;12,17651;-5,355834;37,79697;18,82553;-7,867812;48,97499;24,31297;-9,59587;0;0;0;0;0;0;-17,08317;0,469208;2,746582;-13,57841;0,394821;1,848221;-5,730628;0,205994;0,034332;0;0;0;0;0;0;2,240181;-0,077248;-0,02861;2,37751;-0,680923;-3,690719;1,484871;5,212783;-9,098052;12,15479;11,5887;3,80355;3,59522;38,94015;2,487909;23,54646;18,75079;15,07414;-15,43;3,504702;3,731664;-8,39473;-8,351812;3,571441;3,794573;-9,121325;11,91983;103,3227;93,87057;-0,563712;19,82658;60,90136;55,93289;0,412903;-0,219884;-0,000458;0;-9,672889;-3,57336;0;0;-4,31179;-2,195606;0,00329;-0,003104;3,347912;-0,199413;0;-0,000458;-0,567083;0,017509;1,758499;1,582718;24,77417;-13,19303;-0,027466;0;-580,3733;-214,4016;0;0;-258,7074;-131,7364;0,197411;-0,186253;200,8747;-11,9648;0;-0,027466;-34,025;1,050568;105,5099;94,96306
133;2128;00:00:02:208;0;0;0;1,921511;4,350719;1,699453;2,322715;8,178431;-1,097199;1,053896;11,08384;-3,670371;-0,795353;12,81264;-5,498777;1,000433;4,073556;1,067687;-1,006849;11,35025;0,805792;-1,898129;16,10174;2,372101;-2,290719;18,68528;3,072685;-2,532666;20,78069;3,515489;-0,195875;3,715045;0,282257;-2,845485;10,75511;-0,384627;-5,366238;15,79245;-0,329067;-6,646771;18,56277;-0,464113;-7,619992;20,86555;-0,719169;-1,315569;3,382816;-0,373483;-4,365533;9,536568;-1,379915;-5,730924;14,10436;-2,828856;-3,868947;13,34177;-4,7721;-3,535195;11,23922;-3,380638;-2,385316;3,063764;-1,039217;-5,671915;7,798782;-2,351872;-5,967765;11,53476;-3,653332;-4,955029;12,08054;-5,328459;-3,523803;10,68861;-6,481377;92,69366;30,80647;-163,393;158,7577;-50,89857;110,6233;-177,6959;-50,89856;110,6233;-158,4132;-50,97371;109,9379;-158,4132;-50,97372;109,9378;92,31367;30,80646;-163,393;68,65711;32,12594;178,8855;72,33145;31,44029;179,2069;76,20836;30,47988;179,4891;76,17554;30,7056;179,4246;95,87266;30,33497;-156,4018;89,34865;29,81437;-153,7399;92,98016;31,7576;-153,6225;96,98351;33,40768;-153,2314;96,96613;33,19154;-153,263;99,58028;29,40492;-148,8985;109,9435;31,51348;-152,6184;-146,1847;33,26538;-151,5857;-50,5098;30,64835;-148,1943;-50,40741;30,85678;-147,9941;104,4798;27,36773;-138,4652;112,9247;32,6271;-162,6269;174,3812;34,07558;-161,638;-127,0243;33,85091;-156,9913;-127,1396;34,07727;-157,1975;0;0;0;-326,663;-257,7843;114,8856;-341,3403;-666,9962;504,201;-166,5634;-953,3725;852,673;66,25038;-1106,098;1095,865;-202,4292;-244,2655;152,8577;-82,43552;-678,0013;621,234;-103,3186;-884,3053;812,0049;-120,1047;-1007,043;923,7096;-138,2357;-1115,362;1020,93;-42,17212;-224,9936;200,0692;164,0072;-644,6035;690,2011;363,6333;-898,4833;1017,432;466,9315;-1049,839;1206,062;547,2027;-1185,768;1370,332;105,337;-203,0822;239,4935;378,8333;-569,5652;705,9465;505,1264;-904,8701;1081,831;372,347;-1010,842;1129,672;324,2251;-810,2574;916,0818;247,4945;-184,0631;279,514;577,2505;-465,4616;686,8679;594,3113;-770,4739;988,5941;526,8597;-923,4482;1108,693;426,2564;-934,0966;1077,65;0;0;0;34,43384;-56,46086;103,7135;114,7313;-9,530066;181,2115;180,979;54,30794;221,9238;223,8926;111,5971;233,5338;38,35916;-33,02049;87,97859;132,2615;-3,687858;201,7479;229,3382;-13,38959;288,66;283,7562;-17,78412;337,0113;329,2508;-20,62797;377,1057;43,06787;-3,234386;67,56805;138,756;41,78524;169,5414;223,3415;76,65252;238,718;271,8487;97,229;277,7996;313,8714;115,5281;311,1648;46,59676;23,15426;48,51865;135,1933;79,65945;129,2667;193,3622;116,8842;190,8645;209,4083;131,6757;199,831;174,1118;105,1941;167,8848;50,40264;49,10302;30,29108;124,8751;114,4752;81,67648;187,1738;142,7736;149,8718;212,0619;164,8922;172,4052;209,3525;174,2821;157,053;12,15587;11,58749;3,803797;3,594641;38,94583;2,484872;23,54647;18,75081;15,06546;-15,43566;3,504646;3,731716;-8,386725;-8,330177;3,571496;3,794625;-9,112876;11,91932;103,3227;93,87055;-0,558832;19,82643;60,90136;55,9329;0,341034;-0,182219;0,000458;0,001259;-0,520821;-0,339546;-0,003347;0,003147;0,480251;1,298103;0,00329;0,003104;0,506916;-0,030727;0,000458;-0,000916;0,292847;-0,009041;0;0,000687;-4,312134;2,259922;0,054932;0,075531;549,1241;194,0288;-0,200844;0,188828;287,5225;209,6226;0;0,372505;-170,4597;10,12115;0,027466;-0,027466;51,59583;-1,593017;-105,5099;-94,92186
134;2144;00:00:02:224;0;0;0;1,921511;4,350719;1,699453;2,322715;8,178431;-1,097199;1,053896;11,08384;-3,670371;-0,795353;12,81264;-5,498777;1,000433;4,073556;1,067687;-1,006849;11,35025;0,805792;-1,898129;16,10174;2,372101;-2,290719;18,68528;3,072685;-2,532666;20,78069;3,515489;-0,195875;3,715045;0,282257;-2,845485;10,75511;-0,384627;-5,366238;15,79245;-0,329067;-6,646771;18,56277;-0,464113;-7,619992;20,86555;-0,719169;-1,315569;3,382816;-0,373483;-4,365533;9,536568;-1,379915;-5,730924;14,10436;-2,828856;-3,868947;13,34177;-4,7721;-3,535195;11,23922;-3,380638;-2,385316;3,063764;-1,039217;-5,671915;7,798782;-2,351872;-5,967765;11,53476;-3,653332;-4,955029;12,08054;-5,328459;-3,523803;10,68861;-6,481377;92,69366;30,80647;-163,393;158,7577;-50,89857;110,6233;-177,6959;-50,89856;110,6233;-158,4132;-50,97371;109,9379;-158,4132;-50,97372;109,9378;92,31367;30,80646;-163,393;68,65711;32,12594;178,8855;72,33145;31,44029;179,2069;76,20836;30,47988;179,4891;76,17554;30,7056;179,4246;95,87266;30,33497;-156,4018;89,34865;29,81437;-153,7399;92,98016;31,7576;-153,6225;96,98351;33,40768;-153,2314;96,96613;33,19154;-153,263;99,58028;29,40492;-148,8985;109,9435;31,51348;-152,6184;-146,1847;33,26538;-151,5857;-50,5098;30,64835;-148,1943;-50,40741;30,85678;-147,9941;104,4798;27,36773;-138,4652;112,9247;32,6271;-162,6269;174,3812;34,07558;-161,638;-127,0243;33,85091;-156,9913;-127,1396;34,07727;-157,1975;0;0;0;-326,4855;-258,0391;115,3355;-340,8116;-667,026;505,0102;-165,746;-953,1035;853,678;67,25421;-1105,563;1096,933;-202,2384;-244,4134;153,2415;-81,80149;-678,0093;622,1258;-102,4228;-884,3792;813,2446;-119,0595;-1007,146;925,1429;-137,0636;-1115,486;1022,524;-41,96548;-225,0056;200,3673;164,662;-644,4041;690,9576;364,4926;-898,1862;1018,572;467,9097;-1049,477;1207,418;548,2852;-1185,342;1371,871;105,5548;-202,9736;239,7117;379,4629;-569,1932;706,5309;506,0614;-904,315;1082,706;373,3347;-1010,232;1130,576;325,0378;-809,7729;916,8384;247,7248;-183,8361;279,6558;577,8228;-464,9318;687,2473;595,1499;-769,8243;989,2582;527,8075;-922,7203;1109,448;427,1823;-933,355;1078,362;0;0;0;10,65302;-15,28501;26,9959;31,72588;-1,791;48,55442;49,04794;16,14189;60,30463;60,22989;32,07779;64,09835;11,45267;-8,873462;23,03266;38,04123;-0,477791;53,50399;53,75004;-4,434585;74,38659;62,71218;-6,231308;85,99662;70,32465;-7,398604;95,62682;12,3986;-0,722408;17,88997;39,28971;11,96766;45,38726;51,55849;17,82417;68,42994;58,69102;21,73805;81,3446;64,95094;25,59471;92,30231;13,07058;6,514549;13,09347;37,77408;22,31598;35,06183;56,09894;33,3023;52,52838;59,25893;36,5982;54,27361;48,76184;29,06799;45,39299;13,81731;13,62205;8,502959;34,34085;31,78882;22,7623;50,31681;38,97285;39,84832;56,86569;43,67065;45,32432;55,55534;44,4889;42,70935;12,15587;11,58749;3,803797;3,594641;38,94583;2,484872;23,54647;18,75081;15,06546;-15,43566;3,504646;3,731716;-8,386725;-8,330177;3,571496;3,794625;-9,112876;11,91932;103,3227;93,87055;-0,558832;19,82643;60,90136;55,9329;0;0;0;0;0;0;0;0;0;0;0;0;0;0;0;0;0;0;0;0;-20,46203;10,93311;-0,027466;-0,075531;31,24924;20,37277;0,200844;-0,188828;-28,81507;-77,88619;-0,197411;-0,186253;-30,41496;1,843643;-0,027466;0,054932;-17,57083;0,54245;0;-0,041199
135;2160;00:00:02:240;0;0;0;1,921511;4,350719;1,699453;2,322715;8,178431;-1,097199;1,053896;11,08384;-3,670371;-0,795353;12,81264;-5,498777;1,000433;4,073556;1,067687;-1,006849;11,35025;0,805792;-1,898129;16,10174;2,372101;-2,290719;18,68528;3,072685;-2,532666;20,78069;3,515489;-0,195875;3,715045;0,282257;-2,845485;10,75511;-0,384627;-5,366238;15,79245;-0,329067;-6,646771;18,56277;-0,464113;-7,619992;20,86555;-0,719169;-1,315569;3,382816;-0,373483;-4,365533;9,536568;-1,379915;-5,730924;14,10436;-2,828856;-3,868947;13,34177;-4,7721;-3,535195;11,23922;-3,380638;-2,385316;3,063764;-1,039217;-5,671915;7,798782;-2,351872;-5,967765;11,53476;-3,653332;-4,955029;12,08054;-5,328459;-3,523803;10,68861;-6,481377;92,69366;30,80647;-163,393;158,7577;-50,89857;110,6233;-177,6959;-50,89856;110,6233;-158,4132;-50,97371;109,9379;-158,4132;-50,97372;109,9378;92,31367;30,80646;-163,393;68,65711;32,12594;178,8855;72,33145;31,44029;179,2069;76,20836;30,47988;179,4891;76,17554;30,7056;179,4246;95,87266;30,33497;-156,4018;89,34865;29,81437;-153,7399;92,98016;31,7576;-153,6225;96,98351;33,40768;-153,2314;96,96613;33,19154;-153,263;99,58028;29,40492;-148,8985;109,9435;31,51348;-152,6184;-146,1847;33,26538;-151,5857;-50,5098;30,64835;-148,1943;-50,40741;30,85678;-147,9941;104,4798;27,36773;-138,4652;112,9247;32,6271;-162,6269;174,3812;34,07558;-161,638;-127,0243;33,85091;-156,9913;-127,1396;34,07727;-157,1975;0;0;0;-326,4855;-258,0391;115,3355;-340,8116;-667,026;505,0102;-165,746;-953,1035;853,678;67,25421;-1105,563;1096,933;-202,2384;-244,4134;153,2415;-81,80149;-678,0093;622,1258;-102,4228;-884,3792;813,2446;-119,0595;-1007,146;925,1429;-137,0636;-1115,486;1022,524;-41,96548;-225,0056;200,3673;164,662;-644,4041;690,9576;364,4926;-898,1862;1018,572;467,9097;-1049,477;1207,418;548,2852;-1185,342;1371,871;105,5548;-202,9736;239,7117;379,4629;-569,1932;706,5309;506,0614;-904,315;1082,706;373,3347;-1010,232;1130,576;325,0378;-809,7729;916,8384;247,7248;-183,8361;279,6558;577,8228;-464,9318;687,2473;595,1499;-769,8243;989,2582;527,8075;-922,7203;1109,448;427,1823;-933,355;1078,362;0;0;0;0;0;0;0;0;0;0;0;0;0;0;0;0;0;0;0;0;0;0;0;0;0;0;0;0;0;0;0;0;0;0;0;0;0;0;0;0;0;0;0;0;0;0;0;0;0;0;0;0;0;0;0;0;0;0;0;0;0;0;0;0;0;0;0;0;0;0;0;0;0;0;0;12,15587;11,58749;3,803797;3,594641;38,94583;2,484872;23,54647;18,75081;15,06546;-15,43566;3,504646;3,731716;-8,386725;-8,330177;3,571496;3,794625;-9,112876;11,91932;103,3227;93,87055;-0,558832;19,82643;60,90136;55,9329;0;0;0;0;0;0;0;0;0;0;0;0;0;0;0;0;0;0;0;0;0;0;0;0;0;0;0;0;0;0;0;0;0;0;0;0;0;0;0;0
136;2176;00:00:02:256;0;0;0;1,908827;4,366962;1,671863;2,285281;8,183919;-1,142869;0,996418;11,07227;-3,725257;-0,865589;12,78482;-5,556011;0,986985;4,082891;1,044295;-1,050829;11,34994;0,7522;-1,958931;16,10446;2,299549;-2,361123;18,68936;2,989545;-2,611238;20,78567;3,423533;-0,210215;3,715581;0,264309;-2,890607;10,74136;-0,42963;-5,428268;15,77038;-0,393601;-6,718561;18,5356;-0,539683;-7,700294;20,83371;-0,804164;-1,330519;3,375515;-0,386354;-4,408659;9,511673;-1,414193;-5,800095;14,06498;-2,883802;-3,940303;13,30068;-4,828459;-3,5924;11,20734;-3,426614;-2,40096;3,04878;-1,047228;-5,710855;7,763738;-2,373485;-6,027094;11,49154;-3,693447;-5,021805;12,03304;-5,374444;-3,587915;10,64142;-6,524431;92,95396;30,55735;-163,0263;159,1413;-50,71794;110,5771;-177,3123;-50,71792;110,5771;-158,0325;-50,79018;109,8936;-158,0325;-50,79019;109,8936;92,57398;30,55735;-163,0263;68,96859;31,95711;179,3102;72,6395;31,27;179,6266;76,51237;30,3083;179,9023;76,48051;30,53432;179,8394;96,09473;30,0605;-156,0562;89,57878;29,53616;-153,432;93,21428;31,47897;-153,3058;97,21967;33,12769;-152,9079;97,20188;32,91165;-152,9405;99,75739;29,10777;-148,578;110,1739;31,21746;-152,2261;-145,9562;32,96583;-151,1885;-50,30862;30,33805;-147,8199;-50,20707;30,54585;-147,6194;104,5903;27,04753;-138,1807;113,2;32,3726;-162,2265;174,6558;33,8171;-161,2322;-126,7765;33,57485;-156,6013;-126,8899;33,80194;-156,8057;0;0;0;-326,4855;-258,0391;115,3355;-340,8727;-666,9037;505,1116;-165,8455;-952,9045;853,8431;67,13778;-1105,329;1097,126;-202,2384;-244,4134;153,2415;-81,80149;-678,0093;622,1258;-102,3641;-884,2022;813,2111;-118,9706;-1006,874;925,0969;-136,9518;-1115,136;1022,474;-41,96548;-225,0056;200,3673;164,662;-644,4041;690,9576;364,3559;-898,4084;1018,625;467,6969;-1049,82;1207,491;548,0084;-1185,785;1371,955;105,5548;-202,9736;239,7117;379,4629;-569,1932;706,5309;506,2958;-904,3216;1082,668;373,521;-1010,237;1130,551;325,1165;-809,7758;916,8379;247,7248;-183,8361;279,6558;577,8228;-464,9318;687,2473;595,2375;-769,8271;989,2573;527,905;-922,7236;1109,448;427,2431;-933,3572;1078,366;0;0;0;0;0;0;-3,670692;7,338523;6,082534;-5,970954;11,93619;9,90486;-6,985903;14,01329;11,58714;0;0;0;0;0;0;3,520489;10,62012;-2,01416;5,330801;16,34788;-2,758026;6,710529;20,96557;-3,032684;0;0;0;0;0;0;-8,203982;-13,33237;3,152847;-12,76875;-20,61653;4,411697;-16,6111;-26,61896;5,069732;0;0;0;0;0;0;14,06765;-0,394821;-2,26593;11,17945;-0,331879;-1,516342;4,717826;-0,171661;-0,02861;0;0;0;0;0;0;5,255699;-0,165939;-0,05722;5,850791;-0,19455;0,005722;3,647804;-0,131607;0,28038;12,1529;11,5792;3,802405;3,597645;38,91393;2,501738;23,54645;18,75081;15,05711;-15,47043;3,504702;3,731611;-8,36187;-8,291216;3,571441;3,794573;-9,158819;11,92207;103,3227;93,87058;-0,580809;19,82713;60,90136;55,93289;-1,914139;1,011972;-0,00103;0;-0,500794;-2,086315;0,003347;-0,006294;1,491337;2,337684;-0,00329;-0,003104;-2,756595;0,164681;-0,000458;0,001831;-1,318638;0,042229;0;-0,000458;-114,8483;60,71834;-0,061798;0;-30,04761;-125,1789;0,200844;-0,377655;89,48019;140,2611;-0,197411;-0,186253;-165,3957;9,880828;-0,027466;0,109863;-79,11829;2,533722;0;-0,027466
137;2192;00:00:02:272;0;0;0;1,908827;4,366962;1,671863;2,285281;8,183919;-1,142869;0,996418;11,07227;-3,725257;-0,865589;12,78482;-5,556011;0,986985;4,082891;1,044295;-1,050829;11,34994;0,7522;-1,958931;16,10446;2,299549;-2,361123;18,68936;2,989545;-2,611238;20,78567;3,423533;-0,210215;3,715581;0,264309;-2,890607;10,74136;-0,42963;-5,428268;15,77038;-0,393601;-6,718561;18,5356;-0,539683;-7,700294;20,83371;-0,804164;-1,330519;3,375515;-0,386354;-4,408659;9,511673;-1,414193;-5,800095;14,06498;-2,883802;-3,940303;13,30068;-4,828459;-3,5924;11,20734;-3,426614;-2,40096;3,04878;-1,047228;-5,710855;7,763738;-2,373485;-6,027094;11,49154;-3,693447;-5,021805;12,03304;-5,374444;-3,587915;10,64142;-6,524431;92,95396;30,55735;-163,0263;159,1413;-50,71794;110,5771;-177,3123;-50,71792;110,5771;-158,0325;-50,79018;109,8936;-158,0325;-50,79019;109,8936;92,57398;30,55735;-163,0263;68,96859;31,95711;179,3102;72,6395;31,27;179,6266;76,51237;30,3083;179,9023;76,48051;30,53432;179,8394;96,09473;30,0605;-156,0562;89,57878;29,53616;-153,432;93,21428;31,47897;-153,3058;97,21967;33,12769;-152,9079;97,20188;32,91165;-152,9405;99,75739;29,10777;-148,578;110,1739;31,21746;-152,2261;-145,9562;32,96583;-151,1885;-50,30862;30,33805;-147,8199;-50,20707;30,54585;-147,6194;104,5903;27,04753;-138,1807;113,2;32,3726;-162,2265;174,6558;33,8171;-161,2322;-126,7765;33,57485;-156,6013;-126,8899;33,80194;-156,8057;0;0;0;-325,7244;-259,0136;116,9909;-338,6267;-667,233;507,8518;-162,3968;-952,2107;857,1362;71,35196;-1103,661;1100,56;-201,4315;-244,9734;154,645;-79,16267;-677,9907;625,3413;-98,71601;-884,3653;817,5642;-114,7464;-1007,119;930,0853;-132,2374;-1115,435;1027,991;-41,10502;-225,0378;201,4442;167,3693;-643,5793;693,6578;368,0777;-897,0845;1022,497;472,0043;-1048,191;1212,025;552,8265;-1183,875;1377,055;106,4519;-202,5356;240,4839;382,0504;-567,6996;708,5876;510,4461;-901,9587;1085,965;377,8023;-1007,771;1133,932;328,5488;-807,8627;919,5966;248,6634;-182,937;280,1364;580,1593;-462,8291;688,544;598,7972;-767,2343;991,6641;531,9116;-919,8732;1112,208;431,0898;-930,5262;1080,95;0;0;0;45,66192;-58,47358;99,32398;134,7613;-19,75822;164,4115;206,9213;41,62788;197,5822;252,8508;100,1301;206,0394;48,4128;-33,60271;84,21062;158,3294;1,112938;192,9331;218,8872;-9,784698;261,1885;253,4544;-14,7171;299,303;282,8607;-17,90428;331,0432;51,62734;-1,93119;64,61333;162,4389;49,48139;162,0111;223,3086;79,43343;232,3208;258,4448;97,78403;272,0489;289,0863;114,624;305,9807;53,82156;26,28136;46,33426;155,2548;89,61868;123,4045;249,0177;141,7751;197,8111;256,8812;147,9606;202,8923;205,9379;114,7899;165,5216;56,31781;53,94244;28,83911;140,1873;126,1625;77,80837;213,584;155,5738;144,413;240,3946;171,0205;165,5445;230,8016;169,8646;154,9988;12,1529;11,5792;3,802405;3,597645;38,91393;2,501738;23,54645;18,75081;15,05711;-15,47043;3,504702;3,731611;-8,36187;-8,291216;3,571441;3,794573;-9,158819;11,92207;103,3227;93,87058;-0,580809;19,82713;60,90136;55,93289;0;0;0;0;0;0;0;0;0;0;0;0;0;0;0;0;0;0;0;0;114,8483;-60,71834;0,061798;0;30,04761;125,1789;-0,200844;0,377655;-89,48019;-140,2611;0,197411;0,186253;165,3957;-9,880828;0,027466;-0,109863;79,11829;-2,533722;0;0,027466
138;2208;00:00:02:288;0;0;0;1,906306;4,37016;1,666375;2,279009;8,185099;-1,15159;0,987227;11,07022;-3,736136;-0,876566;12,77967;-5,567969;0,984482;4,084746;1,039388;-1,05839;11,35006;0,739633;-1,967828;16,1073;2,277805;-2,37079;18,69342;2,962786;-2,621563;20,79049;3,392687;-0,212686;3,715734;0,260157;-2,898082;10,73889;-0,440988;-5,438143;15,76675;-0,413974;-6,729755;18,53109;-0,565015;-7,712583;20,82826;-0,833613;-1,332939;3,374164;-0,389804;-4,415569;9,507045;-1,423729;-5,811784;14,05707;-2,89896;-3,951767;13,292;-4,843102;-3,601477;11,20084;-3,438595;-2,403342;3,045947;-1,050006;-5,716837;7,757131;-2,380673;-6,037786;11,48264;-3,705958;-5,033936;12,02385;-5,387908;-3,598277;10,63389;-6,537701;93,02059;30,52293;-162,9532;159,1831;-50,67712;110,5933;-177,2704;-50,67711;110,5932;-157,9913;-50,74907;109,9102;-157,9913;-50,74907;109,9102;92,64061;30,52293;-162,9532;69,10271;31,94226;179,4025;72,77254;31,25452;179,717;76,644;30,29229;179,9901;76,61246;30,51842;179,9277;96,1557;30,01937;-155,9864;89,68433;29,49068;-153,3526;93,32183;31,43328;-153,2224;97,3288;33,08137;-152,821;97,31078;32,86539;-152,8541;99,81114;29,06013;-148,5127;110,2436;31,1689;-152,1347;-145,8863;32,9162;-151,0952;-50,24407;30,28507;-147,732;-50,1426;30,49267;-147,5314;104,6325;26,9922;-138,1223;113,2885;32,33365;-162,1118;174,7155;33,77686;-161,1153;-126,7474;33,53074;-156,4869;-126,8605;33,75793;-156,6911;0;0;0;-325,7244;-259,0136;116,9909;-338,66;-667,1663;507,9072;-162,451;-952,1022;857,2262;71,28851;-1103,533;1100,665;-201,4315;-244,9734;154,645;-79,16267;-677,9907;625,3413;-98,69029;-884,6279;817,6434;-114,7043;-1007,524;930,1985;-132,1801;-1115,953;1028,124;-41,10502;-225,0378;201,4442;167,3693;-643,5793;693,6578;368,1413;-897,3268;1022,523;472,1014;-1048,565;1212,057;552,9505;-1184,359;1377,084;106,4519;-202,5356;240,4839;382,0504;-567,6996;708,5876;510,5439;-901,9614;1085,949;377,88;-1007,774;1133,922;328,5816;-807,8638;919,5964;248,6634;-182,937;280,1364;580,1593;-462,8291;688,544;598,9305;-767,2385;991,6627;532,0619;-919,8682;1112,269;431,1837;-930,6174;1081,11;0;0;0;0;0;0;-1,999855;4,002571;3,321648;-3,254414;6,511688;5,401611;-3,807306;7,650374;6,322861;0;0;0;0;0;0;1,543522;-15,75851;4,749298;2,524853;-24,26147;6,797791;3,441095;-31,1222;7,993697;0;0;0;0;0;0;3,815174;-14,53972;1,550674;5,830764;-22,47619;1,905441;7,44152;-29,02794;1,76239;0;0;0;0;0;0;5,865097;-0,165939;-0,944138;4,662036;-0,137329;-0,635147;1,969814;-0,068665;-0,011444;0;0;0;0;0;0;7,993697;-0,257492;-0,085831;9,020804;0,303268;3,702163;5,633354;-5,475997;9,635924;12,14544;11,5726;3,801586;3,598951;38,89652;2,511;23,54647;18,7508;15,04646;-15,41731;3,504702;3,731664;-8,371914;-8,249526;3,571441;3,794573;-9,17798;11,92322;103,3227;93,87057;-0,614212;19,82822;60,87204;55,90652;-1,044388;0,555739;0,00103;-0,000572;-0,639095;3,187065;0;0,003147;-0,602646;2,501392;0;0;-1,149673;0,069466;0,000458;-0,000916;-2,004193;0,065231;-1,758957;-1,58226;-62,66327;33,34436;0,061798;-0,034332;-38,34571;191,2239;0;0,188828;-36,15875;150,0835;0;0;-68,9804;4,167938;0,027466;-0,054932;-120,2516;3,913879;-105,5374;-94,93559
139;2224;00:00:02:304;0;0;0;1,906456;4,370461;1,665411;2,279544;8,184672;-1,153488;0,988078;11,06922;-3,73883;-0,875509;12,77832;-5,571196;0,984653;4,084946;1,038441;-1,05779;11,3503;0,736781;-1,966309;16,10846;2,272673;-2,368763;18,69498;2,956419;-2,619117;20,7923;3,385322;-0,21249;3,715809;0,259231;-2,897449;10,73894;-0,443798;-5,435198;15,76799;-0,419155;-6,72551;18,53286;-0,571479;-7,707229;20,83038;-0,84113;-1,332725;3,374143;-0,390711;-4,414948;9,506943;-1,426324;-5,810439;14,05689;-2,902493;-3,950428;13,29118;-4,846391;-3,600508;11,20024;-3,441469;-2,403108;3,045824;-1,050894;-5,716259;7,756869;-2,382912;-6,036285;11,48228;-3,708709;-5,032232;12,02302;-5,390686;-3,596842;10,63258;-6,540226;93,03736;30,52198;-162,9479;159,1863;-50,66256;110,5874;-177,2672;-50,66256;110,5874;-157,9884;-50,73449;109,9046;-157,9884;-50,73447;109,9046;92,65739;30,52198;-162,9479;69,13432;31,94569;179,4071;72,80394;31,2578;179,7212;76,67512;30,29545;179,9937;76,64364;30,52161;179,9315;96,17213;30,01667;-155,9815;89,71204;29,49038;-153,3654;93,35011;31,43294;-153,234;97,35759;33,08084;-152,8316;97,33952;32,86487;-152,8649;99,82687;29,0556;-148,5083;110,2565;31,16648;-152,1362;-145,8732;32,91358;-151,0962;-50,23153;30,28181;-147,7338;-50,13005;30,48938;-147,5332;104,6468;26,98526;-138,1191;113,298;32,33382;-162,1199;174,7253;33,77689;-161,1232;-126,7377;33,53011;-156,4948;-126,8508;33,75731;-156,699;0;0;0;-325,5732;-259,2055;117,3202;-338,2833;-667,2381;508,4296;-161,8988;-951,9805;857,8777;71,948;-1103,226;1101,381;-201,2813;-245,0848;154,9394;-78,70903;-677,9981;626,0953;-98,16811;-884,8782;818,967;-114,1414;-1007,89;931,8306;-131,5816;-1116,4;1030,005;-40,95682;-225,047;201,6933;167,8179;-643,4308;694,3393;368,648;-897,2268;1023,775;472,6398;-1048,477;1213,619;553,5146;-1184,267;1378,9;106,597;-202,4545;240,6909;382,465;-567,4219;709,1598;511,2154;-901,4859;1086,864;378,5442;-1007,253;1134,804;329,1161;-807,4739;920,3152;248,8063;-182,7671;280,3031;580,5182;-462,4327;688,9753;599,5247;-766,7031;992,4139;532,7369;-919,3151;1113,077;431,7725;-930,1642;1081,904;0;0;0;9,075164;-11,51132;19,75822;22,60637;-4,3087;31,34536;33,13422;7,30133;39,09301;39,56973;18,43643;42,94967;9,010791;-6,680489;17,66324;27,21834;-0,443459;45,24135;31,33106;-15,02037;79,41627;33,7708;-21,97838;97,92136;35,9044;-26,79634;112,8616;8,892238;-0,549316;14,94598;26,9115;8,909225;40,88974;30,40695;6,002426;75,11901;32,30095;5,298614;93,70994;33,84876;5,51033;108,9191;8,710383;4,865169;12,4197;24,87373;16,6626;34,32941;40,28892;28,53012;54,85725;39,84689;31,26525;52,90604;32,07206;23,39172;43,12706;8,574485;10,19955;9,999274;21,53492;23,78082;25,87509;35,6512;32,12642;45,07255;40,5035;33,18786;48,47145;35,33077;27,19116;47,61886;12,14427;11,57072;3,801535;3,598452;38,89678;2,510921;23,54647;18,7508;15,0472;-15,40146;3,504646;3,731664;-8,35642;-8,228793;3,571441;3,794573;-9,172133;11,92286;103,3227;93,87057;-0,602309;19,82784;60,87205;55,90652;0,015335;-0,004735;0;0;0,044231;0,95089;-0,003347;0;0,929661;1,243973;0;0;0,350819;-0,021858;-0,000458;0;0,714161;-0,022888;0,000458;-0,000229;63,58337;-33,62846;-0,061798;0,034332;40,9996;-134,1705;-0,200844;-0,188828;91,93839;-75,44517;0;0;90,02951;-5,479431;-0,054932;0,054932;163,1013;-5,28717;105,5649;94,92186
140;2240;00:00:02:320;0;0;0;1,906456;4,370461;1,665411;2,279544;8,184672;-1,153488;0,988078;11,06922;-3,73883;-0,875509;12,77832;-5,571196;0,984653;4,084946;1,038441;-1,05779;11,3503;0,736781;-1,966309;16,10846;2,272673;-2,368763;18,69498;2,956419;-2,619117;20,7923;3,385322;-0,21249;3,715809;0,259231;-2,897449;10,73894;-0,443798;-5,435198;15,76799;-0,419155;-6,72551;18,53286;-0,571479;-7,707229;20,83038;-0,84113;-1,332725;3,374143;-0,390711;-4,414948;9,506943;-1,426324;-5,810439;14,05689;-2,902493;-3,950428;13,29118;-4,846391;-3,600508;11,20024;-3,441469;-2,403108;3,045824;-1,050894;-5,716259;7,756869;-2,382912;-6,036285;11,48228;-3,708709;-5,032232;12,02302;-5,390686;-3,596842;10,63258;-6,540226;93,03736;30,52198;-162,9479;159,1863;-50,66256;110,5874;-177,2672;-50,66256;110,5874;-157,9884;-50,73449;109,9046;-157,9884;-50,73447;109,9046;92,65739;30,52198;-162,9479;69,13432;31,94569;179,4071;72,80394;31,2578;179,7212;76,67512;30,29545;179,9937;76,64364;30,52161;179,9315;96,17213;30,01667;-155,9815;89,71204;29,49038;-153,3654;93,35011;31,43294;-153,234;97,35759;33,08084;-152,8316;97,33952;32,86487;-152,8649;99,82687;29,0556;-148,5083;110,2565;31,16648;-152,1362;-145,8732;32,91358;-151,0962;-50,23153;30,28181;-147,7338;-50,13005;30,48938;-147,5332;104,6468;26,98526;-138,1191;113,298;32,33382;-162,1199;174,7253;33,77689;-161,1232;-126,7377;33,53011;-156,4948;-126,8508;33,75731;-156,699;0;0;0;-325,5822;-259,2236;117,3781;-338,3154;-667,2125;508,5435;-161,9499;-951,9206;858,0393;71,88461;-1103,145;1101,575;-201,2916;-245,0967;154,9963;-78,74499;-678,0126;626,2664;-98,25923;-884,9474;819,2749;-114,2631;-1007,983;932,2126;-131,7284;-1116,509;1030,447;-40,96852;-225,0515;201,7489;167,7798;-643,4341;694,5079;368,4713;-897,3009;1024,085;472,3851;-1048,583;1214,007;553,1934;-1184,394;1379,351;106,5842;-202,4532;240,7454;382,4277;-567,4158;709,3154;511,1346;-901,4749;1087,076;378,4638;-1007,203;1135,001;329,058;-807,4379;920,4876;248,7923;-182,7597;280,3564;580,4835;-462,417;689,1097;599,4346;-766,681;992,5789;532,6348;-919,2656;1113,244;431,6864;-930,0858;1082,055;0;0;0;-0,539303;-1,084328;3,471136;-1,925468;1,536369;6,834984;-3,065586;3,593444;9,693145;-3,803372;4,863739;11,61575;-0,61512;-0,716686;3,410339;-2,157569;-0,869751;10,26535;-5,467772;-4,148483;18,47648;-7,299899;-5,607605;22,92251;-8,806228;-6,523132;26,51596;-0,702381;-0,271797;3,334522;-2,28095;-0,19455;10,11658;-10,60295;-4,446029;18,65387;-15,28358;-6,368637;23,27156;-19,27471;-7,627486;27,06528;-0,7689;0,075817;3,265858;-2,235889;0,36335;9,338378;-4,846572;0,663757;12,71439;-4,822254;2,958297;11,83891;-3,487587;2,162933;10,34546;-0,841141;0,441313;3,198624;-2,079963;0,944138;8,062362;-5,404472;1,321792;9,899138;-6,134033;2,969742;10,00214;-5,167007;4,709243;9,086608;12,14427;11,57072;3,801535;3,598452;38,89678;2,510921;23,54647;18,7508;15,0472;-15,40146;3,504646;3,731664;-8,35642;-8,228793;3,571441;3,794573;-9,172133;11,92286;103,3227;93,87057;-0,602309;19,82784;60,87205;55,90652;0;0;0;0;0;0;0;0;0;0;0;0;0;0;0;0;0;0;0;0;-0,920105;0,2841;0;0;-2,653884;-57,05337;0,200844;0;-55,77964;-74,63836;0;0;-21,04911;1,311493;0,027466;0;-42,84968;1,373291;-0,027466;0,013733
141;2256;00:00:02:336;0;0;0;1,902844;4,373519;1,661509;2,272792;8,185037;-1,161443;0,978904;11,0659;-3,749683;-0,886148;12,77167;-5,583654;0,981253;4,086679;1,034831;-1,067332;11,35004;0,726924;-1,979369;16,10929;2,257354;-2,383742;18,69629;2,938132;-2,635659;20,79392;3,364618;-0,215613;3,715853;0,255998;-2,906527;10,7361;-0,453035;-5,442455;15,7661;-0,437671;-6,731688;18,5312;-0,595048;-7,712445;20,82863;-0,868854;-1,335588;3,372675;-0,393593;-4,42303;9,501966;-1,434416;-5,820717;14,05035;-2,91332;-3,960489;13,28429;-4,856873;-3,609509;11,19438;-3,450672;-2,405724;3,042877;-1,053441;-5,722908;7,749961;-2,389417;-6,04492;11,47433;-3,717642;-5,041256;12,01449;-5,400041;-3,605238;10,62402;-6,548764;93,09196;30,50479;-162,8718;159,2285;-50,60816;110,5976;-177,225;-50,60815;110,5976;-157,9471;-50,67978;109,9155;-157,9471;-50,67977;109,9155;92,71198;30,50479;-162,8718;69,2124;31,94377;179,4916;72,88143;31,25552;179,8046;76,75182;30,29284;-179,9244;76,72053;30,51908;-179,9863;96,22363;29,9939;-155,9074;89,82051;29,47268;-153,3329;93,46071;31,41501;-153,1972;97,47006;33,06226;-152,7911;97,45174;32,84634;-152,8248;99,87407;29,02723;-148,437;110,2912;31,14626;-152,0919;-145,8382;32,89283;-151,0509;-50,19904;30,25936;-147,6911;-50,09759;30,46685;-147,4904;104,6866;26,94991;-138,0527;113,339;32,31851;-162,0688;174,7666;33,76098;-161,071;-126,6982;33,51147;-156,4438;-126,8111;33,73881;-156,6477;0;0;0;-325,5822;-259,2236;117,3781;-338,2957;-667,2519;508,5107;-161,9178;-951,9849;857,986;71,92213;-1103,22;1101,512;-201,2916;-245,0967;154,9963;-78,74499;-678,0126;626,2664;-98,24701;-885,0328;819,3015;-114,2435;-1008,115;932,2508;-131,7021;-1116,677;1030,492;-40,96852;-225,0515;201,7489;167,7798;-643,4341;694,5079;368,2775;-897,7593;1024,18;472,0826;-1049,292;1214,137;552,799;-1185,309;1379,497;106,5842;-202,4532;240,7454;382,4277;-567,4158;709,3154;511,0008;-901,4711;1087,097;378,3574;-1007,2;1135,016;329,0131;-807,4363;920,488;248,7923;-182,7597;280,3564;580,4835;-462,417;689,1097;599,3438;-766,6781;992,5798;532,5337;-919,2623;1113,244;431,6233;-930,0835;1082,051;0;0;0;0;0;0;1,183033;-2,366066;-1,965523;1,926183;-3,856658;-3,198624;2,251625;-4,537582;-3,742218;0;0;0;0;0;0;0,733495;-5,126953;1,596451;1,177311;-7,896422;2,288818;1,577139;-10,1223;2,706527;0;0;0;0;0;0;-11,63149;-27,50587;5,659103;-18,14747;-42,52624;7,816314;-23,66638;-54,92592;8,789062;0;0;0;0;0;0;-8,028029;0,22316;1,293182;-6,381512;0,188828;0,875473;-2,692222;0,097275;0,022888;0;0;0;0;0;0;-5,447387;0,177383;0,05722;-6,062507;0,19455;-0,005722;-3,785133;0,137329;-0,286102;12,1445;11,5647;3,80186;3,596848;38,90709;2,505423;23,54647;18,75081;15,04295;-15,38413;3,504702;3,731664;-8,320601;-8,148784;3,571441;3,794625;-9,145894;11,92129;103,3227;93,87055;-0,57946;19,82709;60,87204;55,90651;0,618439;-0,32989;0;0,000572;-0,254974;1,039753;0,003347;0;2,149086;4,800567;0;0,003104;1,574364;-0,094242;0,000458;-0,000916;1,370977;-0,044746;-0,000458;-0,000458;37,10632;-19,79341;0;0,034332;-15,29846;62,38517;0,200844;0;128,9452;288,034;0;0,186253;94,46181;-5,654525;0,027466;-0,054932;82,25862;-2,684783;-0,027466;-0,027466
