Frame;Elapsed_Time_In_Milliseconds;Time;Hand_X;Hand_Y;Hand_Z;Thumb_CMC_X;Thumb_CMC_Y;Thumb_CMC_Z;Thumb_MCP_X;Thumb_MCP_Y;Thumb_MCP_Z;Thumb_DIP_X;Thumb_DIP_Y;Thumb_DIP_Z;Thumb_TIP_X;Thumb_TIP_Y;Thumb_TIP_Z;Index_CMC_X;Index_CMC_Y;Index_CMC_Z;Index_MCP_X;Index_MCP_Y;Index_MCP_Z;Index_PIP_X;Index_PIP_Y;Index_PIP_Z;Index_DIP_X;Index_DIP_Y;Index_DIP_Z;Index_TIP_X;Index_TIP_Y;Index_TIP_Z;Middle_CMC_X;Middle_CMC_Y;Middle_CMC_Z;Middle_MCP_X;Middle_MCP_Y;Middle_MCP_Z;Middle_PIP_X;Middle_PIP_Y;Middle_PIP_Z;Middle_DIP_X;Middle_DIP_Y;Middle_DIP_Z;Middle_TIP_X;Middle_TIP_Y;Middle_TIP_Z;Ring_CMC_X;Ring_CMC_Y;Ring_CMC_Z;Ring_MCP_X;Ring_MCP_Y;Ring_MCP_Z;Ring_PIP_X;Ring_PIP_Y;Ring_PIP_Z;Ring_DIP_X;Ring_DIP_Y;Ring_DIP_Z;Ring_TIP_X;Ring_TIP_Y;Ring_TIP_Z;Pinky_CMC_X;Pinky_CMC_Y;Pinky_CMC_Z;Pinky_MCP_X;Pinky_MCP_Y;Pinky_MCP_Z;Pinky_PIP_X;Pinky_PIP_Y;Pinky_PIP_Z;Pinky_DIP_X;Pinky_DIP_Y;Pinky_DIP_Z;Pinky_TIP_X;Pinky_TIP_Y;Pinky_TIP_Z;Hand_X;Hand_Y;Hand_Z;Thumb_CMC_X;Thumb_CMC_Y;Thumb_CMC_Z;Thumb_MCP_X;Thumb_MCP_Y;Thumb_MCP_Z;Thumb_DIP_X;Thumb_DIP_Y;Thumb_DIP_Z;Thumb_TIP_X;Thumb_TIP_Y;Thumb_TIP_Z;Index_CMC_X;Index_CMC_Y;Index_CMC_Z;Index_MCP_X;Index_MCP_Y;Index_MCP_Z;Index_PIP_X;Index_PIP_Y;Index_PIP_Z;Index_DIP_X;Index_DIP_Y;Index_DIP_Z;Index_TIP_X;Index_TIP_Y;Index_TIP_Z;Middle_CMC_X;Middle_CMC_Y;Middle_CMC_Z;Middle_MCP_X;Middle_MCP_Y;Middle_MCP_Z;Middle_PIP_X;Middle_PIP_Y;Middle_PIP_Z;Middle_DIP_X;Middle_DIP_Y;Middle_DIP_Z;Middle_TIP_X;Middle_TIP_Y;Middle_TIP_Z;Ring_CMC_X;Ring_CMC_Y;Ring_CMC_Z;Ring_MCP_X;Ring_MCP_Y;Ring_MCP_Z;Ring_PIP_X;Ring_PIP_Y;Ring_PIP_Z;Ring_DIP_X;Ring_DIP_Y;Ring_DIP_Z;Ring_TIP_X;Ring_TIP_Y;Ring_TIP_Z;Pinky_CMC_X;Pinky_CMC_Y;Pinky_CMC_Z;Pinky_MCP_X;Pinky_MCP_Y;Pinky_MCP_Z;Pinky_PIP_X;Pinky_PIP_Y;Pinky_PIP_Z;Pinky_DIP_X;Pinky_DIP_Y;Pinky_DIP_Z;Pinky_TIP_X;Pinky_TIP_Y;Pinky_TIP_Z;Hand_Velocity_X;Hand_Velocity_Y;Hand_Velocity_Z;Thumb_CMC_Velocity_X;Thumb_CMC_Velocity_Y;Thumb_CMC_Velocity_Z;Thumb_MCP_Velocity_X;Thumb_MCP_Velocity_Y;Thumb_MCP_Velocity_Z;Thumb_DIP_Velocity_X;Thumb_DIP_Velocity_Y;Thumb_DIP_Velocity_Z;Thumb_TIP_Velocity_X;Thumb_TIP_Velocity_Y;Thumb_TIP_Velocity_Z;Index_CMC_Velocity_X;Index_CMC_Velocity_Y;Index_CMC_Velocity_Z;Index_MCP_Velocity_X;Index_MCP_Velocity_Y;Index_MCP_Velocity_Z;Index_PIP_Velocity_X;Index_PIP_Velocity_Y;Index_PIP_Velocity_Z;Index_DIP_Velocity_X;Index_DIP_Velocity_Y;Index_DIP_Velocity_Z;Index_TIP_Velocity_X;Index_TIP_Velocity_Y;Index_TIP_Velocity_Z;Middle_CMC_Velocity_X;Middle_CMC_Velocity_Y;Middle_CMC_Velocity_Z;Middle_MCP_Velocity_X;Middle_MCP_Velocity_Y;Middle_MCP_Velocity_Z;Middle_PIP_Velocity_X;Middle_PIP_Velocity_Y;Middle_PIP_Velocity_Z;Middle_DIP_Velocity_X;Middle_DIP_Velocity_Y;Middle_DIP_Velocity_Z;Middle_TIP_Velocity_X;Middle_TIP_Velocity_Y;Middle_TIP_Velocity_Z;Ring_CMC_Velocity_X;Ring_CMC_Velocity_Y;Ring_CMC_Velocity_Z;Ring_MCP_Velocity_X;Ring_MCP_Velocity_Y;Ring_MCP_Velocity_Z;Ring_PIP_Velocity_X;Ring_PIP_Velocity_Y;Ring_PIP_Velocity_Z;Ring_DIP_Velocity_X;Ring_DIP_Velocity_Y;Ring_DIP_Velocity_Z;Ring_TIP_Velocity_X;Ring_TIP_Velocity_Y;Ring_TIP_Velocity_Z;Pinky_CMC_Velocity_X;Pinky_CMC_Velocity_Y;Pinky_CMC_Velocity_Z;Pinky_MCP_Velocity_X;Pinky_MCP_Velocity_Y;Pinky_MCP_Velocity_Z;Pinky_PIP_Velocity_X;Pinky_PIP_Velocity_Y;Pinky_PIP_Velocity_Z;Pinky_DIP_Velocity_X;Pinky_DIP_Velocity_Y;Pinky_DIP_Velocity_Z;Pinky_TIP_Velocity_X;Pinky_TIP_Velocity_Y;Pinky_TIP_Velocity_Z;Hand_Acceleration_X;Hand_Acceleration_Y;Hand_Acceleration_Z;Thumb_CMC_Acceleration_X;Thumb_CMC_Acceleration_Y;Thumb_CMC_Acceleration_Z;Thumb_MCP_Acceleration_X;Thumb_MCP_Acceleration_Y;Thumb_MCP_Acceleration_Z;Thumb_DIP_Acceleration_X;Thumb_DIP_Acceleration_Y;Thumb_DIP_Acceleration_Z;Thumb_TIP_Acceleration_X;Thumb_TIP_Acceleration_Y;Thumb_TIP_Acceleration_Z;Index_CMC_Acceleration_X;Index_CMC_Acceleration_Y;Index_CMC_Acceleration_Z;Index_MCP_Acceleration_X;Index_MCP_Acceleration_Y;Index_MCP_Acceleration_Z;Index_PIP_Acceleration_X;Index_PIP_Acceleration_Y;Index_PIP_Acceleration_Z;Index_DIP_Acceleration_X;Index_DIP_Acceleration_Y;Index_DIP_Acceleration_Z;Index_TIP_Acceleration_X;Index_TIP_Acceleration_Y;Index_TIP_Acceleration_Z;Middle_CMC_Acceleration_X;Middle_CMC_Acceleration_Y;Middle_CMC_Acceleration_Z;Middle_MCP_Acceleration_X;Middle_MCP_Acceleration_Y;Middle_MCP_Acceleration_Z;Middle_PIP_Acceleration_X;Middle_PIP_Acceleration_Y;Middle_PIP_Acceleration_Z;Middle_DIP_Acceleration_X;Middle_DIP_Acceleration_Y;Middle_DIP_Acceleration_Z;Middle_TIP_Acceleration_X;Middle_TIP_Acceleration_Y;Middle_TIP_Acceleration_Z;Ring_CMC_Acceleration_X;Ring_CMC_Acceleration_Y;Ring_CMC_Acceleration_Z;Ring_MCP_Acceleration_X;Ring_MCP_Acceleration_Y;Ring_MCP_Acceleration_Z;Ring_PIP_Acceleration_X;Ring_PIP_Acceleration_Y;Ring_PIP_Acceleration_Z;Ring_DIP_Acceleration_X;Ring_DIP_Acceleration_Y;Ring_DIP_Acceleration_Z;Ring_TIP_Acceleration_X;Ring_TIP_Acceleration_Y;Ring_TIP_Acceleration_Z;Pinky_CMC_Acceleration_X;Pinky_CMC_Acceleration_Y;Pinky_CMC_Acceleration_Z;Pinky_MCP_Acceleration_X;Pinky_MCP_Acceleration_Y;Pinky_MCP_Acceleration_Z;Pinky_PIP_Acceleration_X;Pinky_PIP_Acceleration_Y;Pinky_PIP_Acceleration_Z;Pinky_DIP_Acceleration_X;Pinky_DIP_Acceleration_Y;Pinky_DIP_Acceleration_Z;Pinky_TIP_Acceleration_X;Pinky_TIP_Acceleration_Y;Pinky_TIP_Acceleration_Z;Pinch_ThumbToIndex;Pinch_ThumbToMiddle;Pinch_ThumbToRing;Pinch_ThumbToPinky;Thumb_CMC_Spread;Thumb_CMC_Flex;Thumb_PIP_Flex;Thumb_DIP_Flex;Index_MCP_Spread;Index_MCP_Flex;Index_PIP_Flex;Index_DIP_Flex;Middle_MCP_Spread;Middle_MCP_Flex;Middle_PIP_Flex;Middle_DIP_Flex;Ring_MCP_Spread;Ring_MCP_Flex;Ring_PIP_Flex;Ring_DIP_Flex;Pinky_MCP_Spread;Pinky_MCP_Flex;Pinky_PIP_Flex;Pinky_DIP_Flex;Thumb_CMC_Spread_AngularVelocity;Thumb_CMC_Flex_AngularVelocity;Thumb_PIP_Flex_AngularVelocity;Thumb_DIP_Flex_AngularVelocity;Index_MCP_Spread_AngularVelocity;Index_MCP_Flex_AngularVelocity;Index_PIP_Flex_AngularVelocity;Index_DIP_Flex_AngularVelocity;Middle_MCP_Spread_AngularVelocity;Middle_MCP_Flex_AngularVelocity;Middle_PIP_Flex_AngularVelocity;Middle_DIP_Flex_AngularVelocity;Ring_MCP_Spread_AngularVelocity;Ring_MCP_Flex_AngularVelocity;Ring_PIP_Flex_AngularVelocity;Ring_DIP_Flex_AngularVelocity;Pinky_MCP_Spread_AngularVelocity;Pinky_MCP_Flex_AngularVelocity;Pinky_PIP_Flex_AngularVelocity;Pinky_DIP_Flex_AngularVelocity;Thumb_CMC_Spread_AngularAcceleration;Thumb_CMC_Flex_AngularAcceleration;Thumb_PIP_Flex_AngularAcceleration;Thumb_DIP_Flex_AngularAcceleration;Index_MCP_Spread_AngularAcceleration;Index_MCP_Flex_AngularAcceleration;Index_PIP_Flex_AngularAcceleration;Index_DIP_Flex_AngularAcceleration;Middle_MCP_Spread_AngularAcceleration;Middle_MCP_Flex_AngularAcceleration;Middle_PIP_Flex_AngularAcceleration;Middle_DIP_Flex_AngularAcceleration;Ring_MCP_Spread_AngularAcceleration;Ring_MCP_Flex_AngularAcceleration;Ring_PIP_Flex_AngularAcceleration;Ring_DIP_Flex_AngularAcceleration;Pinky_MCP_Spread_AngularAcceleration;Pinky_MCP_Flex_AngularAcceleration;Pinky_PIP_Flex_AngularAcceleration;Pinky_DIP_Flex_AngularAcceleration
0;0;00:00:00:000;0;0;0;-3,519914;0,050068;3,621712;-4,489016;-3,334123;6,821975;-5,120028;-6,206952;9,65414;-4,413002;-8,001719;12,10984;-2,370207;0;3,621712;-2,370207;0,05009;11,17456;-1,452469;-1,734671;15,84326;-1,724501;-3,975783;14,35228;-2,02152;-2,654773;12,67535;-0,895299;-0,03505;3,621712;-0,101118;0,01504;11,13133;0,17925;-5,108577;13,45555;-0,265118;-5,690296;10,48961;-0,359498;-3,197526;10,18589;0,443679;-0,000078;3,621712;1,958848;0,050012;10,3956;1,956898;-4,900703;10,96029;1,291642;-4,5595;8,264793;1,299567;-2,064208;8,756452;1,743431;-0,000171;3,621712;3,958467;0,049919;9,102249;3,988765;-3,889036;9,573995;3,469581;-3,655621;7,623217;3,475602;-1,393009;8,065563;0;0;0;-31,11414;-38,21325;118,3164;-28,02006;-38,21326;118,3164;-4,463734;-37,92799;118,7393;-4,463731;-37,928;118,7394;-0,379977;0;0;20,50823;11,22154;-0,273635;124,1492;10,96777;0,432645;-142,2318;10,18249;-0,181314;-142,199;10,04008;0,005292;-0,380045;6,036885;0;65,45888;6,59395;0,130771;168,9385;8,410634;-0,57241;-97,01911;8,490729;1,126778;-97,02316;8,70686;1,099868;-0,413454;12,60826;0;83,34498;12,07381;-1,420641;-173,3397;14,03063;-1,43514;-78,55447;13,04496;2,434527;-78,54193;13,30987;2,489643;-0,485496;22,00679;0;82,97962;13,36752;-1,190102;-173,7158;15,03487;-1,205828;-78,59131;14,0729;2,656634;-78,57709;14,35102;2,714563;0;0;0;0;0;0;0;0;0;0;0;0;0;0;0;0;0;0;0;0;0;0;0;0;0;0;0;0;0;0;0;0;0;0;0;0;0;0;0;0;0;0;0;0;0;0;0;0;0;0;0;0;0;0;0;0;0;0;0;0;0;0;0;0;0;0;0;0;0;0;0;0;0;0;0;0;0;0;0;0;0;0;0;0;0;0;0;0;0;0;0;0;0;0;0;0;0;0;0;0;0;0;0;0;0;0;0;0;0;0;0;0;0;0;0;0;0;0;0;0;0;0;0;0;0;0;0;0;0;0;0;0;0;0;0;0;0;0;0;0;0;0;0;0;0;0;0;0;0;0;5,884627;6,57364;8,895658;11,05718;46,60006;21,84735;3,094084;23,81747;-11,22333;20,92096;103,5061;93,73178;-6,593593;65,59959;103,5771;93,79082;-12,07378;83,49284;103,3227;93,87057;-13,36859;83,17056;103,3113;94,1456;2796,003;1310,841;185,645;1429,048;-673,4;1255,257;6210,369;5623,907;-395,6155;3935,975;6214,625;5627,449;-724,427;5009,57;6199,362;5632,234;-802,1154;4990,233;6198,676;5648,736;167760,2;78650,45;11138,7;85742,88;-40404;75315,45;372622,1;337434,4;-23736,93;236158,5;372877,5;337646,9;-43465,62;300574,2;371961,7;337934;-48126,92;299414;371920,6;338924,1
1;16,66667;00:00:00:017;0;0;0;-3,519914;0,050068;3,621712;-4,484601;-3,3324;6,82513;-5,111773;-6,203579;9,659819;-4,401801;-7,996225;12,11622;-2,370207;0;3,621712;-2,370207;0,05009;11,17456;-1,452774;-1,73467;15,84332;-1,724719;-3,975782;14,35233;-2,021626;-2,654773;12,67538;-0,895299;-0,03505;3,621712;-0,101118;0,01504;11,13133;0,181247;-5,102812;13,46798;-0,263566;-5,691891;10,50356;-0,358746;-3,199897;10,19378;0,443679;-0,000078;3,621712;1,958848;0,050012;10,3956;1,956898;-4,900703;10,96029;1,291642;-4,5595;8,264793;1,299567;-2,064208;8,756452;1,743431;-0,000171;3,621712;3,958467;0,049919;9,102249;3,988765;-3,889036;9,573995;3,469581;-3,655621;7,623217;3,475602;-1,393009;8,065563;0;0;0;-31,03864;-38,19936;118,3013;-27,94456;-38,19937;118,3013;-4,388388;-37,91454;118,7246;-4,388389;-37,91454;118,7246;-0,379977;0;0;20,50818;11,21788;-0,273861;124,1491;10,96411;0,43241;-142,2318;10,17883;-0,181541;-142,1991;10,03642;0,005064;-0,380045;6,036885;0;65,31829;6,606206;0,131526;168,7972;8,421171;-0,576178;-97,16004;8,505403;1,122862;-97,16419;8,72147;1,095412;-0,413454;12,60826;0;83,34498;12,07381;-1,420641;-173,3397;14,03063;-1,43514;-78,55447;13,04496;2,434527;-78,54193;13,30987;2,489643;-0,485496;22,00679;0;82,97962;13,36752;-1,190102;-173,7158;15,03487;-1,205828;-78,59131;14,0729;2,656634;-78,57709;14,35102;2,714563;0;0;0;0;0;0;0,264935;0,103377;0,189275;0,495359;0,202373;0,340685;0,672072;0,329644;0,382751;0;0;0;0;0;0;-0,0183;0,000078;0,003666;-0,013098;0,000045;0,002772;-0,00637;0,000011;0,00152;0;0;0;0;0;0;0,119833;0,345871;0,745654;0,093142;-0,09571;0,836805;0,045159;-0,142269;0,473365;0;0;0;0;0;0;0;0;0;0;0;0;0;0;0;0;0;0;0;0;0;0;0;0;0;0;0;0;0;0;0;0;0;0;0;0;15,89611;6,202608;11,35647;29,72156;12,14236;20,44111;40,32433;19,77861;22,96507;0;0;0;0;0;0;-1,098029;0,004694;0,219941;-0,785887;0,002682;0,166297;-0,382215;0,000671;0,091195;0;0;0;0;0;0;7,189996;20,75225;44,73924;5,58855;-5,742609;50,20827;2,709534;-8,536129;28,40191;0;0;0;0;0;0;0;0;0;0;0;0;0;0;0;0;0;0;0;0;0;0;0;0;0;0;0;0;0;0;5,874437;6,561008;8,887209;11,04825;46,55732;21,75934;3,094084;23,81747;-11,21967;20,92069;103,5061;93,73177;-6,605834;65,46009;103,5771;93,79082;-12,07378;83,49284;103,3227;93,87057;-13,36859;83,17056;103,3113;94,1456;-2,563934;-5,280647;0;0;0,22007;-0,016022;0;-0,000458;-0,73451;-8,369751;0,000458;0,000458;0;0;0;0;0;0;0;0;-167914;-78967,29;-11138,7;-85742,88;40417,2;-75316,41;-372622,1;-337434,4;23692,86;-236660,7;-372877,5;-337646,9;43465,62;-300574,2;-371961,7;-337934;48126,92;-299414;-371920,6;-338924,1
2;33,33333;00:00:00:033;0;0;0;-3,519914;0,050068;3,621712;-4,490602;-3,330139;6,825704;-5,122952;-6,199565;9,661018;-4,416708;-7,99206;12,1186;-2,370207;0;3,621712;-2,370207;0,05009;11,17456;-1,453307;-1,734667;15,84343;-1,7251;-3,975781;14,35241;-2,021811;-2,654773;12,67542;-0,895299;-0,03505;3,621712;-0,101118;0,01504;11,13133;0,18551;-5,090219;13,49485;-0,260175;-5,69523;10,53377;-0,357081;-3,204967;10,21088;0,443679;-0,000078;3,621712;1,958848;0,050012;10,3956;1,956898;-4,900703;10,96029;1,291642;-4,5595;8,264793;1,299567;-2,064208;8,756452;1,743431;-0,000171;3,621712;3,958467;0,049919;9,102249;3,988765;-3,889036;9,573995;3,469581;-3,655621;7,623217;3,475602;-1,393009;8,065563;0;0;0;-31,07194;-38,16081;118,2594;-27,97788;-38,16082;118,2594;-4,421199;-37,87579;118,6822;-4,421195;-37,8758;118,6822;-0,379977;0;0;20,50811;11,21149;-0,274256;124,1489;10,95772;0,432001;-142,2319;10,17244;-0,181936;-142,1992;10,03003;0,004665;-0,380045;6,036885;0;65,01373;6,631143;0,133064;168,491;8,442345;-0,584424;-97,46549;8,535545;1,114249;-97,4698;8,751463;1,085632;-0,413454;12,60826;0;83,34498;12,07381;-1,420641;-173,3397;14,03063;-1,43514;-78,55447;13,04496;2,434527;-78,54193;13,30987;2,489643;-0,485496;22,00679;0;82,97962;13,36752;-1,190102;-173,7158;15,03487;-1,205828;-78,59131;14,0729;2,656634;-78,57709;14,35102;2,714563;0;0;0;0;0;0;-0,360064;0,135653;0,034422;-0,670731;0,240818;0,071973;-0,894427;0,249937;0,143051;0;0;0;0;0;0;-0,031935;0,000134;0,006348;-0,022843;0,000089;0,004649;-0,011109;0,000034;0,002593;0;0;0;0;0;0;0,255788;0,755623;1,612365;0,20349;-0,200316;1,812905;0,099876;-0,30423;1,026034;0;0;0;0;0;0;0;0;0;0;0;0;0;0;0;0;0;0;0;0;0;0;0;0;0;0;0;0;0;0;0;0;0;0;0;0;-37,49996;1,936554;-9,29117;-69,96541;2,306698;-16,12276;-93,98995;-4,782378;-14,382;0;0;0;0;0;0;-0,818074;0,003353;0,160933;-0,584721;0,002682;0,112653;-0,284314;0,001341;0,064373;0;0;0;0;0;0;8,157267;24,58513;52,00267;6,620865;-6,276369;58,56602;3,283024;-9,717642;33,16014;0;0;0;0;0;0;0;0;0;0;0;0;0;0;0;0;0;0;0;0;0;0;0;0;0;0;0;0;0;0;5,876412;6,5602;8,894903;11,05727;46,53306;21,85485;3,094084;23,81748;-11,21329;20,92023;103,5062;93,73177;-6,630784;65,15784;103,5771;93,79084;-12,07378;83,49284;103,3227;93,87057;-13,36859;83,17056;103,3113;94,1456;-1,455688;5,730285;0;0,000572;0,382347;-0,02758;0,000458;0;-1,496973;-18,13522;-0,000458;0,000916;0;0;0;0;0;0;0;0;66,49474;660,6559;0;0,034332;9,736632;-0,693512;0,027466;0,027466;-45,74775;-585,9283;-0,054932;0,027466;0;0;0;0;0;0;0;0
3;50;00:00:00:050;0;0;0;-3,519914;0,050068;3,621712;-4,490602;-3,330139;6,825704;-5,122952;-6,199565;9,661018;-4,416708;-7,99206;12,1186;-2,370207;0;3,621712;-2,370207;0,05009;11,17456;-1,453307;-1,734667;15,84343;-1,7251;-3,975781;14,35241;-2,021811;-2,654773;12,67542;-0,895299;-0,03505;3,621712;-0,101118;0,01504;11,13133;0,18551;-5,090219;13,49485;-0,260175;-5,69523;10,53377;-0,357081;-3,204967;10,21088;0,443679;-0,000078;3,621712;1,958848;0,050012;10,3956;1,956898;-4,900703;10,96029;1,291642;-4,5595;8,264793;1,299567;-2,064208;8,756452;1,743431;-0,000171;3,621712;3,958467;0,049919;9,102249;3,988765;-3,889036;9,573995;3,469581;-3,655621;7,623217;3,475602;-1,393009;8,065563;0;0;0;-31,07194;-38,16081;118,2594;-27,97788;-38,16082;118,2594;-4,421199;-37,87579;118,6822;-4,421195;-37,8758;118,6822;-0,379977;0;0;20,50811;11,21149;-0,274256;124,1489;10,95772;0,432001;-142,2319;10,17244;-0,181936;-142,1992;10,03003;0,004665;-0,380045;6,036885;0;65,01373;6,631143;0,133064;168,491;8,442345;-0,584424;-97,46549;8,535545;1,114249;-97,4698;8,751463;1,085632;-0,413454;12,60826;0;83,34498;12,07381;-1,420641;-173,3397;14,03063;-1,43514;-78,55447;13,04496;2,434527;-78,54193;13,30987;2,489643;-0,485496;22,00679;0;82,97962;13,36752;-1,190102;-173,7158;15,03487;-1,205828;-78,59131;14,0729;2,656634;-78,57709;14,35102;2,714563;0;0;0;0;0;0;0;0;0;0;0;0;0;0;0;0;0;0;0;0;0;0;0;0;0;0;0;0;0;0;0;0;0;0;0;0;0;0;0;0;0;0;0;0;0;0;0;0;0;0;0;0;0;0;0;0;0;0;0;0;0;0;0;0;0;0;0;0;0;0;0;0;0;0;0;0;0;0;0;0;0;21,60385;-8,139162;-2,0653;40,24386;-14,44906;-4,318356;53,66563;-14,99623;-8,583067;0;0;0;0;0;0;1,916103;-0,008047;-0,380874;1,370609;-0,005364;-0,27895;0,666529;-0,002012;-0,155568;0;0;0;0;0;0;-15,34726;-45,33737;-96,74191;-12,20941;12,01898;-108,7743;-5,992558;18,25377;-61,56205;0;0;0;0;0;0;0;0;0;0;0;0;0;0;0;0;0;0;0;0;0;0;0;0;0;0;0;0;0;0;5,876412;6,5602;8,894903;11,05727;46,53306;21,85485;3,094084;23,81748;-11,21329;20,92023;103,5062;93,73177;-6,630784;65,15784;103,5771;93,79084;-12,07378;83,49284;103,3227;93,87057;-13,36859;83,17056;103,3113;94,1456;0;0;0;0;0;0;0;0;0;0;0;0;0;0;0;0;0;0;0;0;87,34129;-343,8171;0;-0,034332;-22,94082;1,654815;-0,027466;0;89,81837;1088,113;0,027466;-0,054932;0;0;0;0;0;0;0;0
4;66,66666;00:00:00:067;0;0;0;-3,519914;0,050068;3,621712;-4,484074;-3,32984;6,827989;-5,110767;-6,198778;9,665051;-4,400304;-7,989621;12,12263;-2,370207;0;3,621712;-2,370207;0,05009;11,17456;-1,452575;-1,734671;15,84328;-1,724576;-3,975783;14,3523;-2,021556;-2,654773;12,67536;-0,895299;-0,03505;3,621712;-0,101118;0,01504;11,13133;0,187449;-5,082398;13,51144;-0,258014;-5,697202;10,55235;-0,355864;-3,20804;10,22136;0,443679;-0,000078;3,621712;1,958848;0,050012;10,3956;1,956898;-4,900703;10,96029;1,291642;-4,5595;8,264793;1,299567;-2,064208;8,756452;1,743431;-0,000171;3,621712;3,958467;0,049919;9,102249;3,988765;-3,889036;9,573995;3,469581;-3,655621;7,623217;3,475602;-1,393009;8,065563;0;0;0;-30,9942;-38,16833;118,2675;-27,90012;-38,16836;118,2676;-4,343821;-37,88377;118,6909;-4,343819;-37,88377;118,6909;-0,379977;0;0;20,50821;11,22027;-0,273714;124,1491;10,9665;0,432562;-142,2318;10,18122;-0,181393;-142,1991;10,03881;0,005212;-0,380045;6,036885;0;64,82618;6,63174;0,133102;168,3027;8,440598;-0,590376;-97,65388;8,539322;1,107982;-97,65825;8,755146;1,078649;-0,413454;12,60826;0;83,34498;12,07381;-1,420641;-173,3397;14,03063;-1,43514;-78,55447;13,04496;2,434527;-78,54193;13,30987;2,489643;-0,485496;22,00679;0;82,97962;13,36752;-1,190102;-173,7158;15,03487;-1,205828;-78,59131;14,0729;2,656634;-78,57709;14,35102;2,714563;0;0;0;0;0;0;0,391647;0,017948;0,13715;0,731081;0,047207;0,242025;0,984259;0,146315;0,241309;0;0;0;0;0;0;0,043904;-0,00019;-0,008762;0,031415;-0,000134;-0,006437;0,015277;-0,000034;-0,003576;0;0;0;0;0;0;0,116307;0,469208;0,995278;0,129662;-0,118375;1,114324;0,073034;-0,184357;0,628531;0;0;0;0;0;0;0;0;0;0;0;0;0;0;0;0;0;0;0;0;0;0;0;0;0;0;0;0;0;0;0;0;0;0;0;0;23,49883;1,076907;8,229015;43,86484;2,832412;14,52148;59,05553;8,778869;14,47856;0;0;0;0;0;0;2,634264;-0,011399;-0,525713;1,884922;-0,008047;-0,386238;0,916645;-0,002012;-0,214577;0;0;0;0;0;0;6,978436;28,15246;59,71669;7,779747;-7,102489;66,85941;4,382058;-11,06143;37,71185;0;0;0;0;0;0;0;0;0;0;0;0;0;0;0;0;0;0;0;0;0;0;0;0;0;0;0;0;0;0;5,867245;6,544908;8,884266;11,04558;46,51013;21,73659;3,094084;23,81748;-11,22207;20,92086;103,5062;93,73177;-6,631376;64,97109;103,5771;93,79082;-12,07378;83,49284;103,3227;93,87057;-13,36859;83,17056;103,3113;94,1456;-1,376037;-7,095451;0;0;-0,5266;0,03788;0,000458;-0,000458;-0,035505;-11,20468;0;-0,000916;0;0;0;0;0;0;0;0;-82,56224;-425,727;0;0;-31,59599;2,272796;0,027466;-0,027466;-2,130318;-672,2808;0;-0,054932;0;0;0;0;0;0;0;0
5;83,33333;00:00:00:083;0;0;0;-3,519914;0,050068;3,621712;-4,472682;-3,327923;6,833409;-5,089491;-6,194802;9,674718;-4,371588;-7,981846;12,13289;-2,370207;0;3,621712;-2,370207;0,05009;11,17456;-1,450317;-1,734681;15,84283;-1,722961;-3,97579;14,35196;-2,020771;-2,654775;12,67518;-0,895299;-0,03505;3,621712;-0,101118;0,01504;11,13133;0,190795;-5,072545;13,53203;-0,255383;-5,699584;10,57561;-0,35458;-3,211836;10,23455;0,443679;-0,000078;3,621712;1,958848;0,050012;10,3956;1,956898;-4,900703;10,96029;1,291642;-4,5595;8,264793;1,299567;-2,064208;8,756452;1,743431;-0,000171;3,621712;3,958467;0,049919;9,102249;3,988765;-3,889036;9,573995;3,469581;-3,655621;7,623217;3,475602;-1,393009;8,065563;0;0;0;-30,83787;-38,1643;118,2631;-27,74381;-38,16431;118,2631;-4,188084;-37,88065;118,6875;-4,188087;-37,88064;118,6875;-0,379977;0;0;20,50854;11,24737;-0,272038;124,1498;10,99359;0,434302;-142,2314;10,20831;-0,179715;-142,1986;10,06591;0,006905;-0,380045;6,036885;0;64,5919;6,652093;0,134357;168,0672;8,457995;-0,596626;-97,88879;8,563618;1,101399;-97,89334;8,77932;1,071168;-0,413454;12,60826;0;83,34498;12,07381;-1,420641;-173,3397;14,03063;-1,43514;-78,55447;13,04496;2,434527;-78,54193;13,30987;2,489643;-0,485496;22,00679;0;82,97962;13,36752;-1,190102;-173,7158;15,03487;-1,205828;-78,59131;14,0729;2,656634;-78,57709;14,35102;2,714563;0;0;0;0;0;0;0,683539;0,115;0,325218;1,27653;0,23856;0,579938;1,722962;0,466481;0,616103;0;0;0;0;0;0;0,135468;-0,000637;-0,026822;0,096951;-0,000402;-0,020295;0,04714;-0,000123;-0,011176;0;0;0;0;0;0;0,200786;0,591248;1,235157;0,157862;-0,142917;1,395732;0,077013;-0,227764;0,791341;0;0;0;0;0;0;0;0;0;0;0;0;0;0;0;0;0;0;0;0;0;0;0;0;0;0;0;0;0;0;0;0;0;0;0;0;17,51348;5,823075;11,28405;32,72697;11,48119;20,27481;44,32217;19,20998;22,48764;0;0;0;0;0;0;5,493834;-0,026822;-1,083612;3,932118;-0,016093;-0,831485;1,911744;-0,005364;-0,455976;0;0;0;0;0;0;5,068705;7,32243;14,39273;1,691971;-1,472533;16,8845;0,238717;-2,604424;9,768607;0;0;0;0;0;0;0;0;0;0;0;0;0;0;0;0;0;0;0;0;0;0;0;0;0;0;0;0;0;0;5,847914;6,51867;8,864582;11,02426;46,44557;21,5233;3,09402;23,81746;-11,24917;20,92281;103,5061;93,73177;-6,65172;64,73863;103,5771;93,79082;-12,07378;83,49284;103,3227;93,87057;-13,36859;83,17056;103,3113;94,1456;-3,873367;-12,79747;-0,003791;-0,00103;-1,625862;0,117073;-0,001373;0,000458;-1,220655;-13,9476;0,000458;-0,000458;0;0;0;0;0;0;0;0;-149,8398;-342,1211;-0,227451;-0,061798;-65,95573;4,751586;-0,109863;0,054932;-71,109;-164,5752;0,027466;0,027466;0;0;0;0;0;0;0;0
6;100;00:00:00:100;0;0;0;-3,519914;0,050068;3,621712;-4,472682;-3,327923;6,833409;-5,089491;-6,194802;9,674718;-4,371588;-7,981846;12,13289;-2,370207;0;3,621712;-2,370207;0,05009;11,17456;-1,450317;-1,734681;15,84283;-1,722961;-3,97579;14,35196;-2,020771;-2,654775;12,67518;-0,895299;-0,03505;3,621712;-0,101118;0,01504;11,13133;0,190795;-5,072545;13,53203;-0,255383;-5,699584;10,57561;-0,35458;-3,211836;10,23455;0,443679;-0,000078;3,621712;1,958848;0,050012;10,3956;1,956898;-4,900703;10,96029;1,291642;-4,5595;8,264793;1,299567;-2,064208;8,756452;1,743431;-0,000171;3,621712;3,958467;0,049919;9,102249;3,988765;-3,889036;9,573995;3,469581;-3,655621;7,623217;3,475602;-1,393009;8,065563;0;0;0;-30,83787;-38,1643;118,2631;-27,74381;-38,16431;118,2631;-4,188084;-37,88065;118,6875;-4,188087;-37,88064;118,6875;-0,379977;0;0;20,50854;11,24737;-0,272038;124,1498;10,99359;0,434302;-142,2314;10,20831;-0,179715;-142,1986;10,06591;0,006905;-0,380045;6,036885;0;64,5919;6,652093;0,134357;168,0672;8,457995;-0,596626;-97,88879;8,563618;1,101399;-97,89334;8,77932;1,071168;-0,413454;12,60826;0;83,34498;12,07381;-1,420641;-173,3397;14,03063;-1,43514;-78,55447;13,04496;2,434527;-78,54193;13,30987;2,489643;-0,485496;22,00679;0;82,97962;13,36752;-1,190102;-173,7158;15,03487;-1,205828;-78,59131;14,0729;2,656634;-78,57709;14,35102;2,714563;0;0;0;0;0;0;0;0;0;0;0;0;0;0;0;0;0;0;0;0;0;0;0;0;0;0;0;0;0;0;0;0;0;0;0;0;0;0;0;0;0;0;0;0;0;0;0;0;0;0;0;0;0;0;0;0;0;0;0;0;0;0;0;0;0;0;0;0;0;0;0;0;0;0;0;0;0;0;0;0;0;-41,01231;-6,899982;-19,51307;-76,5918;-14,31361;-34,79629;-103,3777;-27,98885;-36,9662;0;0;0;0;0;0;-8,128098;0,038221;1,609325;-5,81704;0,02414;1,217723;-2,828389;0,007376;0,670552;0;0;0;0;0;0;-12,04714;-35,47489;-74,10942;-9,471717;8,575021;-83,74392;-4,620775;13,66585;-47,48046;0;0;0;0;0;0;0;0;0;0;0;0;0;0;0;0;0;0;0;0;0;0;0;0;0;0;0;0;0;0;5,847914;6,51867;8,864582;11,02426;46,44557;21,5233;3,09402;23,81746;-11,24917;20,92281;103,5061;93,73177;-6,65172;64,73863;103,5771;93,79082;-12,07378;83,49284;103,3227;93,87057;-13,36859;83,17056;103,3113;94,1456;-3,873367;-12,79747;-0,003791;-0,00103;-1,625862;0,117073;-0,001373;0,000458;-1,220655;-13,9476;0,000458;-0,000458;0;0;0;0;0;0;0;0;-149,8398;-342,1211;-0,227451;-0,061798;-65,95573;4,751586;-0,109863;0,054932;-71,109;-164,5752;0,027466;0,027466;0;0;0;0;0;0;0;0
7;116,6667;00:00:00:117;0;0;0;-3,519914;0,050068;3,621712;-4,481827;-3,326381;6,832304;-5,106542;-6,19224;9,672915;-4,394427;-7,980304;12,13203;-2,370207;0;3,621712;-2,370207;0,05009;11,17456;-1,473385;-1,734568;15,84736;-1,73947;-3,975718;14,35537;-2,028799;-2,654754;12,67706;-0,895299;-0,03505;3,621712;-0,101118;0,01504;11,13133;0,193103;-5,062607;13,55269;-0,252663;-5,701868;10,59883;-0,353022;-3,215573;10,24766;0,443679;-0,000078;3,621712;1,958848;0,050012;10,3956;1,956898;-4,900703;10,96029;1,291642;-4,5595;8,264793;1,299567;-2,064208;8,756452;1,743431;-0,000171;3,621712;3,958467;0,049919;9,102249;3,988765;-3,889036;9,573995;3,469581;-3,655621;7,623217;3,475602;-1,393009;8,065563;0;0;0;-30,91706;-38,12909;118,2249;-27,82299;-38,12912;118,2249;-4,266634;-37,84499;118,6486;-4,266632;-37,84499;118,6486;-0,379977;0;0;20,50525;10,97066;-0,289135;124,143;10,71694;0,416567;-142,2352;9,93161;-0,196831;-142,2032;9,789218;-0,010358;-0,380045;6,036885;0;64,35744;6,650465;0,134256;167,8318;8,45338;-0,604184;-98,12432;8,565902;1,093383;-98,12899;8,781478;1,062257;-0,413454;12,60826;0;83,34498;12,07381;-1,420641;-173,3397;14,03063;-1,43514;-78,55447;13,04496;2,434527;-78,54193;13,30987;2,489643;-0,485496;22,00679;0;82,97962;13,36752;-1,190102;-173,7158;15,03487;-1,205828;-78,59131;14,0729;2,656634;-78,57709;14,35102;2,714563;0;0;0;0;0;0;-0,548713;0,092559;-0,066295;-1,023062;0,153758;-0,108138;-1,37034;0,092536;-0,051767;0;0;0;0;0;0;-1,384053;0,006784;0,271708;-0,990551;0,004292;0,204474;-0,481702;0,001274;0,1131;0;0;0;0;0;0;0,138503;0,596255;1,240075;0,163173;-0,137016;1,393452;0,0935;-0,224233;0,786737;0;0;0;0;0;0;0;0;0;0;0;0;0;0;0;0;0;0;0;0;0;0;0;0;0;0;0;0;0;0;0;0;0;0;0;0;-32,92277;5,553513;-3,977715;-61,38369;9,225456;-6,488264;-82,22042;5,552172;-3,105998;0;0;0;0;0;0;-83,0432;0,407025;16,30246;-59,43305;0,257492;12,26842;-28,90214;0,076443;6,785988;0;0;0;0;0;0;8,310153;35,7753;74,40446;9,790397;-8,220969;83,60712;5,610007;-13,45396;47,20419;0;0;0;0;0;0;0;0;0;0;0;0;0;0;0;0;0;0;0;0;0;0;0;0;0;0;0;0;0;0;5,852755;6,525831;8,877855;11,03929;46,44234;21,67855;3,094084;23,81746;-10,97248;20,90308;103,5061;93,73177;-6,650069;64,50507;103,5771;93,79082;-12,07378;83,49284;103,3227;93,87057;-13,36859;83,17056;103,3113;94,1456;-0,193634;9,315032;0,003791;0;16,60131;-1,184234;0,000458;-0,000458;0,099077;-14,01352;-0,000916;0;0;0;0;0;0;0;0;0;220,784;1326,75;0,454903;0,061798;1093,63;-78,07845;0,109863;-0,054932;79,18394;-3,955078;-0,082397;0,027466;0;0;0;0;0;0;0;0
8;133,3333;00:00:00:133;0;0;0;-3,519914;0,050068;3,621712;-4,476435;-3,32529;6,835061;-5,09647;-6,190015;9,67784;-4,380823;-7,976164;12,13732;-2,370207;0;3,621712;-2,370207;0,05009;11,17456;-1,470343;-1,734583;15,84677;-1,737293;-3,975728;14,35493;-2,02774;-2,654757;12,67681;-0,895299;-0,03505;3,621712;-0,101118;0,01504;11,13133;0,195458;-5,05359;13,57123;-0,250232;-5,703842;10,61976;-0,351688;-3,218892;10,2595;0,443679;-0,000078;3,621712;1,958848;0,050012;10,3956;1,956898;-4,900703;10,96029;1,291642;-4,5595;8,264793;1,299567;-2,064208;8,756452;1,743431;-0,000171;3,621712;3,958467;0,049919;9,102249;3,988765;-3,889036;9,573995;3,469581;-3,655621;7,623217;3,475602;-1,393009;8,065563;0;0;0;-30,84034;-38,12489;118,2203;-27,74628;-38,12492;118,2204;-4,190178;-37,84124;118,6445;-4,19017;-37,84124;118,6445;-0,379977;0;0;20,50567;11,00713;-0,286883;124,1439;10,75341;0,418902;-142,2347;9,968083;-0,194577;-142,2026;9,82569;-0,008085;-0,380045;6,036885;0;64,14649;6,65488;0,134528;167,6199;8,455085;-0,610623;-98,33606;8,573809;1,086537;-98,3409;8,789275;1,054598;-0,413454;12,60826;0;83,34498;12,07381;-1,420641;-173,3397;14,03063;-1,43514;-78,55447;13,04496;2,434527;-78,54193;13,30987;2,489643;-0,485496;22,00679;0;82,97962;13,36752;-1,190102;-173,7158;15,03487;-1,205828;-78,59131;14,0729;2,656634;-78,57709;14,35102;2,714563;0;0;0;0;0;0;0,323541;0,065424;0,165403;0,604324;0,133462;0,29549;0,816263;0,248417;0,317574;0;0;0;0;0;0;0,182508;-0,000916;-0,035495;0,130612;-0,000581;-0,026643;0,063524;-0,00019;-0,014842;0;0;0;0;0;0;0,14128;0,541024;1,112133;0,145831;-0,118442;1,255408;0,080044;-0,199109;0,710383;0;0;0;0;0;0;0;0;0;0;0;0;0;0;0;0;0;0;0;0;0;0;0;0;0;0;0;0;0;0;0;0;0;0;0;0;52,33525;-1,628101;13,90189;97,64312;-1,217723;24,21766;131,1962;9,35286;22,16041;0;0;0;0;0;0;93,99364;-0,46201;-18,43214;67,26979;-0,292361;-13,86702;32,71355;-0,087842;-7,676481;0;0;0;0;0;0;0,166632;-3,313869;-7,676481;-1,040529;1,114458;-8,28266;-0,807345;1,5074;-4,581215;0;0;0;0;0;0;0;0;0;0;0;0;0;0;0;0;0;0;0;0;0;0;0;0;0;0;0;0;0;0;5,843408;6,510898;8,868391;11,02908;46,40854;21,57676;3,09402;23,81747;-11,00897;20,90565;103,5061;93,73177;-6,654491;64,29514;103,5771;93,79083;-12,07378;83,49284;103,3227;93,87057;-13,36859;83,17056;103,3113;94,1456;-2,028122;-6,107368;-0,003791;0,000458;-2,189312;0,154495;0;0;-0,265331;-12,59582;0,000916;0,000916;0;0;0;0;0;0;0;0;-110,0693;-925,3439;-0,454903;0,027466;-1127,438;80,32378;-0,027466;0,027466;-21,86451;85,06164;0,109863;0,054932;0;0;0;0;0;0;0;0
9;150;00:00:00:150;0;0;0;-3,519914;0,050068;3,621712;-4,480249;-3,317314;6,842284;-5,103516;-6,175251;9,691182;-4,389846;-7,957008;12,15442;-2,370207;0;3,621712;-2,370207;0,05009;11,17456;-1,474572;-1,734563;15,84759;-1,740319;-3,975715;14,35554;-2,029212;-2,654753;12,67716;-0,895299;-0,03505;3,621712;-0,101118;0,01504;11,13133;0,200036;-5,03739;13,60405;-0,24592;-5,707161;10,65698;-0,349402;-3,224684;10,28061;0,443679;-0,000078;3,621712;1,958848;0,050012;10,3956;1,956898;-4,900703;10,96029;1,291642;-4,5595;8,264793;1,299567;-2,064208;8,756452;1,743431;-0,000171;3,621712;3,958467;0,049919;9,102249;3,988765;-3,889036;9,573995;3,469581;-3,655621;7,623217;3,475602;-1,393009;8,065563;0;0;0;-30,76385;-38,0189;118,1054;-27,66979;-38,01891;118,1054;-4,112995;-37,73568;118,5294;-4,112991;-37,73567;118,5294;-0,379977;0;0;20,50508;10,95642;-0,290013;124,1427;10,70271;0,415657;-142,2354;9,917377;-0,19771;-142,2035;9,774985;-0,011245;-0,380045;6,036885;0;63,77151;6,670873;0,135513;167,2432;8,466194;-0,621556;-98,71243;8,595949;1,07485;-98,71747;8,811202;1,04148;-0,413454;12,60826;0;83,34498;12,07381;-1,420641;-173,3397;14,03063;-1,43514;-78,55447;13,04496;2,434527;-78,54193;13,30987;2,489643;-0,485496;22,00679;0;82,97962;13,36752;-1,190102;-173,7158;15,03487;-1,205828;-78,59131;14,0729;2,656634;-78,57709;14,35102;2,714563;0;0;0;0;0;0;-0,228882;0,478551;0,433356;-0,422739;0,885889;0,800505;-0,541404;1,149326;1,025945;0;0;0;0;0;0;-0,253731;0,001252;0,049263;-0,181586;0,000782;0,037014;-0,088312;0,000257;0,020564;0;0;0;0;0;0;0,274675;0,97201;1,969099;0,258727;-0,199132;2,233609;0,137181;-0,347547;1,266494;0;0;0;0;0;0;0;0;0;0;0;0;0;0;0;0;0;0;0;0;0;0;0;0;0;0;0;0;0;0;0;0;0;0;0;0;-33,14539;24,78763;16,07716;-61,62374;45,1456;30,30091;-81,46002;54,05455;42,50227;0;0;0;0;0;0;-26,17433;0,130087;5,085468;-18,73187;0,081807;3,819465;-9,110122;0,026822;2,124309;0;0;0;0;0;0;8,003711;25,85917;51,41794;6,77375;-4,841388;58,69209;3,428198;-8,906274;33,36667;0;0;0;0;0;0;0;0;0;0;0;0;0;0;0;0;0;0;0;0;0;0;0;0;0;0;0;0;0;0;5,8275;6,498559;8,867961;11,03042;46,2766;21,60395;3,09402;23,81748;-10,95824;20,90207;103,5062;93,73177;-6,670474;63,92234;103,5771;93,79085;-12,07378;83,49284;103,3227;93,87057;-13,36859;83,17056;103,3113;94,1456;-7,916564;1,631813;0;0,000572;3,043499;-0,21492;0,000458;0;-0,958986;-22,36816;0;0,000916;0;0;0;0;0;0;0;0;-353,3065;464,3508;0,227451;0,006866;313,9686;-22,16491;0,027466;0;-41,61929;-586,3403;-0,054932;0;0;0;0;0;0;0;0;0
10;166,6667;00:00:00:167;0;0;0;-3,519914;0,050068;3,621712;-4,480249;-3,317314;6,842284;-5,103516;-6,175251;9,691182;-4,389846;-7,957008;12,15442;-2,370207;0;3,621712;-2,370207;0,05009;11,17456;-1,474572;-1,734563;15,84759;-1,740319;-3,975715;14,35554;-2,029212;-2,654753;12,67716;-0,895299;-0,03505;3,621712;-0,101118;0,01504;11,13133;0,200036;-5,03739;13,60405;-0,24592;-5,707161;10,65698;-0,349402;-3,224684;10,28061;0,443679;-0,000078;3,621712;1,958848;0,050012;10,3956;1,956898;-4,900703;10,96029;1,291642;-4,5595;8,264793;1,299567;-2,064208;8,756452;1,743431;-0,000171;3,621712;3,958467;0,049919;9,102249;3,988765;-3,889036;9,573995;3,469581;-3,655621;7,623217;3,475602;-1,393009;8,065563;0;0;0;-30,76385;-38,0189;118,1054;-27,66979;-38,01891;118,1054;-4,112995;-37,73568;118,5294;-4,112991;-37,73567;118,5294;-0,379977;0;0;20,50508;10,95642;-0,290013;124,1427;10,70271;0,415657;-142,2354;9,917377;-0,19771;-142,2035;9,774985;-0,011245;-0,380045;6,036885;0;63,77151;6,670873;0,135513;167,2432;8,466194;-0,621556;-98,71243;8,595949;1,07485;-98,71747;8,811202;1,04148;-0,413454;12,60826;0;83,34498;12,07381;-1,420641;-173,3397;14,03063;-1,43514;-78,55447;13,04496;2,434527;-78,54193;13,30987;2,489643;-0,485496;22,00679;0;82,97962;13,36752;-1,190102;-173,7158;15,03487;-1,205828;-78,59131;14,0729;2,656634;-78,57709;14,35102;2,714563;0;0;0;0;0;0;0;0;0;0;0;0;0;0;0;0;0;0;0;0;0;0;0;0;0;0;0;0;0;0;0;0;0;0;0;0;0;0;0;0;0;0;0;0;0;0;0;0;0;0;0;0;0;0;0;0;0;0;0;0;0;0;0;0;0;0;0;0;0;0;0;0;0;0;0;0;0;0;0;0;0;13,73291;-28,71305;-26,00134;25,36431;-53,15334;-48,03032;32,48423;-68,95958;-61,55669;0;0;0;0;0;0;15,22388;-0,075102;-2,955794;10,89513;-0,046939;-2,220869;5,298703;-0,015423;-1,233816;0;0;0;0;0;0;-16,4805;-58,32061;-118,1459;-15,52362;11,9479;-134,0166;-8,23086;20,85283;-75,98965;0;0;0;0;0;0;0;0;0;0;0;0;0;0;0;0;0;0;0;0;0;0;0;0;0;0;0;0;0;0;5,8275;6,498559;8,867961;11,03042;46,2766;21,60395;3,09402;23,81748;-10,95824;20,90207;103,5062;93,73177;-6,670474;63,92234;103,5771;93,79085;-12,07378;83,49284;103,3227;93,87057;-13,36859;83,17056;103,3113;94,1456;-7,916564;1,631813;0;0,000572;3,043499;-0,21492;0,000458;0;-0,958986;-22,36816;0;0,000916;0;0;0;0;0;0;0;0;-353,3065;464,3508;0,227451;0,006866;313,9686;-22,16491;0,027466;0;-41,61929;-586,3403;-0,054932;0;0;0;0;0;0;0;0;0
11;183,3333;00:00:00:183;0;0;0;-3,519914;0,050068;3,621712;-4,467552;-3,310997;6,852627;-5,079766;-6,163014;9,709842;-4,352121;-7,935147;12,17594;-2,370207;0;3,621712;-2,370207;0,05009;11,17456;-1,473871;-1,734566;15,84746;-1,739818;-3,975717;14,35544;-2,028968;-2,654753;12,6771;-0,895299;-0,03505;3,621712;-0,101118;0,01504;11,13133;0,202176;-5,029209;13,62043;-0,24375;-5,708728;10,6756;-0,348218;-3,227529;10,29116;0,443679;-0,000078;3,621712;1,958848;0,050012;10,3956;1,956898;-4,900703;10,96029;1,291642;-4,5595;8,264793;1,299567;-2,064208;8,756452;1,743431;-0,000171;3,621712;3,958467;0,049919;9,102249;3,988765;-3,889036;9,573995;3,469581;-3,655621;7,623217;3,475602;-1,393009;8,065563;0;0;0;-30,52798;-37,96261;118,0446;-27,43392;-37,96262;118,0446;-3,766144;-37,68076;118,4698;-3,766154;-37,68076;118,4698;-0,379977;0;0;20,50518;10,96484;-0,289494;124,1429;10,71112;0,416193;-142,2352;9,925786;-0,197191;-142,2033;9,783393;-0,010722;-0,380045;6,036885;0;63,58402;6,675791;0,135819;167,0549;8,468639;-0,627195;-98,9007;8,603909;1,068793;-98,90583;8,819052;1,034707;-0,413454;12,60826;0;83,34498;12,07381;-1,420641;-173,3397;14,03063;-1,43514;-78,55447;13,04496;2,434527;-78,54193;13,30987;2,489643;-0,485496;22,00679;0;82,97962;13,36752;-1,190102;-173,7158;15,03487;-1,205828;-78,59131;14,0729;2,656634;-78,57709;14,35102;2,714563;0;0;0;0;0;0;0,761837;0,379019;0,620574;1,424968;0,734165;1,119599;2,263494;1,311689;1,290768;0;0;0;0;0;0;0,042077;-0,000212;-0,008136;0,030108;-0,000134;-0,00608;0,01464;-0,000045;-0,003397;0;0;0;0;0;0;0,128422;0,490867;0,983208;0,130232;-0,094056;1,116916;0,07102;-0,170656;0,63327;0;0;0;0;0;0;0;0;0;0;0;0;0;0;0;0;0;0;0;0;0;0;0;0;0;0;0;0;0;0;0;0;0;0;0;0;45,7102;22,74111;37,23442;85,49809;44,04991;67,17591;135,8096;78,70136;77,44609;0;0;0;0;0;0;2,524629;-0,01274;-0,488162;1,806468;-0,008047;-0,36478;0,878423;-0,002682;-0,203848;0;0;0;0;0;0;7,705315;29,45199;58,9925;7,813945;-5,643367;67,01498;4,261191;-10,23933;37,99617;0;0;0;0;0;0;0;0;0;0;0;0;0;0;0;0;0;0;0;0;0;0;0;0;0;0;0;0;0;0;5,790576;6,461059;8,837556;10,99854;46,13107;21,34661;3,09402;23,92884;-10,96667;20,90266;103,5062;93,73176;-6,675382;63,73579;103,5771;93,79082;-12,07378;83,49284;103,3227;93,87057;-13,36859;83,17056;103,3113;94,1456;-8,731613;-15,44083;0;6,681633;-0,505314;0,035706;0,000458;-0,000458;-0,294485;-11,19324;0;-0,001373;0;0;0;0;0;0;0;0;-48,90292;-1024,358;0;400,8636;-212,9287;15,03753;0;-0,027466;39,87007;670,4955;0;-0,137329;0;0;0;0;0;0;0;0
12;200;00:00:00:200;0;0;0;-3,519914;0,050068;3,621712;-4,467552;-3,310997;6,852627;-5,079766;-6,163014;9,709842;-4,352121;-7,935147;12,17594;-2,370207;0;3,621712;-2,370207;0,05009;11,17456;-1,473871;-1,734566;15,84746;-1,739818;-3,975717;14,35544;-2,028968;-2,654753;12,6771;-0,895299;-0,03505;3,621712;-0,101118;0,01504;11,13133;0,202176;-5,029209;13,62043;-0,24375;-5,708728;10,6756;-0,348218;-3,227529;10,29116;0,443679;-0,000078;3,621712;1,958848;0,050012;10,3956;1,956898;-4,900703;10,96029;1,291642;-4,5595;8,264793;1,299567;-2,064208;8,756452;1,743431;-0,000171;3,621712;3,958467;0,049919;9,102249;3,988765;-3,889036;9,573995;3,469581;-3,655621;7,623217;3,475602;-1,393009;8,065563;0;0;0;-30,52798;-37,96261;118,0446;-27,43392;-37,96262;118,0446;-3,766144;-37,68076;118,4698;-3,766154;-37,68076;118,4698;-0,379977;0;0;20,50518;10,96484;-0,289494;124,1429;10,71112;0,416193;-142,2352;9,925786;-0,197191;-142,2033;9,783393;-0,010722;-0,380045;6,036885;0;63,58402;6,675791;0,135819;167,0549;8,468639;-0,627195;-98,9007;8,603909;1,068793;-98,90583;8,819052;1,034707;-0,413454;12,60826;0;83,34498;12,07381;-1,420641;-173,3397;14,03063;-1,43514;-78,55447;13,04496;2,434527;-78,54193;13,30987;2,489643;-0,485496;22,00679;0;82,97962;13,36752;-1,190102;-173,7158;15,03487;-1,205828;-78,59131;14,0729;2,656634;-78,57709;14,35102;2,714563;0;0;0;0;0;0;0;0;0;0;0;0;0;0;0;0;0;0;0;0;0;0;0;0;0;0;0;0;0;0;0;0;0;0;0;0;0;0;0;0;0;0;0;0;0;0;0;0;0;0;0;0;0;0;0;0;0;0;0;0;0;0;0;0;0;0;0;0;0;0;0;0;0;0;0;0;0;0;0;0;0;-45,7102;-22,74111;-37,23442;-85,49809;-44,04991;-67,17591;-135,8096;-78,70136;-77,44609;0;0;0;0;0;0;-2,524629;0,01274;0,488162;-1,806468;0,008047;0,36478;-0,878423;0,002682;0,203848;0;0;0;0;0;0;-7,705315;-29,45199;-58,9925;-7,813945;5,643367;-67,01498;-4,261191;10,23933;-37,99617;0;0;0;0;0;0;0;0;0;0;0;0;0;0;0;0;0;0;0;0;0;0;0;0;0;0;0;0;0;0;5,790576;6,461059;8,837556;10,99854;46,13107;21,34661;3,09402;23,92884;-10,96667;20,90266;103,5062;93,73176;-6,675382;63,73579;103,5771;93,79082;-12,07378;83,49284;103,3227;93,87057;-13,36859;83,17056;103,3113;94,1456;-8,731613;-15,44083;0;6,681633;-0,505314;0,035706;0,000458;-0,000458;-0,294485;-11,19324;0;-0,001373;0;0;0;0;0;0;0;0;-48,90292;-1024,358;0;400,8636;-212,9287;15,03753;0;-0,027466;39,87007;670,4955;0;-0,137329;0;0;0;0;0;0;0;0
13;216,6667;00:00:00:217;0;0;0;-3,519914;0,050068;3,621712;-4,474914;-3,301199;6,860627;-5,093414;-6,144972;9,724697;-4,359029;-7,906991;12,19603;-2,370207;0;3,621712;-2,370207;0,05009;11,17456;-1,476682;-1,734551;15,848;-1,74183;-3,975708;14,35585;-2,029947;-2,654751;12,67733;-0,895299;-0,03505;3,621712;-0,101118;0,01504;11,13133;0,205504;-5,018904;13,6408;-0,241051;-5,710602;10,6989;-0,34688;-3,231037;10,30442;0,443679;-0,000078;3,621712;1,958848;0,050012;10,3956;1,956898;-4,900703;10,96029;1,291642;-4,5595;8,264793;1,299567;-2,064208;8,756452;1,743431;-0,000171;3,621712;3,958467;0,049919;9,102249;3,988765;-3,889036;9,573995;3,469581;-3,655621;7,623217;3,475602;-1,393009;8,065563;0;0;0;-30,46551;-37,82782;117,8995;-27,37144;-37,82784;117,8996;-3,479918;-37,54636;118,3243;-3,479915;-37,54636;118,3243;-0,379977;0;0;20,50478;10,93112;-0,291575;124,1421;10,67741;0,414037;-142,2357;9,892076;-0,199275;-142,2039;9,749684;-0,012822;-0,380045;6,036885;0;63,3497;6,695216;0,137015;166,8194;8,484949;-0,633438;-99,13569;8,627104;1,062063;-99,14103;8,842104;1,027082;-0,413454;12,60826;0;83,34498;12,07381;-1,420641;-173,3397;14,03063;-1,43514;-78,55447;13,04496;2,434527;-78,54193;13,30987;2,489643;-0,485496;22,00679;0;82,97962;13,36752;-1,190102;-173,7158;15,03487;-1,205828;-78,59131;14,0729;2,656634;-78,57709;14,35102;2,714563;0;0;0;0;0;0;-0,441715;0,587896;0,480026;-0,818878;1,082539;0,891343;-0,414468;1,689389;1,205921;0;0;0;0;0;0;-0,168705;0,000883;0,032634;-0,120744;0,000559;0,024587;-0,058718;0,000168;0,01359;0;0;0;0;0;0;0,199651;0,618249;1,222193;0,16193;-0,112429;1,398101;0,080271;-0,210509;0,795677;0;0;0;0;0;0;0;0;0;0;0;0;0;0;0;0;0;0;0;0;0;0;0;0;0;0;0;0;0;0;0;0;0;0;0;0;-26,50291;35,27372;28,80156;-49,1327;64,95236;53,48056;-24,8681;101,3634;72,35526;0;0;0;0;0;0;-10,12232;0,052974;1,958012;-7,244646;0,033528;1,475215;-3,523081;0,010058;0,815392;0;0;0;0;0;0;11,97908;37,09494;73,33158;9,715797;-6,745755;83,88608;4,816241;-12,63052;47,74063;0;0;0;0;0;0;0;0;0;0;0;0;0;0;0;0;0;0;0;0;0;0;0;0;0;0;0;0;0;0;5,765613;6,445158;8,831113;10,99428;45,97669;21,42828;3,09402;24,15154;-10,93294;20,90028;103,5061;93,73177;-6,694832;63,50328;103,5771;93,79081;-12,07378;83,49284;103,3227;93,87057;-13,36859;83,17056;103,3113;94,1456;-9,262847;4,900131;0;13,36178;2,023716;-0,143051;-0,000916;0,000916;-1,166983;-13,95035;-0,000458;-0,000916;0;0;0;0;0;0;0;0;-31,87403;1220,457;0;400,8087;151,7418;-10,7254;-0,082397;0,082397;-52,34985;-165,4266;-0,027466;0,027466;0;0;0;0;0;0;0;0
14;233,3333;00:00:00:233;0;0;0;-3,519914;0,050068;3,621712;-4,474914;-3,301199;6,860627;-5,093414;-6,144972;9,724697;-4,359029;-7,906991;12,19603;-2,370207;0;3,621712;-2,370207;0,05009;11,17456;-1,476682;-1,734551;15,848;-1,74183;-3,975708;14,35585;-2,029947;-2,654751;12,67733;-0,895299;-0,03505;3,621712;-0,101118;0,01504;11,13133;0,205504;-5,018904;13,6408;-0,241051;-5,710602;10,6989;-0,34688;-3,231037;10,30442;0,443679;-0,000078;3,621712;1,958848;0,050012;10,3956;1,956898;-4,900703;10,96029;1,291642;-4,5595;8,264793;1,299567;-2,064208;8,756452;1,743431;-0,000171;3,621712;3,958467;0,049919;9,102249;3,988765;-3,889036;9,573995;3,469581;-3,655621;7,623217;3,475602;-1,393009;8,065563;0;0;0;-30,46551;-37,82782;117,8995;-27,37144;-37,82784;117,8996;-3,479918;-37,54636;118,3243;-3,479915;-37,54636;118,3243;-0,379977;0;0;20,50478;10,93112;-0,291575;124,1421;10,67741;0,414037;-142,2357;9,892076;-0,199275;-142,2039;9,749684;-0,012822;-0,380045;6,036885;0;63,3497;6,695216;0,137015;166,8194;8,484949;-0,633438;-99,13569;8,627104;1,062063;-99,14103;8,842104;1,027082;-0,413454;12,60826;0;83,34498;12,07381;-1,420641;-173,3397;14,03063;-1,43514;-78,55447;13,04496;2,434527;-78,54193;13,30987;2,489643;-0,485496;22,00679;0;82,97962;13,36752;-1,190102;-173,7158;15,03487;-1,205828;-78,59131;14,0729;2,656634;-78,57709;14,35102;2,714563;0;0;0;0;0;0;0;0;0;0;0;0;0;0;0;0;0;0;0;0;0;0;0;0;0;0;0;0;0;0;0;0;0;0;0;0;0;0;0;0;0;0;0;0;0;0;0;0;0;0;0;0;0;0;0;0;0;0;0;0;0;0;0;0;0;0;0;0;0;0;0;0;0;0;0;0;0;0;0;0;0;26,50291;-35,27372;-28,80156;49,1327;-64,95236;-53,48056;24,8681;-101,3634;-72,35526;0;0;0;0;0;0;10,12232;-0,052974;-1,958012;7,244646;-0,033528;-1,475215;3,523081;-0,010058;-0,815392;0;0;0;0;0;0;-11,97908;-37,09494;-73,33158;-9,715797;6,745755;-83,88608;-4,816241;12,63052;-47,74063;0;0;0;0;0;0;0;0;0;0;0;0;0;0;0;0;0;0;0;0;0;0;0;0;0;0;0;0;0;0;5,765613;6,445158;8,831113;10,99428;45,97669;21,42828;3,09402;24,15154;-10,93294;20,90028;103,5061;93,73177;-6,694832;63,50328;103,5771;93,79081;-12,07378;83,49284;103,3227;93,87057;-13,36859;83,17056;103,3113;94,1456;0;0;0;0;0;0;0;0;0;0;0;0;0;0;0;0;0;0;0;0;555,7708;-294,0078;0;-801,7066;-121,423;8,583068;0,054932;-0,054932;70,01895;837,0208;0,027466;0,054932;0;0;0;0;0;0;0;0
15;250;00:00:00:250;0;0;0;-3,519914;0,050068;3,621712;-4,472677;-3,28638;6,876547;-5,089108;-6,117226;9,753839;-4,345603;-7,865739;12,23203;-2,370207;0;3,621712;-2,370207;0,05009;11,17456;-1,479532;-1,734537;15,84855;-1,74387;-3,975699;14,35626;-2,030939;-2,654748;12,67756;-0,895299;-0,03505;3,621712;-0,101118;0,01504;11,13133;0,208545;-5,003295;13,6715;-0,236938;-5,713229;10,73379;-0,344433;-3,23619;10,32418;0,443679;-0,000078;3,621712;1,958848;0,050012;10,3956;1,956898;-4,900703;10,96029;1,291642;-4,5595;8,264793;1,299567;-2,064208;8,756452;1,743431;-0,000171;3,621712;3,958467;0,049919;9,102249;3,988765;-3,889036;9,573995;3,469581;-3,655621;7,623217;3,475602;-1,393009;8,065563;0;0;0;-30,22353;-37,64788;117,7069;-27,12946;-37,64789;117,7069;-3,098007;-37,36784;118,1321;-3,098;-37,36785;118,1321;-0,379977;0;0;20,50438;10,89696;-0,293683;124,1413;10,64326;0,411851;-142,2361;9,857912;-0,201384;-142,2044;9,715523;-0,01495;-0,380045;6,036885;0;62,998;6,684776;0,136371;166,4664;8,469777;-0,645147;-99,48914;8,62227;1,04939;-99,49463;8,837052;1,013069;-0,413454;12,60826;0;83,34498;12,07381;-1,420641;-173,3397;14,03063;-1,43514;-78,55447;13,04496;2,434527;-78,54193;13,30987;2,489643;-0,485496;22,00679;0;82,97962;13,36752;-1,190102;-173,7158;15,03487;-1,205828;-78,59131;14,0729;2,656634;-78,57709;14,35102;2,714563;0;0;0;0;0;0;0,1342;0,889152;0,955179;0,258386;1,664758;1,748443;0,805579;2,475098;2,159759;0;0;0;0;0;0;-0,171013;0,000861;0,032991;-0,122398;0,000536;0,024766;-0,059534;0,000168;0,013769;0;0;0;0;0;0;0,182468;0,93656;1,842052;0,246769;-0,157625;2,093196;0,146848;-0,309192;1,185357;0;0;0;0;0;0;0;0;0;0;0;0;0;0;0;0;0;0;0;0;0;0;0;0;0;0;0;0;0;0;0;0;0;0;0;0;8,05199;53,34914;57,31075;15,50317;99,88546;104,9066;48,33474;148,5058;129,5855;0;0;0;0;0;0;-10,26079;0,051633;1,97947;-7,343887;0,032187;1,485944;-3,572031;0,010058;0,82612;0;0;0;0;0;0;10,9481;56,19361;110,5231;14,80613;-9,457467;125,5917;8,810887;-18,5515;71,12144;0;0;0;0;0;0;0;0;0;0;0;0;0;0;0;0;0;0;0;0;0;0;0;0;0;0;0;0;0;0;5,719317;6,409522;8,809391;10,97392;45,70939;21,31595;3,094084;24,29073;-10,8988;20,8979;103,5062;93,73176;-6,684395;63,15244;103,5771;93,79082;-12,07378;83,49284;103,3227;93,87057;-13,36859;83,17056;103,3113;94,1456;-16,03798;-6,739425;0,003791;8,35144;2,048321;-0,143051;0,000458;-0,000916;0,626192;-21,05072;0;0,000916;0;0;0;0;0;0;0;0;-962,2787;-404,3655;0,227451;501,0864;122,8992;-8,583068;0,027466;-0,054932;37,57152;-1263,043;0;0,054932;0;0;0;0;0;0;0;0
16;266,6667;00:00:00:267;0;0;0;-3,519914;0,050068;3,621712;-4,472677;-3,28638;6,876547;-5,089108;-6,117226;9,753839;-4,345603;-7,865739;12,23203;-2,370207;0;3,621712;-2,370207;0,05009;11,17456;-1,479532;-1,734537;15,84855;-1,74387;-3,975699;14,35626;-2,030939;-2,654748;12,67756;-0,895299;-0,03505;3,621712;-0,101118;0,01504;11,13133;0,208545;-5,003295;13,6715;-0,236938;-5,713229;10,73379;-0,344433;-3,23619;10,32418;0,443679;-0,000078;3,621712;1,958848;0,050012;10,3956;1,956898;-4,900703;10,96029;1,291642;-4,5595;8,264793;1,299567;-2,064208;8,756452;1,743431;-0,000171;3,621712;3,958467;0,049919;9,102249;3,988765;-3,889036;9,573995;3,469581;-3,655621;7,623217;3,475602;-1,393009;8,065563;0;0;0;-30,22353;-37,64788;117,7069;-27,12946;-37,64789;117,7069;-3,098007;-37,36784;118,1321;-3,098;-37,36785;118,1321;-0,379977;0;0;20,50438;10,89696;-0,293683;124,1413;10,64326;0,411851;-142,2361;9,857912;-0,201384;-142,2044;9,715523;-0,01495;-0,380045;6,036885;0;62,998;6,684776;0,136371;166,4664;8,469777;-0,645147;-99,48914;8,62227;1,04939;-99,49463;8,837052;1,013069;-0,413454;12,60826;0;83,34498;12,07381;-1,420641;-173,3397;14,03063;-1,43514;-78,55447;13,04496;2,434527;-78,54193;13,30987;2,489643;-0,485496;22,00679;0;82,97962;13,36752;-1,190102;-173,7158;15,03487;-1,205828;-78,59131;14,0729;2,656634;-78,57709;14,35102;2,714563;0;0;0;0;0;0;0;0;0;0;0;0;0;0;0;0;0;0;0;0;0;0;0;0;0;0;0;0;0;0;0;0;0;0;0;0;0;0;0;0;0;0;0;0;0;0;0;0;0;0;0;0;0;0;0;0;0;0;0;0;0;0;0;0;0;0;0;0;0;0;0;0;0;0;0;0;0;0;0;0;0;-8,05199;-53,34914;-57,31075;-15,50317;-99,88546;-104,9066;-48,33474;-148,5058;-129,5855;0;0;0;0;0;0;10,26079;-0,051633;-1,97947;7,343887;-0,032187;-1,485944;3,572031;-0,010058;-0,82612;0;0;0;0;0;0;-10,9481;-56,19361;-110,5231;-14,80613;9,457467;-125,5917;-8,810887;18,5515;-71,12144;0;0;0;0;0;0;0;0;0;0;0;0;0;0;0;0;0;0;0;0;0;0;0;0;0;0;0;0;0;0;5,719317;6,409522;8,809391;10,97392;45,70939;21,31595;3,094084;24,29073;-10,8988;20,8979;103,5062;93,73176;-6,684395;63,15244;103,5771;93,79082;-12,07378;83,49284;103,3227;93,87057;-13,36859;83,17056;103,3113;94,1456;-16,03798;-6,739425;0,003791;8,35144;2,048321;-0,143051;0,000458;-0,000916;0,626192;-21,05072;0;0,000916;0;0;0;0;0;0;0;0;-962,2787;-404,3655;0,227451;501,0864;122,8992;-8,583068;0,027466;-0,054932;37,57152;-1263,043;0;0,054932;0;0;0;0;0;0;0;0
17;283,3333;00:00:00:283;0;0;0;-3,519914;0,050068;3,621712;-4,457368;-3,270751;6,896912;-5,060403;-6,087527;9,790803;-4,303446;-7,821143;12,27538;-2,370207;0;3,621712;-2,370207;0,05009;11,17456;-1,480938;-1,73453;15,84882;-1,744876;-3,975694;14,35647;-2,031428;-2,654747;12,67767;-0,895299;-0,03505;3,621712;-0,101118;0,01504;11,13133;0,210636;-4,995943;13,68572;-0,23503;-5,714382;10,7501;-0,343434;-3,238556;10,33347;0,443679;-0,000078;3,621712;1,958848;0,050012;10,3956;1,956898;-4,900703;10,96029;1,291642;-4,5595;8,264793;1,299567;-2,064208;8,756452;1,743431;-0,000171;3,621712;3,958467;0,049919;9,102249;3,988765;-3,889036;9,573995;3,469581;-3,655621;7,623217;3,475602;-1,393009;8,065563;0;0;0;-29,82631;-37,48172;117,5302;-26,73224;-37,48173;117,5302;-2,64504;-37,20401;117,9569;-2,645023;-37,20402;117,9569;-0,379977;0;0;20,50418;10,8801;-0,294723;124,1408;10,62641;0,410774;-142,2364;9,84106;-0,202424;-142,2047;9,698668;-0,016;-0,380045;6,036885;0;62,83393;6,693524;0,136911;166,3015;8,476298;-0,649786;-99,65377;8,633605;1,044341;-99,65939;8,848282;1,007394;-0,413454;12,60826;0;83,34498;12,07381;-1,420641;-173,3397;14,03063;-1,43514;-78,55447;13,04496;2,434527;-78,54193;13,30987;2,489643;-0,485496;22,00679;0;82,97962;13,36752;-1,190102;-173,7158;15,03487;-1,205828;-78,59131;14,0729;2,656634;-78,57709;14,35102;2,714563;0;0;0;0;0;0;0,918545;0,937723;1,22188;1,722291;1,781948;2,217874;2,529412;2,675771;2,601027;0;0;0;0;0;0;-0,084361;0,000447;0,016272;-0,060372;0,000291;0,012338;-0,029359;0,000067;0,006795;0;0;0;0;0;0;0,125483;0,441112;0,853121;0,114463;-0,069179;0,978783;0,059894;-0,141934;0,55714;0;0;0;0;0;0;0;0;0;0;0;0;0;0;0;0;0;0;0;0;0;0;0;0;0;0;0;0;0;0;0;0;0;0;0;0;55,11268;56,26335;73,31281;103,3375;106,9169;133,0724;151,7647;160,5463;156,0616;0;0;0;0;0;0;-5,061663;0,026822;0,976324;-3,622323;0,017434;0,74029;-1,761541;0,004023;0,407696;0;0;0;0;0;0;7,52896;26,4667;51,18728;6,867795;-4,150718;58,72696;3,593657;-8,516012;33,42836;0;0;0;0;0;0;0;0;0;0;0;0;0;0;0;0;0;0;0;0;0;0;0;0;0;0;0;0;0;0;5,658228;6,360254;8,770344;10,93421;45,39626;20,97265;3,09402;24,34641;-10,88193;20,89671;103,5062;93,73176;-6,693133;62,98943;103,5771;93,79082;-12,07378;83,49284;103,3227;93,87057;-13,36859;83,17056;103,3113;94,1456;-18,78822;-20,59833;-0,003791;3,341217;1,011944;-0,071182;0,000458;0;-0,524254;-9,780578;0;0;0;0;0;0;0;0;0;0;-165,0145;-831,5344;-0,454903;-300,6134;-62,18261;4,312133;0;0,054932;-69,02675;676,2084;0;-0,054932;0;0;0;0;0;0;0;0
18;300;00:00:00:300;0;0;0;-3,519914;0,050068;3,621712;-4,435215;-3,24883;6,925209;-5,018879;-6,045864;9,842128;-4,246473;-7,760426;12,33516;-2,370207;0;3,621712;-2,370207;0,05009;11,17456;-1,480475;-1,734532;15,84873;-1,744544;-3,975696;14,3564;-2,031267;-2,654747;12,67763;-0,895299;-0,03505;3,621712;-0,101118;0,01504;11,13133;0,214264;-4,987489;13,7018;-0,23285;-5,715646;10,76879;-0,342542;-3,241231;10,34418;0,443679;-0,000078;3,621712;1,958848;0,050012;10,3956;1,956898;-4,900703;10,96029;1,291642;-4,5595;8,264793;1,299567;-2,064208;8,756452;1,743431;-0,000171;3,621712;3,958467;0,049919;9,102249;3,988765;-3,889036;9,573995;3,469581;-3,655621;7,623217;3,475602;-1,393009;8,065563;0;0;0;-29,26684;-37,25156;117,2871;-26,17276;-37,25158;117,2871;-2,085456;-36,97718;117,7159;-2,085453;-36,97719;117,7159;-0,379977;0;0;20,50425;10,88566;-0,29438;124,141;10,63196;0,411128;-142,2363;9,846613;-0,202081;-142,2046;9,704223;-0,015654;-0,380045;6,036885;0;62,64665;6,728155;0,139047;166,113;8,508361;-0,653606;-99,84133;8,671165;1,040146;-99,84708;8,885725;1,002482;-0,413454;12,60826;0;83,34498;12,07381;-1,420641;-173,3397;14,03063;-1,43514;-78,55447;13,04496;2,434527;-78,54193;13,30987;2,489643;-0,485496;22,00679;0;82,97962;13,36752;-1,190102;-173,7158;15,03487;-1,205828;-78,59131;14,0729;2,656634;-78,57709;14,35102;2,714563;0;0;0;0;0;0;1,329213;1,315288;1,697838;2,491459;2,499774;3,079489;3,418341;3,643021;3,586739;0;0;0;0;0;0;0,027811;-0,000156;-0,005364;0,019904;-0,000112;-0,004113;0,009678;-0,000011;-0,002325;0;0;0;0;0;0;0,217678;0,507273;0,964522;0,130842;-0,075839;1,121476;0,053518;-0,160508;0,643015;0;0;0;0;0;0;0;0;0;0;0;0;0;0;0;0;0;0;0;0;0;0;0;0;0;0;0;0;0;0;0;0;0;0;0;0;24,64011;22,65394;28,55748;46,15007;43,06956;51,6969;53,33573;58,03494;59,1427;0;0;0;0;0;0;6,730333;-0,03621;-1,298189;4,816576;-0,02414;-0,987053;2,342239;-0,004694;-0,547171;0;0;0;0;0;0;5,531721;3,969666;6,684059;0,982694;-0,399649;8,56161;-0,38255;-1,114458;5,152523;0;0;0;0;0;0;0;0;0;0;0;0;0;0;0;0;0;0;0;0;0;0;0;0;0;0;0;0;0;0;5,576055;6,295061;8,718522;10,88136;44,96008;20,48649;3,09402;24,34641;-10,88748;20,8971;103,5062;93,73177;-6,727766;62,80439;103,5771;93,79085;-12,07378;83,49284;103,3227;93,87057;-13,36859;83,17056;103,3113;94,1456;-26,17058;-29,1695;0;-0,000458;-0,333138;0,023575;-0,000458;0,000916;-2,077961;-11,10214;0,000916;0,001373;0;0;0;0;0;0;0;0;-442,9413;-514,27;0,227451;-200,5005;-80,70487;5,685424;-0,054932;0,054932;-93,22242;-79,29382;0,054932;0,082397;0;0;0;0;0;0;0;0
19;316,6667;00:00:00:317;0;0;0;-3,519914;0,050068;3,621712;-4,440516;-3,220129;6,952162;-5,028514;-5,992501;9,891668;-4,255073;-7,688489;12,39705;-2,370207;0;3,621712;-2,370207;0,05009;11,17456;-1,485807;-1,734504;15,84975;-1,74836;-3,975678;14,35717;-2,033123;-2,654742;12,67806;-0,895299;-0,03505;3,621712;-0,101118;0,01504;11,13133;0,217096;-4,977918;13,72;-0,230372;-5,716992;10,78977;-0,341269;-3,244195;10,35615;0,443679;-0,000078;3,621712;1,958848;0,050012;10,3956;1,956898;-4,900703;10,96029;1,291642;-4,5595;8,264793;1,299567;-2,064208;8,756452;1,743431;-0,000171;3,621712;3,958467;0,049919;9,102249;3,988765;-3,889036;9,573995;3,469581;-3,655621;7,623217;3,475602;-1,393009;8,065563;0;0;0;-28,92302;-36,88854;116,9077;-25,82895;-36,88855;116,9077;-1,68381;-36,61622;117,3366;-1,68381;-36,61622;117,3366;-0,379977;0;0;20,5035;10,82175;-0,298322;124,1394;10,56807;0,407044;-142,2371;9,782713;-0,206027;-142,2057;9,640326;-0,019632;-0,380045;6,036885;0;62,43576;6,741989;0,1399;165,901;8,519285;-0,659398;-100,053;8,68828;1,033795;-100,0588;8,9027;0,995331;-0,413454;12,60826;0;83,34498;12,07381;-1,420641;-173,3397;14,03063;-1,43514;-78,55447;13,04496;2,434527;-78,54193;13,30987;2,489643;-0,485496;22,00679;0;82,97962;13,36752;-1,190102;-173,7158;15,03487;-1,205828;-78,59131;14,0729;2,656634;-78,57709;14,35102;2,714563;0;0;0;0;0;0;-0,318043;1,722045;1,617193;-0,578105;3,201775;2,972424;-0,51599;4,31621;3,713652;0;0;0;0;0;0;-0,319915;0,001665;0,061333;-0,22896;0,001073;0,046313;-0,111356;0,000324;0,025749;0;0;0;0;0;0;0,169896;0,574261;1,091748;0,148648;-0,080734;1,258939;0,076387;-0,17783;0,717938;0;0;0;0;0;0;0;0;0;0;0;0;0;0;0;0;0;0;0;0;0;0;0;0;0;0;0;0;0;0;0;0;0;0;0;0;-98,83536;24,40542;-4,838705;-184,1739;42,12008;-6,423891;-236,0599;40,39138;7,61479;0;0;0;0;0;0;-20,86356;0,1093;4,001855;-14,93186;0,071079;3,025531;-7,26208;0,020117;1,684427;0;0;0;0;0;0;-2,866947;4,01929;7,633566;1,068357;-0,293702;8,247792;1,372117;-1,039356;4,495382;0;0;0;0;0;0;0;0;0;0;0;0;0;0;0;0;0;0;0;0;0;0;0;0;0;0;0;0;0;0;5,509504;6,263777;8,702906;10,87006;44,47699;20,45185;3,093957;24,40208;-10,8236;20,89263;103,5062;93,73177;-6,741598;62,59494;103,5771;93,79081;-12,07378;83,49284;103,3227;93,87057;-13,36859;83,17056;103,3113;94,1456;-28,98559;-2,078018;-0,003805;3,340416;3,832969;-0,268364;0,000458;-0,000458;-0,829926;-12,56699;-0,000458;-0,002289;0;0;0;0;0;0;0;0;-168,901;1625,489;-0,22831;200,4524;249,9664;-17,51632;0,054932;-0,082397;74,88213;-87,89062;-0,082397;-0,219727;0;0;0;0;0;0;0;0
20;333,3333;00:00:00:333;0;0;0;-3,519914;0,050068;3,621712;-4,430067;-3,20373;6,971042;-5,008878;-5,961565;9,926004;-4,227815;-7,644803;12,43762;-2,370207;0;3,621712;-2,370207;0,05009;11,17456;-1,487518;-1,734496;15,85008;-1,749585;-3,975672;14,35742;-2,033719;-2,65474;12,6782;-0,895299;-0,03505;3,621712;-0,101118;0,01504;11,13133;0,219022;-4,971498;13,7321;-0,228714;-5,717845;10,80377;-0,340424;-3,246146;10,36413;0,443679;-0,000078;3,621712;1,958848;0,050012;10,3956;1,956898;-4,900703;10,96029;1,291642;-4,5595;8,264793;1,299567;-2,064208;8,756452;1,743431;-0,000171;3,621712;3,958467;0,049919;9,102249;3,988765;-3,889036;9,573995;3,469581;-3,655621;7,623217;3,475602;-1,393009;8,065563;0;0;0;-28,58059;-36,70672;116,7195;-25,48651;-36,70673;116,7195;-1,340906;-36,43647;117,1494;-1,340902;-36,43647;117,1494;-0,379977;0;0;20,50327;10,80125;-0,299586;124,1389;10,54757;0,405734;-142,2374;9,762205;-0,207293;-142,206;9,619817;-0,02091;-0,380045;6,036885;0;62,29517;6,751913;0,140512;165,7598;8,527255;-0,66321;-100,194;8,700375;1,029598;-100,2;8,914701;0,9906;-0,413454;12,60826;0;83,34498;12,07381;-1,420641;-173,3397;14,03063;-1,43514;-78,55447;13,04496;2,434527;-78,54193;13,30987;2,489643;-0,485496;22,00679;0;82,97962;13,36752;-1,190102;-173,7158;15,03487;-1,205828;-78,59131;14,0729;2,656634;-78,57709;14,35102;2,714563;0;0;0;0;0;0;0,626922;0,983924;1,132786;1,178138;1,856156;2,060205;1,635477;2,621144;2,433747;0;0;0;0;0;0;-0,102673;0,000536;0,01967;-0,073493;0,000335;0,014663;-0,035752;0,000101;0,008136;0;0;0;0;0;0;0,115542;0,385165;0,726432;0,099474;-0,051208;0,839531;0,050738;-0,117056;0,479132;0;0;0;0;0;0;0;0;0;0;0;0;0;0;0;0;0;0;0;0;0;0;0;0;0;0;0;0;0;0;0;0;0;0;0;0;56,69787;-44,2873;-29,06442;105,3746;-80,73718;-54,73316;129,088;-101,704;-76,79431;0;0;0;0;0;0;13,03453;-0,067726;-2,499818;9,328051;-0,044256;-1,899004;4,536285;-0,013411;-1,05679;0;0;0;0;0;0;-3,261231;-11,34574;-21,91901;-2,950429;1,771599;-25,16448;-1,538917;3,646463;-14,32836;0;0;0;0;0;0;0;0;0;0;0;0;0;0;0;0;0;0;0;0;0;0;0;0;0;0;0;0;0;0;5,456434;6,225699;8,674444;10,8417;43,26793;19,57841;3,094147;24,51344;-10,80063;20,89103;103,5062;93,73177;-6,820011;62,20213;103,5771;93,79081;-12,07378;83,49284;103,3227;93,87057;-13,36859;83,17056;103,3113;94,1456;-72,54341;-52,40661;0,011401;6,681861;1,378498;-0,096016;-0,000458;0;-4,704809;-23,56865;-0,000458;0;0;0;0;0;0;0;0;0;-2613,469;-3019,716;0,91238;200,4867;-147,2683;10,34088;-0,054932;0,027466;-232,493;-660,0997;0;0,137329;0;0;0;0;0;0;0;0
21;350;00:00:00:350;0;0;0;-3,519914;0,050068;3,621712;-4,405138;-3,153813;7,025403;-4,961947;-5,867678;10,02497;-4,156691;-7,511236;12,55515;-2,370207;0;3,621712;-2,370207;0,05009;11,17456;-1,487724;-1,734494;15,85012;-1,749733;-3,975672;14,35745;-2,033791;-2,65474;12,67821;-0,895299;-0,03505;3,621712;-0,101118;0,01504;11,13133;0,225128;-4,959646;13,75395;-0,225621;-5,719326;10,82951;-0,339351;-3,249681;10,37898;0,443679;-0,000078;3,621712;1,958848;0,050012;10,3956;1,956898;-4,900703;10,96029;1,291642;-4,5595;8,264793;1,299567;-2,064208;8,756452;1,743431;-0,000171;3,621712;3,958467;0,049919;9,102249;3,988765;-3,889036;9,573995;3,469581;-3,655621;7,623217;3,475602;-1,393009;8,065563;0;0;0;-27,63102;-36,14393;116,1445;-24,53694;-36,14394;116,1445;-0,278016;-35,87945;116,5768;-0,278009;-35,87945;116,5768;-0,379977;0;0;20,50324;10,79878;-0,299739;124,1389;10,5451;0,405577;-142,2374;9,759737;-0,207445;-142,2061;9,617352;-0,021063;-0,380045;6,036885;0;62,03781;6,820445;0,14474;165,5004;8,592174;-0,667179;-100,4515;8,772844;1,025133;-100,4577;8,986993;0,985151;-0,413454;12,60826;0;83,34498;12,07381;-1,420641;-173,3397;14,03063;-1,43514;-78,55447;13,04496;2,434527;-78,54193;13,30987;2,489643;-0,485496;22,00679;0;82,97962;13,36752;-1,190102;-173,7158;15,03487;-1,205828;-78,59131;14,0729;2,656634;-78,57709;14,35102;2,714563;0;0;0;0;0;0;1,495689;2,995021;3,261656;2,81585;5,633265;5,937785;4,267484;8,014037;7,051974;0;0;0;0;0;0;-0,012361;0,000067;0,002325;-0,008851;0,000045;0,001788;-0,004303;0,000011;0,000983;0;0;0;0;0;0;0,366362;0,711143;1,310885;0,185612;-0,088848;1,544505;0,064345;-0,212118;0,890851;0;0;0;0;0;0;0;0;0;0;0;0;0;0;0;0;0;0;0;0;0;0;0;0;0;0;0;0;0;0;0;0;0;0;0;0;52,12605;120,6659;127,7321;98,26272;226,6265;232,6548;157,9204;323,5736;277,0936;0;0;0;0;0;0;5,418732;-0,028163;-1,040697;3,878474;-0,017434;-0,772476;1,886934;-0,005364;-0,429153;0;0;0;0;0;0;15,0492;19,55866;35,0672;5,168281;-2,25842;42,29843;0,816397;-5,703718;24,70315;0;0;0;0;0;0;0;0;0;0;0;0;0;0;0;0;0;0;0;0;0;0;0;0;0;0;0;0;0;0;5,301642;6,121163;8,594822;10,76294;43,26793;19,57841;3,094147;24,51344;-10,80063;20,89103;103,5062;93,73177;-6,820011;62,20213;103,5771;93,79081;-12,07378;83,49284;103,3227;93,87057;-13,36859;83,17056;103,3113;94,1456;-72,54341;-52,40661;0,011401;6,681861;1,378498;-0,096016;-0,000458;0;-4,704809;-23,56865;-0,000458;0;0;0;0;0;0;0;0;0;-2613,469;-3019,716;0,91238;200,4867;-147,2683;10,34088;-0,054932;0,027466;-232,493;-660,0997;0;0,137329;0;0;0;0;0;0;0;0
22;366,6667;00:00:00:367;0;0;0;-3,519914;0,050068;3,621712;-4,393089;-3,146456;7,035419;-4,939411;-5,853569;10,043;-4,126091;-7,489907;12,57528;-2,370207;0;3,621712;-2,370207;0,05009;11,17456;-1,497623;-1,734442;15,852;-1,756817;-3,975638;14,35886;-2,037236;-2,654729;12,679;-0,895299;-0,03505;3,621712;-0,101118;0,01504;11,13133;0,230107;-4,944421;13,78201;-0,221671;-5,721037;10,86218;-0,337415;-3,254075;10,39768;0,443679;-0,000078;3,621712;1,958848;0,050012;10,3956;1,956898;-4,900703;10,96029;1,291642;-4,5595;8,264793;1,299567;-2,064208;8,756452;1,743431;-0,000171;3,621712;3,958467;0,049919;9,102249;3,988765;-3,889036;9,573995;3,469581;-3,655621;7,623217;3,475602;-1,393009;8,065563;0;0;0;-27,40065;-36,07765;116,0776;-24,30659;-36,07767;116,0776;-0,047813;-35,81458;116,5108;-0,047811;-35,81459;116,5108;-0,379977;0;0;20,50188;10,68019;-0,307047;124,136;10,42653;0,398001;-142,239;9,641145;-0,214762;-142,208;9,498766;-0,028441;-0,380045;6,036885;0;61,70981;6,852227;0,146701;165,1706;8,619311;-0,675524;-100,7805;8,809596;1,015852;-100,7869;9,023515;0,974622;-0,413454;12,60826;0;83,34498;12,07381;-1,420641;-173,3397;14,03063;-1,43514;-78,55447;13,04496;2,434527;-78,54193;13,30987;2,489643;-0,485496;22,00679;0;82,97962;13,36752;-1,190102;-173,7158;15,03487;-1,205828;-78,59131;14,0729;2,656634;-78,57709;14,35102;2,714563;0;0;0;0;0;0;0,722989;0,441447;0,600949;1,352169;0,846528;1,082003;1,835994;1,279727;1,207977;0;0;0;0;0;0;-0,593919;0,00314;0,112653;-0,425085;0,001989;0,084937;-0,206754;0,000626;0,047207;0;0;0;0;0;0;0,298742;0,913471;1,683712;0,237001;-0,102684;1,960292;0,116193;-0,263616;1,122057;0;0;0;0;0;0;0;0;0;0;0;0;0;0;0;0;0;0;0;0;0;0;0;0;0;0;0;0;0;0;0;0;0;0;0;0;-46,36198;-153,2145;-159,6424;-87,82088;-287,2042;-291,3469;-145,8894;-404,0587;-350,6398;0;0;0;0;0;0;-34,89352;0,184402;6,619691;-24,97405;0,116676;4,988908;-12,14705;0,03688;2,773404;0;0;0;0;0;0;-4,057176;12,13967;22,36963;3,083366;-0,830144;24,94722;3,110859;-3,089903;13,87238;0;0;0;0;0;0;0;0;0;0;0;0;0;0;0;0;0;0;0;0;0;0;0;0;0;0;0;0;0;0;5,268113;6,085908;8,570849;10,73757;43,11819;19,34778;3,09402;24,51344;-10,68204;20,8828;103,5062;93,73174;-6,851773;61,87687;103,5771;93,79082;-12,07378;83,49284;103,3227;93,87057;-13,36859;83,17056;103,3113;94,1456;-8,984299;-13,83797;-0,007596;0;7,115478;-0,493584;0;-0,001373;-1,905727;-19,51561;0;0,000916;0;0;0;0;0;0;0;0;3813,547;2314,119;-1,139831;-400,9117;344,2188;-23,85406;0,027466;-0,082397;167,9449;243,1824;0,027466;0,054932;0;0;0;0;0;0;0;0
23;383,3333;00:00:00:383;0;0;0;-3,519914;0,050068;3,621712;-4,367572;-3,131765;7,055516;-4,891702;-5,825358;10,07914;-4,058687;-7,445662;12,61533;-2,370207;0;3,621712;-2,370207;0,05009;11,17456;-1,503348;-1,734411;15,85307;-1,760915;-3,975619;14,35967;-2,03923;-2,654723;12,67945;-0,895299;-0,03505;3,621712;-0,101118;0,01504;11,13133;0,236422;-4,923501;13,82;-0,216271;-5,723057;10,90651;-0,334669;-3,259864;10,42306;0,443679;-0,000078;3,621712;1,958848;0,050012;10,3956;1,956898;-4,900703;10,96029;1,291642;-4,5595;8,264793;1,299567;-2,064208;8,756452;1,743431;-0,000171;3,621712;3,958467;0,049919;9,102249;3,988765;-3,889036;9,573995;3,469581;-3,655621;7,623217;3,475602;-1,393009;8,065563;0;0;0;-26,92701;-35,94933;115,9483;-23,83294;-35,94935;115,9483;0,481148;-35,68916;116,3835;0,48115;-35,68916;116,3835;-0,379977;0;0;20,5011;10,61162;-0,311271;124,1344;10,35798;0,393628;-142,2399;9,572577;-0,21899;-142,2091;9,430203;-0,032704;-0,380045;6,036885;0;61,26467;6,886311;0,148806;164,7231;8,646997;-0,687348;-101,2272;8,85032;1,002632;-101,2338;9,063915;0,959711;-0,413454;12,60826;0;83,34498;12,07381;-1,420641;-173,3397;14,03063;-1,43514;-78,55447;13,04496;2,434527;-78,54193;13,30987;2,489643;-0,485496;22,00679;0;82,97962;13,36752;-1,190102;-173,7158;15,03487;-1,205828;-78,59131;14,0729;2,656634;-78,57709;14,35102;2,714563;0;0;0;0;0;0;1,531027;0,881463;1,205832;2,862543;1,692653;2,168521;4,044189;2,654716;2,402812;0;0;0;0;0;0;-0,343496;0,001833;0,064552;-0,245858;0,001162;0,048637;-0,119593;0,000358;0,027001;0;0;0;0;0;0;0,37894;1,255229;2,279341;0,324;-0,121146;2,659857;0,164769;-0,347391;1,522779;0;0;0;0;0;0;0;0;0;0;0;0;0;0;0;0;0;0;0;0;0;0;0;0;0;0;0;0;0;0;0;0;0;0;0;0;48,48227;26,40098;36,29296;90,62244;50,76751;65,19108;132,4917;82,49937;71,69007;0;0;0;0;0;0;15,0254;-0,078455;-2,886056;10,75365;-0,049621;-2,177953;5,229638;-0,016093;-1,212358;0;0;0;0;0;0;4,811882;20,50549;35,73774;5,219913;-1,107752;41,97388;2,914555;-5,026459;24,04332;0;0;0;0;0;0;0;0;0;0;0;0;0;0;0;0;0;0;0;0;0;0;0;0;0;0;0;0;0;0;5,199559;6,016249;8,518327;10,68178;42,81881;18,86663;3,09402;24,56912;-10,61346;20,87808;103,5061;93,73177;-6,885839;61,43498;103,5771;93,79082;-12,07378;83,49284;103,3227;93,87057;-13,36859;83,17056;103,3113;94,1456;-17,96288;-28,86909;0;3,340416;4,114323;-0,28347;-0,000916;0,001831;-2,043972;-26,51321;-0,000458;0;0;0;0;0;0;0;0;0;-538,7146;-901,8676;0,455761;200,4249;-180,0693;12,60681;-0,054932;0,192261;-8,294684;-419,8562;-0,027466;-0,054932;0;0;0;0;0;0;0;0
24;400;00:00:00:400;0;0;0;-3,519914;0,050068;3,621712;-4,367572;-3,131765;7,055516;-4,891702;-5,825358;10,07914;-4,058687;-7,445662;12,61533;-2,370207;0;3,621712;-2,370207;0,05009;11,17456;-1,503348;-1,734411;15,85307;-1,760915;-3,975619;14,35967;-2,03923;-2,654723;12,67945;-0,895299;-0,03505;3,621712;-0,101118;0,01504;11,13133;0,236422;-4,923501;13,82;-0,216271;-5,723057;10,90651;-0,334669;-3,259864;10,42306;0,443679;-0,000078;3,621712;1,958848;0,050012;10,3956;1,956898;-4,900703;10,96029;1,291642;-4,5595;8,264793;1,299567;-2,064208;8,756452;1,743431;-0,000171;3,621712;3,958467;0,049919;9,102249;3,988765;-3,889036;9,573995;3,469581;-3,655621;7,623217;3,475602;-1,393009;8,065563;0;0;0;-26,92701;-35,94933;115,9483;-23,83294;-35,94935;115,9483;0,481148;-35,68916;116,3835;0,48115;-35,68916;116,3835;-0,379977;0;0;20,5011;10,61162;-0,311271;124,1344;10,35798;0,393628;-142,2399;9,572577;-0,21899;-142,2091;9,430203;-0,032704;-0,380045;6,036885;0;61,26467;6,886311;0,148806;164,7231;8,646997;-0,687348;-101,2272;8,85032;1,002632;-101,2338;9,063915;0,959711;-0,413454;12,60826;0;83,34498;12,07381;-1,420641;-173,3397;14,03063;-1,43514;-78,55447;13,04496;2,434527;-78,54193;13,30987;2,489643;-0,485496;22,00679;0;82,97962;13,36752;-1,190102;-173,7158;15,03487;-1,205828;-78,59131;14,0729;2,656634;-78,57709;14,35102;2,714563;0;0;0;0;0;0;0;0;0;0;0;0;0;0;0;0;0;0;0;0;0;0;0;0;0;0;0;0;0;0;0;0;0;0;0;0;0;0;0;0;0;0;0;0;0;0;0;0;0;0;0;0;0;0;0;0;0;0;0;0;0;0;0;0;0;0;0;0;0;0;0;0;0;0;0;0;0;0;0;0;0;-91,86163;-52,8878;-72,34989;-171,7525;-101,5592;-130,1113;-242,6514;-159,283;-144,1687;0;0;0;0;0;0;20,60976;-0,109971;-3,873109;14,75148;-0,069737;-2,918243;7,175579;-0,021458;-1,620054;0;0;0;0;0;0;-22,73641;-75,31374;-136,7605;-19,43998;7,268785;-159,5914;-9,886118;20,84344;-91,36675;0;0;0;0;0;0;0;0;0;0;0;0;0;0;0;0;0;0;0;0;0;0;0;0;0;0;0;0;0;0;5,199559;6,016249;8,518327;10,68178;42,81881;18,86663;3,09402;24,56912;-10,61346;20,87808;103,5061;93,73177;-6,885839;61,43498;103,5771;93,79082;-12,07378;83,49284;103,3227;93,87057;-13,36859;83,17056;103,3113;94,1456;-17,96288;-28,86909;0;3,340416;4,114323;-0,28347;-0,000916;0,001831;-2,043972;-26,51321;-0,000458;0;0;0;0;0;0;0;0;0;-538,7146;-901,8676;0,455761;200,4249;-180,0693;12,60681;-0,054932;0,192261;-8,294684;-419,8562;-0,027466;-0,054932;0;0;0;0;0;0;0;0
25;416,6667;00:00:00:417;0;0;0;-3,519914;0,050068;3,621712;-4,355075;-3,124781;7,065029;-4,868341;-5,81194;10,09624;-4,024335;-7,423848;12,63414;-2,370207;0;3,621712;-2,370207;0,05009;11,17456;-1,507259;-1,73439;15,8538;-1,763715;-3,975605;14,36023;-2,040592;-2,654719;12,67976;-0,895299;-0,03505;3,621712;-0,101118;0,01504;11,13133;0,240302;-4,909016;13,84595;-0,212569;-5,724238;10,93683;-0,332695;-3,26371;10,44042;0,443679;-0,000078;3,621712;1,958848;0,050012;10,3956;1,956898;-4,900703;10,96029;1,291642;-4,5595;8,264793;1,299567;-2,064208;8,756452;1,743431;-0,000171;3,621712;3,958467;0,049919;9,102249;3,988765;-3,889036;9,573995;3,469581;-3,655621;7,623217;3,475602;-1,393009;8,065563;0;0;0;-26,69897;-35,88962;115,8883;-23,60492;-35,88964;115,8884;0,764651;-35,63086;116,3245;0,764645;-35,63086;116,3245;-0,379977;0;0;20,50057;10,56478;-0,314155;124,1333;10,31115;0,39064;-142,2405;9,525737;-0,221877;-142,2099;9,383361;-0,035615;-0,380045;6,036885;0;60,95999;6,900981;0,14971;164,417;8,657226;-0,695927;-101,5331;8,869471;0,992996;-101,5399;9,082835;0,948917;-0,413454;12,60826;0;83,34498;12,07381;-1,420641;-173,3397;14,03063;-1,43514;-78,55447;13,04496;2,434527;-78,54193;13,30987;2,489643;-0,485496;22,00679;0;82,97962;13,36752;-1,190102;-173,7158;15,03487;-1,205828;-78,59131;14,0729;2,656634;-78,57709;14,35102;2,714563;0;0;0;0;0;0;0,749812;0,419017;0,570774;1,401633;0,805065;1,025542;2,061143;1,308828;1,128495;0;0;0;0;0;0;-0,234704;0,001296;0,043809;-0,167985;0,000827;0,033081;-0,081718;0,000268;0,018418;0;0;0;0;0;0;0,232782;0,869125;1,557112;0,22214;-0,070877;1,819432;0,118408;-0,230737;1,041323;0;0;0;0;0;0;0;0;0;0;0;0;0;0;0;0;0;0;0;0;0;0;0;0;0;0;0;0;0;0;0;0;0;0;0;0;44,98869;25,14102;34,24644;84,09797;48,3039;61,53255;123,6686;78,5297;67,70967;0;0;0;0;0;0;-14,08227;0,077784;2,628564;-10,07907;0,049621;1,984834;-4,903077;0,016093;1,10507;0;0;0;0;0;0;13,96693;52,14751;93,42669;13,3284;-4,252642;109,1659;7,1045;-13,84422;62,47937;0;0;0;0;0;0;0;0;0;0;0;0;0;0;0;0;0;0;0;0;0;0;0;0;0;0;0;0;0;0;5,165454;5,978909;8,491533;10,65326;42,67706;18,63356;3,094147;24,62479;-10,56662;20,87488;103,5062;93,73177;-6,900522;61,13213;103,5771;93,79084;-12,07378;83,49284;103,3227;93,87057;-13,36859;83,17056;103,3113;94,1456;-8,504791;-13,98388;0,007596;3,340645;2,810726;-0,192032;0,001373;-0,000458;-0,880938;-18,17093;0,000458;0,000916;0;0;0;0;0;0;0;0;567,485;893,1129;0,455761;0,013733;-78,2158;5,486298;0,137329;-0,137329;69,78207;500,537;0,054932;0,054932;0;0;0;0;0;0;0;0
26;433,3333;00:00:00:433;0;0;0;-3,519914;0,050068;3,621712;-4,347296;-3,120525;7,070825;-4,853802;-5,803758;10,10664;-4,000592;-7,409297;12,6455;-2,370207;0;3,621712;-2,370207;0,05009;11,17456;-1,509346;-1,734378;15,85419;-1,765208;-3,975598;14,36052;-2,041318;-2,654716;12,67992;-0,895299;-0,03505;3,621712;-0,101118;0,01504;11,13133;0,242532;-4,901158;13,85988;-0,210561;-5,724806;10,95317;-0,33165;-3,265743;10,44978;0,443679;-0,000078;3,621712;1,958848;0,050012;10,3956;1,956898;-4,900703;10,96029;1,291642;-4,5595;8,264793;1,299567;-2,064208;8,756452;1,743431;-0,000171;3,621712;3,958467;0,049919;9,102249;3,988765;-3,889036;9,573995;3,469581;-3,655621;7,623217;3,475602;-1,393009;8,065563;0;0;0;-26,55857;-35,85373;115,8524;-23,4645;-35,85374;115,8524;0,988454;-35,59584;116,2891;0,988455;-35,59584;116,2891;-0,379977;0;0;20,50028;10,53979;-0,315693;124,1327;10,28617;0,389048;-142,2408;9,500752;-0,223417;-142,2103;9,358377;-0,037167;-0,380045;6,036885;0;60,796;6,911528;0,150362;164,2521;8,665359;-0,700378;-101,6976;8,882399;0,987971;-101,7046;9,09564;0,943266;-0,413454;12,60826;0;83,34498;12,07381;-1,420641;-173,3397;14,03063;-1,43514;-78,55447;13,04496;2,434527;-78,54193;13,30987;2,489643;-0,485496;22,00679;0;82,97962;13,36752;-1,190102;-173,7158;15,03487;-1,205828;-78,59131;14,0729;2,656634;-78,57709;14,35102;2,714563;0;0;0;0;0;0;0,466727;0,255391;0,347748;0,872366;0,490934;0,624418;1,424566;0,873059;0,681996;0;0;0;0;0;0;-0,125209;0,000693;0,023425;-0,089619;0,000447;0,017613;-0,043586;0,000156;0,009745;0;0;0;0;0;0;0,133809;0,471465;0,835508;0,120473;-0,034086;0,97999;0,062702;-0,121951;0,561789;0;0;0;0;0;0;0;0;0;0;0;0;0;0;0;0;0;0;0;0;0;0;0;0;0;0;0;0;0;0;0;0;0;0;0;0;-16,98509;-9,817556;-13,38154;-31,75601;-18,84789;-24,06746;-38,19465;-26,14617;-26,7899;0;0;0;0;0;0;6,569735;-0,03621;-1,223087;4,701911;-0,022799;-0,928044;2,287924;-0,006706;-0,520348;0;0;0;0;0;0;-5,93841;-23,85959;-43,29621;-6,100014;2,207458;-50,36652;-3,342367;6,527155;-28,77205;0;0;0;0;0;0;0;0;0;0;0;0;0;0;0;0;0;0;0;0;0;0;0;0;0;0;0;0;0;0;5,142565;5,954106;8,472686;10,63321;42,59074;18,48939;3,09402;24,70832;-10,54165;20,87316;103,5062;93,73176;-6,911059;60,96923;103,5771;93,79083;-12,07378;83,49284;103,3227;93,87057;-13,36859;83,17056;103,3113;94,1456;-5,179367;-8,650246;-0,007596;5,011482;1,497974;-0,102882;-0,000458;-0,000458;-0,632257;-9,77394;0;-0,000458;0;0;0;0;0;0;0;0;199,5255;320,0179;-0,911522;100,2502;-78,7651;5,348968;-0,109863;0;14,92081;503,8193;-0,027466;-0,082397;0;0;0;0;0;0;0;0
27;450;00:00:00:450;0;0;0;-3,519914;0,050068;3,621712;-4,323323;-3,105573;7,090148;-4,80678;-5,774671;10,14214;-3,936034;-7,364997;12,68462;-2,370207;0;3,621712;-2,370207;0,05009;11,17456;-1,509887;-1,734375;15,85429;-1,765595;-3,975596;14,36059;-2,041506;-2,654716;12,67996;-0,895299;-0,03505;3,621712;-0,101118;0,01504;11,13133;0,250492;-4,883038;13,89127;-0,205753;-5,725936;10,99058;-0,329675;-3,270298;10,4714;0,443679;-0,000078;3,621712;1,958848;0,050012;10,3956;1,956898;-4,900703;10,96029;1,291642;-4,5595;8,264793;1,299567;-2,064208;8,756452;1,743431;-0,000171;3,621712;3,958467;0,049919;9,102249;3,988765;-3,889036;9,573995;3,469581;-3,655621;7,623217;3,475602;-1,393009;8,065563;0;0;0;-26,10395;-35,72177;115,7204;-22,97655;-35,72179;115,7204;1,47605;-35,46691;116,1591;1,476055;-35,46691;116,1591;-0,379977;0;0;20,50021;10,53332;-0,316091;124,1325;10,27969;0,388636;-142,2409;9,494279;-0,223815;-142,2104;9,351906;-0,037569;-0,380045;6,036885;0;60,42149;6,989099;0,155151;163,8749;8,737364;-0,707337;-102,0728;8,965357;0,979886;-102,08;9,178303;0,933761;-0,413454;12,60826;0;83,34498;12,07381;-1,420641;-173,3397;14,03063;-1,43514;-78,55447;13,04496;2,434527;-78,54193;13,30987;2,489643;-0,485496;22,00679;0;82,97962;13,36752;-1,190102;-173,7158;15,03487;-1,205828;-78,59131;14,0729;2,656634;-78,57709;14,35102;2,714563;0;0;0;0;0;0;1,438357;0,897109;1,159429;2,821304;1,745224;2,130031;3,873512;2,657979;2,347022;0;0;0;0;0;0;-0,032432;0,000179;0,00599;-0,023212;0,000089;0,00456;-0,011288;0,000022;0,002593;0;0;0;0;0;0;0,477567;1,087166;1,883536;0,288435;-0,067793;2,244606;0,118484;-0,273339;1,297206;0;0;0;0;0;0;0;0;0;0;0;0;0;0;0;0;0;0;0;0;0;0;0;0;0;0;0;0;0;0;0;0;0;0;0;0;58,29781;38,5031;48,70086;116,9363;75,25742;90,33678;146,9367;107,0952;99,90154;0;0;0;0;0;0;5,566588;-0,030845;-1,046061;3,984421;-0,021458;-0,783205;1,937896;-0,008047;-0,429153;0;0;0;0;0;0;20,62551;36,94206;62,88169;10,07773;-2,022385;75,877;3,346894;-9,0833;44,12502;0;0;0;0;0;0;0;0;0;0;0;0;0;0;0;0;0;0;0;0;0;0;0;0;0;0;0;0;0;0;5,077008;5,888186;8,422613;10,57982;42,29644;18,04171;3,127312;24,70832;-10,53517;20,87272;103,5062;93,73176;-6,988591;60,59988;103,5771;93,79082;-12,07378;83,49284;103,3227;93,87057;-13,36859;83,17056;103,3113;94,1456;-17,65778;-26,86065;1,997523;0;0,388756;-0,026436;0;0;-4,65188;-22,16148;0;-0,000458;0;0;0;0;0;0;0;0;-748,7045;-1092,625;120,3071;-300,6889;-66,55311;4,586792;0,027466;0,027466;-241,1773;-743,2524;0;0;0;0;0;0;0;0;0;0
28;466,6667;00:00:00:467;0;0;0;-3,519914;0,050068;3,621712;-4,297449;-3,097562;7,1033;-4,748391;-5,756746;10,16889;-3,84551;-7,328656;12,71162;-2,370207;0;3,621712;-2,370207;0,05009;11,17456;-1,511211;-1,734368;15,85454;-1,766543;-3,975591;14,36078;-2,041967;-2,654714;12,68006;-0,895299;-0,03505;3,621712;-0,101118;0,01504;11,13133;0,262666;-4,848505;13,95014;-0,196729;-5,727382;11,06064;-0,325411;-3,278449;10,5118;0,443679;-0,000078;3,621712;1,958848;0,050012;10,3956;1,956898;-4,900703;10,96029;1,291642;-4,5595;8,264793;1,299567;-2,064208;8,756452;1,743431;-0,000171;3,621712;3,958467;0,049919;9,102249;3,988765;-3,889036;9,573995;3,469581;-3,655621;7,623217;3,475602;-1,393009;8,065563;0;0;0;-25,72054;-35,67926;115,6781;-22,44075;-35,67927;115,678;2,177601;-35,42772;116,1194;2,177605;-35,42773;116,1194;-0,379977;0;0;20,50004;10,51747;-0,317067;124,1322;10,26385;0,387625;-142,2411;9,478428;-0,224793;-142,2107;9,336057;-0,038554;-0,380045;6,036885;0;59,71888;7,080637;0,160804;163,168;8,818262;-0,723511;-102,7775;9,066775;0,961161;-102,7852;9,279143;0,912371;-0,413454;12,60826;0;83,34498;12,07381;-1,420641;-173,3397;14,03063;-1,43514;-78,55447;13,04496;2,434527;-78,54193;13,30987;2,489643;-0,485496;22,00679;0;82,97962;13,36752;-1,190102;-173,7158;15,03487;-1,205828;-78,59131;14,0729;2,656634;-78,57709;14,35102;2,714563;0;0;0;0;0;0;1,552462;0,480629;0,789106;3,503367;1,075499;1,605123;5,431406;2,180457;1,619965;0;0;0;0;0;0;-0,079432;0,000436;0,014752;-0,056852;0,000291;0,011176;-0,02766;0,000101;0,00608;0;0;0;0;0;0;0,730483;2,071984;3,531933;0,541471;-0,086792;4,203736;0,255863;-0,489056;2,424225;0;0;0;0;0;0;0;0;0;0;0;0;0;0;0;0;0;0;0;0;0;0;0;0;0;0;0;0;0;0;0;0;0;0;0;0;6,846338;-24,9888;-22,21941;40,92381;-40,18352;-31,49449;93,47364;-28,65135;-43,62343;0;0;0;0;0;0;-2,820007;0,015423;0,525713;-2,018362;0,01207;0,396967;-0,982359;0,004694;0,209212;0;0;0;0;0;0;15,17493;59,08906;98,90378;15,18214;-1,139939;117,5478;8,242762;-12,943;67,62116;0;0;0;0;0;0;0;0;0;0;0;0;0;0;0;0;0;0;0;0;0;0;0;0;0;0;0;0;0;0;5,00994;5,799523;8,356411;10,50792;42,11606;17,58918;3,279725;24,87534;-10,51932;20,87164;103,5061;93,73178;-7,080086;59,90437;103,5771;93,79081;-12,07378;83,49284;103,3227;93,87057;-13,36859;83,17056;103,3113;94,1456;-10,82291;-27,15179;9,144758;10,02148;0,951061;-0,065117;-0,000458;0,001373;-5,48973;-41,73065;0;-0,000916;0;0;0;0;0;0;0;0;410,0922;-17,46826;428,8341;601,2885;33,73832;-2,320862;-0,027466;0,082397;-50,27103;-1174,15;0;-0,027466;0;0;0;0;0;0;0;0
29;483,3333;00:00:00:483;0;0;0;-3,519914;0,050068;3,621712;-4,297449;-3,097562;7,1033;-4,748391;-5,756746;10,16889;-3,84551;-7,328656;12,71162;-2,370207;0;3,621712;-2,370207;0,05009;11,17456;-1,511211;-1,734368;15,85454;-1,766543;-3,975591;14,36078;-2,041967;-2,654714;12,68006;-0,895299;-0,03505;3,621712;-0,101118;0,01504;11,13133;0,262666;-4,848505;13,95014;-0,196729;-5,727382;11,06064;-0,325411;-3,278449;10,5118;0,443679;-0,000078;3,621712;1,958848;0,050012;10,3956;1,956898;-4,900703;10,96029;1,291642;-4,5595;8,264793;1,299567;-2,064208;8,756452;1,743431;-0,000171;3,621712;3,958467;0,049919;9,102249;3,988765;-3,889036;9,573995;3,469581;-3,655621;7,623217;3,475602;-1,393009;8,065563;0;0;0;-25,72054;-35,67926;115,6781;-22,44075;-35,67927;115,678;2,177601;-35,42772;116,1194;2,177605;-35,42773;116,1194;-0,379977;0;0;20,50004;10,51747;-0,317067;124,1322;10,26385;0,387625;-142,2411;9,478428;-0,224793;-142,2107;9,336057;-0,038554;-0,380045;6,036885;0;59,71888;7,080637;0,160804;163,168;8,818262;-0,723511;-102,7775;9,066775;0,961161;-102,7852;9,279143;0,912371;-0,413454;12,60826;0;83,34498;12,07381;-1,420641;-173,3397;14,03063;-1,43514;-78,55447;13,04496;2,434527;-78,54193;13,30987;2,489643;-0,485496;22,00679;0;82,97962;13,36752;-1,190102;-173,7158;15,03487;-1,205828;-78,59131;14,0729;2,656634;-78,57709;14,35102;2,714563;0;0;0;0;0;0;0;0;0;0;0;0;0;0;0;0;0;0;0;0;0;0;0;0;0;0;0;0;0;0;0;0;0;0;0;0;0;0;0;0;0;0;0;0;0;0;0;0;0;0;0;0;0;0;0;0;0;0;0;0;0;0;0;0;0;0;0;0;0;0;0;0;0;0;0;0;0;0;0;0;0;-93,14774;-28,83777;-47,34635;-210,202;-64,52991;-96,30739;-325,8843;-130,8274;-97,19788;0;0;0;0;0;0;4,765949;-0,026152;-0,885129;3,411099;-0,017434;-0,670552;1,659617;-0,006035;-0,36478;0;0;0;0;0;0;-43,82897;-124,319;-211,916;-32,48825;5,207508;-252,2242;-15,35179;29,34336;-145,4535;0;0;0;0;0;0;0;0;0;0;0;0;0;0;0;0;0;0;0;0;0;0;0;0;0;0;0;0;0;0;5,00994;5,799523;8,356411;10,50792;42,11606;17,58918;3,279725;24,87534;-10,51932;20,87164;103,5061;93,73178;-7,080086;59,90437;103,5771;93,79081;-12,07378;83,49284;103,3227;93,87057;-13,36859;83,17056;103,3113;94,1456;-10,82291;-27,15179;9,144758;10,02148;0,951061;-0,065117;-0,000458;0,001373;-5,48973;-41,73065;0;-0,000916;0;0;0;0;0;0;0;0;410,0922;-17,46826;428,8341;601,2885;33,73832;-2,320862;-0,027466;0,082397;-50,27103;-1174,15;0;-0,027466;0;0;0;0;0;0;0;0
30;500;00:00:00:500;0;0;0;-3,519914;0,050068;3,621712;-4,273647;-3,08883;7,116394;-4,700161;-5,738842;10,19341;-3,776504;-7,297439;12,73686;-2,370207;0;3,621712;-2,370207;0,05009;11,17456;-1,513188;-1,734357;15,85491;-1,767958;-3,975584;14,36106;-2,042656;-2,654712;12,68022;-0,895299;-0,03505;3,621712;-0,101118;0,01504;11,13133;0,271258;-4,828606;13,98309;-0,19135;-5,727822;11,10037;-0,323138;-3,282854;10,53484;0,443679;-0,000078;3,621712;1,958848;0,050012;10,3956;1,956898;-4,900703;10,96029;1,291642;-4,5595;8,264793;1,299567;-2,064208;8,756452;1,743431;-0,000171;3,621712;3,958467;0,049919;9,102249;3,988765;-3,889036;9,573995;3,469581;-3,655621;7,623217;3,475602;-1,393009;8,065563;0;0;0;-25,35212;-35,6248;115,6238;-22,01519;-35,62482;115,6239;2,658011;-35,37594;116,0672;2,658012;-35,37595;116,0672;-0,379977;0;0;20,49977;10,4938;-0,318523;124,1316;10,24018;0,386119;-142,2414;9,454762;-0,22625;-142,211;9,312392;-0,040023;-0,380045;6,036885;0;59,32095;7,162293;0,165849;162,7671;8,893776;-0,730846;-103,1761;9,15389;0,95241;-103,1842;9,365923;0,902108;-0,413454;12,60826;0;83,34498;12,07381;-1,420641;-173,3397;14,03063;-1,43514;-78,55447;13,04496;2,434527;-78,54193;13,30987;2,489643;-0,485496;22,00679;0;82,97962;13,36752;-1,190102;-173,7158;15,03487;-1,205828;-78,59131;14,0729;2,656634;-78,57709;14,35102;2,714563;0;0;0;0;0;0;1,428142;0,523947;0,785619;2,893835;1,074202;1,47061;4,140391;1,873031;1,514464;0;0;0;0;0;0;-0,11861;0,000671;0,021994;-0,084903;0,000425;0,01654;-0,041306;0,000134;0,009298;0;0;0;0;0;0;0,515487;1,193963;1,976967;0,322706;-0,026375;2,383679;0,13639;-0,264265;1,382321;0;0;0;0;0;0;0;0;0;0;0;0;0;0;0;0;0;0;0;0;0;0;0;0;0;0;0;0;0;0;0;0;0;0;0;0;85,68852;31,43683;47,13714;173,6301;64,45213;88,23662;248,4235;112,3819;90,86787;0;0;0;0;0;0;-7,11657;0,040233;1,319647;-5,094185;0,025481;0,992417;-2,478361;0,008047;0,557899;0;0;0;0;0;0;30,92922;71,63776;118,618;19,36236;-1,582503;143,0207;8,183418;-15,85588;82,93925;0;0;0;0;0;0;0;0;0;0;0;0;0;0;0;0;0;0;0;0;0;0;0;0;0;0;0;0;0;0;4,956244;5,735113;8,306436;10,45353;41,92995;17,17113;3,33695;24,93102;-10,49567;20,87003;103,5061;93,73179;-7,161714;59,51205;103,5771;93,79084;-12,07378;83,49284;103,3227;93,87057;-13,36859;83,17056;103,3113;94,1456;-11,16669;-25,08327;3,433485;3,34053;1,419067;-0,096588;-0,000458;0,000458;-4,89767;-23,53866;0;0,001831;0;0;0;0;0;0;0;0;-20,62683;124,1112;-342,6764;-400,8567;28,08036;-1,888275;0;-0,054932;35,52361;1091,519;0;0,164795;0;0;0;0;0;0;0;0
31;516,6666;00:00:00:517;0;0;0;-3,519914;0,050068;3,621712;-4,256683;-3,084212;7,124147;-4,663451;-5,728532;10,20872;-3,72264;-7,277319;12,75188;-2,370207;0;3,621712;-2,370207;0,05009;11,17456;-1,515418;-1,734345;15,85532;-1,769555;-3,975577;14,36137;-2,043432;-2,654709;12,68039;-0,895299;-0,03505;3,621712;-0,101118;0,01504;11,13133;0,279939;-4,80966;14,01389;-0,186126;-5,727981;11,13776;-0,320997;-3,286855;10,55658;0,443679;-0,000078;3,621712;1,958848;0,050012;10,3956;1,956898;-4,900703;10,96029;1,291642;-4,5595;8,264793;1,299567;-2,064208;8,756452;1,743431;-0,000171;3,621712;3,958467;0,049919;9,102249;3,988765;-3,889036;9,573995;3,469581;-3,655621;7,623217;3,475602;-1,393009;8,065563;0;0;0;-25,11106;-35,60611;115,6053;-21,69795;-35,60612;115,6053;3,03014;-35,35926;116,0502;3,030142;-35,35925;116,0502;-0,379977;0;0;20,49947;10,4671;-0,320166;124,131;10,21349;0,384417;-142,2417;9,428061;-0,227895;-142,2115;9,28569;-0,04168;-0,380045;6,036885;0;58,94654;7,248674;0,171188;162,3898;8,974293;-0,737147;-103,5512;9,245322;0,944744;-103,5596;9,457022;0,893027;-0,413454;12,60826;0;83,34498;12,07381;-1,420641;-173,3397;14,03063;-1,43514;-78,55447;13,04496;2,434527;-78,54193;13,30987;2,489643;-0,485496;22,00679;0;82,97962;13,36752;-1,190102;-173,7158;15,03487;-1,205828;-78,59131;14,0729;2,656634;-78,57709;14,35102;2,714563;0;0;0;0;0;0;1,017787;0,277072;0,465184;2,202563;0,618629;0,918969;3,231838;1,207217;0,901312;0;0;0;0;0;0;-0,133853;0,000726;0,024766;-0,0958;0,000469;0,018775;-0,046603;0,000156;0,010371;0;0;0;0;0;0;0,520846;1,13672;1,848131;0,313452;-0,009544;2,243355;0,12843;-0,240058;1,304224;0;0;0;0;0;0;0;0;0;0;0;0;0;0;0;0;0;0;0;0;0;0;0;0;0;0;0;0;0;0;0;0;0;0;0;0;-24,62134;-14,8125;-19,22608;-41,47634;-27,33439;-33,09846;-54,51319;-39,94881;-36,78918;0;0;0;0;0;0;-0,914633;0,003353;0,166297;-0,653788;0,002682;0,13411;-0,317842;0,001341;0,064373;0;0;0;0;0;0;0,32153;-3,434569;-7,730125;-0,555217;1,009852;-8,419454;-0,477601;1,452416;-4,685819;0;0;0;0;0;0;0;0;0;0;0;0;0;0;0;0;0;0;0;0;0;0;0;0;0;0;0;0;0;0;4,918675;5,68457;8,268167;10,4116;41,82491;16,87951;3,413174;24,98672;-10,46896;20,86822;103,5062;93,73177;-7,24806;59,14346;103,5771;93,79082;-12,07378;83,49284;103,3227;93,87057;-13,36859;83,17056;103,3113;94,1456;-6,30249;-17,49744;4,573431;3,341789;1,602745;-0,108719;0,000916;-0,001373;-5,180768;-22,11548;0;-0,001373;0;0;0;0;0;0;0;0;291,8518;455,1497;68,39674;0,075531;11,02066;-0,727844;0,082397;-0,109863;-16,98589;85,39123;0;-0,192261;0;0;0;0;0;0;0;0
32;533,3333;00:00:00:533;0;0;0;-3,519914;0,050068;3,621712;-4,249266;-3,086849;7,123338;-4,640806;-5,731187;10,20987;-3,686453;-7,275175;12,7509;-2,370207;0;3,621712;-2,370207;0,05009;11,17456;-1,51981;-1,73432;15,85613;-1,772698;-3,97556;14,36198;-2,044962;-2,654704;12,68073;-0,895299;-0,03505;3,621712;-0,101118;0,01504;11,13133;0,284153;-4,794123;14,03918;-0,182148;-5,727924;11,16808;-0,318886;-3,289991;10,57407;0,443679;-0,000078;3,621712;1,958848;0,050012;10,3956;1,956898;-4,900703;10,96029;1,291642;-4,5595;8,264793;1,299567;-2,064208;8,756452;1,743431;-0,000171;3,621712;3,958467;0,049919;9,102249;3,988765;-3,889036;9,573995;3,469581;-3,655621;7,623217;3,475602;-1,393009;8,065563;0;0;0;-25,0653;-35,65446;115,6533;-21,51885;-35,65447;115,6533;3,263878;-35,40874;116,0995;3,263879;-35,40874;116,0995;-0,379977;0;0;20,49888;10,41453;-0,3234;124,1297;10,16093;0,38107;-142,2424;9,375493;-0,231132;-142,2123;9,233129;-0,044944;-0,380045;6,036885;0;58,64192;7,26706;0,172324;162,0836;8,987863;-0,745324;-103,8571;9,267757;0,935163;-103,8657;9,479181;0,882298;-0,413454;12,60826;0;83,34498;12,07381;-1,420641;-173,3397;14,03063;-1,43514;-78,55447;13,04496;2,434527;-78,54193;13,30987;2,489643;-0,485496;22,00679;0;82,97962;13,36752;-1,190102;-173,7158;15,03487;-1,205828;-78,59131;14,0729;2,656634;-78,57709;14,35102;2,714563;0;0;0;0;0;0;0,445046;-0,158228;-0,048503;1,358695;-0,159301;0,068709;2,171226;0,128657;-0,059009;0;0;0;0;0;0;-0,263516;0,001498;0,048548;-0,188626;0,000961;0,036657;-0,091754;0,000302;0,020474;0;0;0;0;0;0;0,252854;0,932224;1,517504;0,23868;0,003397;1,819163;0,126698;-0,188202;1,049548;0;0;0;0;0;0;0;0;0;0;0;0;0;0;0;0;0;0;0;0;0;0;0;0;0;0;0;0;0;0;0;0;0;0;0;0;-34,36446;-26,11801;-30,82126;-50,63205;-46,6758;-51,01561;-63,63676;-64,71365;-57,61921;0;0;0;0;0;0;-7,779747;0,046268;1,426935;-5,569606;0,029504;1,072883;-2,709031;0,008717;0,606179;0;0;0;0;0;0;-16,0795;-12,26976;-19,83761;-4,48633;0,7765;-25,45148;-0,103936;3,111362;-15,28054;0;0;0;0;0;0;0;0;0;0;0;0;0;0;0;0;0;0;0;0;0;0;0;0;0;0;0;0;0;0;4,903893;5,653386;8,244404;10,38495;41,85544;16,76589;3,546409;25,04239;-10,41639;20,86466;103,5062;93,73177;-7,266417;58,84086;103,5771;93,79082;-12,07378;83,49284;103,3227;93,87057;-13,36859;83,17056;103,3113;94,1456;1,831741;-6,816673;7,994141;3,340301;3,154106;-0,213432;0;0;-1,101379;-18,15628;0,000458;0;0;0;0;0;0;0;0;0;488,0538;640,8463;205,2426;-0,089264;93,08165;-6,282805;-0,054932;0,082397;244,7633;237,5518;0,027466;0,082397;0;0;0;0;0;0;0;0
33;550;00:00:00:550;0;0;0;-3,519914;0,050068;3,621712;-4,246486;-3,090136;7,12097;-4,6306;-5,736057;10,20707;-3,671053;-7,279498;12,74648;-2,370207;0;3,621712;-2,370207;0,05009;11,17456;-1,520446;-1,713849;15,864;-1,771028;-3,961583;14,37924;-2,043571;-2,64806;12,6923;-0,895299;-0,03505;3,621712;-0,101118;0,01504;11,13133;0,287286;-4,780871;14,06057;-0,178823;-5,727748;11,19372;-0,317042;-3,292571;10,58886;0,443679;-0,000078;3,621712;1,958848;0,050012;10,3956;1,956898;-4,900703;10,96029;1,291642;-4,5595;8,264793;1,299567;-2,064208;8,756452;1,743431;-0,000171;3,621712;3,958467;0,049919;9,102249;3,988765;-3,889036;9,573995;3,469581;-3,655621;7,623217;3,475602;-1,393009;8,065563;0;0;0;-25,07764;-35,70043;115,6991;-21,45499;-35,70044;115,6991;3,327097;-35,4551;116,1459;3,327099;-35,4551;116,1459;-0,379977;0;0;20,25244;10,38913;-0,324963;123,8832;10,13851;0,380557;-142,4881;9,350493;-0,228172;-142,458;9,208914;-0,041382;-0,380045;6,036885;0;58,38409;7,27485;0,172805;161,8246;8,991539;-0,752686;-104,1161;9,278928;0,926538;-104,1249;9,490117;0,8727;-0,413454;12,60826;0;83,34498;12,07381;-1,420641;-173,3397;14,03063;-1,43514;-78,55447;13,04496;2,434527;-78,54193;13,30987;2,489643;-0,485496;22,00679;0;82,97962;13,36752;-1,190102;-173,7158;15,03487;-1,205828;-78,59131;14,0729;2,656634;-78,57709;14,35102;2,714563;0;0;0;0;0;0;0,166811;-0,197209;-0,142112;0,612326;-0,292182;-0,167593;0,923954;-0,259414;-0,265002;0;0;0;0;0;0;-0,038143;1,228239;0,471979;0,100248;0,838637;1,03569;0,083406;0,398666;0,694245;0;0;0;0;0;0;0,187978;0,795119;1,283526;0,199495;0,01055;1,538738;0,110608;-0,154808;0,887185;0;0;0;0;0;0;0;0;0;0;0;0;0;0;0;0;0;0;0;0;0;0;0;0;0;0;0;0;0;0;0;0;0;0;0;0;-16,69407;-2,338887;-5,616545;-44,78215;-7,972866;-14,17815;-74,8363;-23,28425;-12,35962;0;0;0;0;0;0;13,52236;73,6045;25,40588;17,33243;50,26057;59,942;10,50956;23,90183;40,42625;0;0;0;0;0;0;-3,892555;-8,226329;-14,03868;-2,351122;0,429153;-16,82549;-0,965427;2,00361;-9,741777;0;0;0;0;0;0;0;0;0;0;0;0;0;0;0;0;0;0;0;0;0;0;0;0;0;0;0;0;0;0;4,909364;5,639177;8,235696;10,3748;41,90453;16,73001;3,622609;25,04238;-10,39099;20,61387;103,5062;93,73174;-7,274216;58,58432;103,5771;93,79082;-12,07378;83,49284;103,3227;93,87057;-13,36859;83,17056;103,3113;94,1456;2,94548;-2,152748;4,571971;-0,000572;1,523895;-15,04749;0;-0,001373;-0,467949;-15,39207;-0,000458;0,000458;0;0;0;0;0;0;0;0;66,82433;279,8355;-205,3302;-200,4524;-97,81264;-890,0435;0;-0,082397;38,00583;165,8524;-0,054932;0,027466;0;0;0;0;0;0;0;0
34;566,6666;00:00:00:567;0;0;0;-3,519914;0,050068;3,621712;-4,246486;-3,090136;7,12097;-4,6306;-5,736057;10,20707;-3,671053;-7,279498;12,74648;-2,370207;0;3,621712;-2,370207;0,05009;11,17456;-1,520446;-1,713849;15,864;-1,771028;-3,961583;14,37924;-2,043571;-2,64806;12,6923;-0,895299;-0,03505;3,621712;-0,101118;0,01504;11,13133;0,287286;-4,780871;14,06057;-0,178823;-5,727748;11,19372;-0,317042;-3,292571;10,58886;0,443679;-0,000078;3,621712;1,958848;0,050012;10,3956;1,956898;-4,900703;10,96029;1,291642;-4,5595;8,264793;1,299567;-2,064208;8,756452;1,743431;-0,000171;3,621712;3,958467;0,049919;9,102249;3,988765;-3,889036;9,573995;3,469581;-3,655621;7,623217;3,475602;-1,393009;8,065563;0;0;0;-25,07764;-35,70043;115,6991;-21,45499;-35,70044;115,6991;3,327097;-35,4551;116,1459;3,327099;-35,4551;116,1459;-0,379977;0;0;20,25244;10,38913;-0,324963;123,8832;10,13851;0,380557;-142,4881;9,350493;-0,228172;-142,458;9,208914;-0,041382;-0,380045;6,036885;0;58,38409;7,27485;0,172805;161,8246;8,991539;-0,752686;-104,1161;9,278928;0,926538;-104,1249;9,490117;0,8727;-0,413454;12,60826;0;83,34498;12,07381;-1,420641;-173,3397;14,03063;-1,43514;-78,55447;13,04496;2,434527;-78,54193;13,30987;2,489643;-0,485496;22,00679;0;82,97962;13,36752;-1,190102;-173,7158;15,03487;-1,205828;-78,59131;14,0729;2,656634;-78,57709;14,35102;2,714563;0;0;0;0;0;0;0;0;0;0;0;0;0;0;0;0;0;0;0;0;0;0;0;0;0;0;0;0;0;0;0;0;0;0;0;0;0;0;0;0;0;0;0;0;0;0;0;0;0;0;0;0;0;0;0;0;0;0;0;0;0;0;0;0;0;0;0;0;0;0;0;0;0;0;0;0;0;0;0;0;0;-10,00866;11,83256;8,526741;-36,73955;17,53091;10,0556;-55,43723;15,56486;15,90013;0;0;0;0;0;0;2,288594;-73,69435;-28,31876;-6,014853;-50,31824;-62,14141;-5,004331;-23,91994;-41,6547;0;0;0;0;0;0;-11,27869;-47,70711;-77,01157;-11,96969;-0,633001;-92,3243;-6,636456;9,288488;-53,23112;0;0;0;0;0;0;0;0;0;0;0;0;0;0;0;0;0;0;0;0;0;0;0;0;0;0;0;0;0;0;4,909364;5,639177;8,235696;10,3748;41,90453;16,73001;3,622609;25,04238;-10,39099;20,61387;103,5062;93,73174;-7,274216;58,58432;103,5771;93,79082;-12,07378;83,49284;103,3227;93,87057;-13,36859;83,17056;103,3113;94,1456;0;0;0;0;0;0;0;0;0;0;0;0;0;0;0;0;0;0;0;0;-176,7288;129,1649;-274,3183;0,034332;-91,4337;902,8495;0;0,082397;28,07693;923,5244;0,027466;-0,027466;0;0;0;0;0;0;0;0
35;583,3333;00:00:00:583;0;0;0;-3,519914;0,050068;3,621712;-4,248466;-3,104935;7,107219;-4,629383;-5,762534;10,18367;-3,668266;-7,313462;12,71792;-2,370207;0;3,621712;-2,370207;0,05009;11,17456;-1,516005;-1,703141;15,8672;-1,766721;-3,95425;14,38759;-2,04117;-2,644566;12,69798;-0,895299;-0,03505;3,621712;-0,101118;0,01504;11,13133;0,293074;-4,76264;14,08945;-0,17407;-5,727324;11,22871;-0,31467;-3,295986;10,60913;0,443679;-0,000078;3,621712;1,958848;0,050012;10,3956;1,956898;-4,900703;10,96029;1,291642;-4,5595;8,264793;1,299567;-2,064208;8,756452;1,743431;-0,000171;3,621712;3,958467;0,049919;9,102249;3,988765;-3,889036;9,573995;3,469581;-3,655621;7,623217;3,475602;-1,393009;8,065563;0;0;0;-25,2893;-35,87531;115,874;-21,59047;-35,87532;115,874;3,190385;-35,62912;116,321;3,190385;-35,62912;116,321;-0,379977;0;0;20,124;10,43295;-0,322267;123,7554;10,18389;0,383918;-142,6161;9,394529;-0,223105;-142,5858;9,253362;-0,035971;-0,380045;6,036885;0;58,03275;7,312279;0,17512;161,4712;9,0233;-0,7611;-104,4687;9,320902;0,916472;-104,4778;9,531759;0,86131;-0,413454;12,60826;0;83,34498;12,07381;-1,420641;-173,3397;14,03063;-1,43514;-78,55447;13,04496;2,434527;-78,54193;13,30987;2,489643;-0,485496;22,00679;0;82,97962;13,36752;-1,190102;-173,7158;15,03487;-1,205828;-78,59131;14,0729;2,656634;-78,57709;14,35102;2,714563;0;0;0;0;0;0;-0,118777;-0,887968;-0,825048;0,073045;-1,58865;-1,404181;0,167236;-2,037808;-1,713842;0;0;0;0;0;0;0,266483;0,642478;0,192493;0,258386;0,439972;0,501037;0,144068;0,209648;0,340819;0;0;0;0;0;0;0,347307;1,093849;1,732528;0,285191;0,025436;2,09932;0,142319;-0,204876;1,216292;0;0;0;0;0;0;0;0;0;0;0;0;0;0;0;0;0;0;0;0;0;0;0;0;0;0;0;0;0;0;0;0;0;0;0;0;-7,126628;-53,27806;-49,50285;4,382729;-95,319;-84,25085;10,03414;-122,2685;-102,8305;0;0;0;0;0;0;15,98898;38,5487;11,54959;15,50317;26,3983;30,06219;8,644088;12,57889;20,44916;0;0;0;0;0;0;20,83841;65,63096;103,9517;17,11148;1,526177;125,9592;8,539146;-12,29256;72,97753;0;0;0;0;0;0;0;0;0;0;0;0;0;0;0;0;0;0;0;0;0;0;0;0;0;0;0;0;0;0;4,944333;5,642137;8,2418;10,37936;42,15069;16,80619;3,698882;25,04238;-10,43479;20,48631;103,5062;93,73179;-7,31161;58,23614;103,5771;93,79083;-12,07378;83,49284;103,3227;93,87057;-13,36859;83,17056;103,3113;94,1456;14,76952;4,570313;4,576392;0;-2,627907;-7,65335;0;0,002747;-2,243671;-20,89096;0,000916;0,000458;0;0;0;0;0;0;0;0;886,1708;274,2188;274,5835;0;-157,6744;-459,201;0;0,164795;-134,6203;-1253,458;0,054932;0,027466;0;0;0;0;0;0;0;0
36;600;00:00:00:600;0;0;0;-3,519914;0,050068;3,621712;-4,248466;-3,104935;7,107219;-4,629383;-5,762534;10,18367;-3,668266;-7,313462;12,71792;-2,370207;0;3,621712;-2,370207;0,05009;11,17456;-1,516005;-1,703141;15,8672;-1,766721;-3,95425;14,38759;-2,04117;-2,644566;12,69798;-0,895299;-0,03505;3,621712;-0,101118;0,01504;11,13133;0,293074;-4,76264;14,08945;-0,17407;-5,727324;11,22871;-0,31467;-3,295986;10,60913;0,443679;-0,000078;3,621712;1,958848;0,050012;10,3956;1,956898;-4,900703;10,96029;1,291642;-4,5595;8,264793;1,299567;-2,064208;8,756452;1,743431;-0,000171;3,621712;3,958467;0,049919;9,102249;3,988765;-3,889036;9,573995;3,469581;-3,655621;7,623217;3,475602;-1,393009;8,065563;0;0;0;-25,2893;-35,87531;115,874;-21,59047;-35,87532;115,874;3,190385;-35,62912;116,321;3,190385;-35,62912;116,321;-0,379977;0;0;20,124;10,43295;-0,322267;123,7554;10,18389;0,383918;-142,6161;9,394529;-0,223105;-142,5858;9,253362;-0,035971;-0,380045;6,036885;0;58,03275;7,312279;0,17512;161,4712;9,0233;-0,7611;-104,4687;9,320902;0,916472;-104,4778;9,531759;0,86131;-0,413454;12,60826;0;83,34498;12,07381;-1,420641;-173,3397;14,03063;-1,43514;-78,55447;13,04496;2,434527;-78,54193;13,30987;2,489643;-0,485496;22,00679;0;82,97962;13,36752;-1,190102;-173,7158;15,03487;-1,205828;-78,59131;14,0729;2,656634;-78,57709;14,35102;2,714563;0;0;0;0;0;0;0;0;0;0;0;0;0;0;0;0;0;0;0;0;0;0;0;0;0;0;0;0;0;0;0;0;0;0;0;0;0;0;0;0;0;0;0;0;0;0;0;0;0;0;0;0;0;0;0;0;0;0;0;0;0;0;0;0;0;0;0;0;0;0;0;0;0;0;0;0;0;0;0;0;0;7,126628;53,27806;49,50285;-4,382729;95,319;84,25085;-10,03414;122,2685;102,8305;0;0;0;0;0;0;-15,98898;-38,5487;-11,54959;-15,50317;-26,3983;-30,06219;-8,644088;-12,57889;-20,44916;0;0;0;0;0;0;-20,83841;-65,63096;-103,9517;-17,11148;-1,526177;-125,9592;-8,539146;12,29256;-72,97753;0;0;0;0;0;0;0;0;0;0;0;0;0;0;0;0;0;0;0;0;0;0;0;0;0;0;0;0;0;0;4,944333;5,642137;8,2418;10,37936;42,15069;16,80619;3,698882;25,04238;-10,43479;20,48631;103,5062;93,73179;-7,31161;58,23614;103,5771;93,79083;-12,07378;83,49284;103,3227;93,87057;-13,36859;83,17056;103,3113;94,1456;14,76952;4,570313;4,576392;0;-2,627907;-7,65335;0;0,002747;-2,243671;-20,89096;0,000916;0,000458;0;0;0;0;0;0;0;0;886,1708;274,2188;274,5835;0;-157,6744;-459,201;0;0,164795;-134,6203;-1253,458;0,054932;0,027466;0;0;0;0;0;0;0;0
37;616,6666;00:00:00:617;0;0;0;-3,519914;0,050068;3,621712;-4,246149;-3,11053;7,102631;-4,621333;-5,771995;10,17644;-3,647032;-7,319321;12,70786;-2,370207;0;3,621712;-2,370207;0,05009;11,17456;-1,506941;-1,696357;15,86807;-1,759483;-3,949596;14,39202;-2,037446;-2,642342;12,7011;-0,895299;-0,03505;3,621712;-0,101118;0,01504;11,13133;0,294177;-4,760195;14,09325;-0,173387;-5,727252;11,23338;-0,314384;-3,296433;10,61185;0,443679;-0,000078;3,621712;1,958848;0,050012;10,3956;1,956898;-4,900703;10,96029;1,291642;-4,5595;8,264793;1,299567;-2,064208;8,756452;1,743431;-0,000171;3,621712;3,958467;0,049919;9,102249;3,988765;-3,889036;9,573995;3,469581;-3,655621;7,623217;3,475602;-1,393009;8,065563;0;0;0;-25,33708;-35,94831;115,9472;-21,5811;-35,94832;115,9473;3,393874;-35,70219;116,3947;3,393875;-35,70218;116,3947;-0,379977;0;0;20,04309;10,53533;-0,315968;123,6758;10,28724;0,390805;-142,6965;9,497044;-0,215289;-142,6658;9,356136;-0,0279;-0,380045;6,036885;0;57,98594;7,323077;0,175787;161,424;9,033335;-0,761874;-104,5156;9,332302;0,915498;-104,5247;9,543112;0,860161;-0,413454;12,60826;0;83,34498;12,07381;-1,420641;-173,3397;14,03063;-1,43514;-78,55447;13,04496;2,434527;-78,54193;13,30987;2,489643;-0,485496;22,00679;0;82,97962;13,36752;-1,190102;-173,7158;15,03487;-1,205828;-78,59131;14,0729;2,656634;-78,57709;14,35102;2,714563;0;0;0;0;0;0;0,139006;-0,335656;-0,275284;0,483021;-0,567622;-0,433579;1,274072;-0,351548;-0,603765;0;0;0;0;0;0;0,543835;0,40707;0,052214;0,434294;0,279285;0,265718;0,223495;0,133429;0,187129;0;0;0;0;0;0;0,066189;0,146762;0,227988;0,040976;0,004336;0,280112;0,017175;-0,026844;0,163436;0;0;0;0;0;0;0;0;0;0;0;0;0;0;0;0;0;0;0;0;0;0;0;0;0;0;0;0;0;0;0;0;0;0;0;0;8,340327;-20,13936;-16,51704;28,98127;-34,05734;-26,01475;76,44428;-21,09289;-36,22591;0;0;0;0;0;0;32,63007;24,42419;3,13282;26,05766;16,7571;15,94305;13,4097;8,005723;11,22773;0;0;0;0;0;0;3,971345;8,805691;13,67926;2,45858;0,260174;16,80672;1,030471;-1,610667;9,806154;0;0;0;0;0;0;0;0;0;0;0;0;0;0;0;0;0;0;0;0;0;0;0;0;0;0;0;0;0;0;4,946206;5,6288;8,22792;10,36359;42,23876;16,78479;3,755984;25,23725;-10,53715;20,41012;103,5062;93,73175;-7,322416;58,19008;103,5771;93,79082;-12,07378;83,49284;103,3227;93,87057;-13,36859;83,17056;103,3113;94,1456;5,284423;-1,284027;3,426132;11,6922;-6,141757;-4,571342;0,000458;-0,002289;-0,648365;-2,763519;-0,000916;-0,000458;0;0;0;0;0;0;0;0;-569,1055;-351,2603;-69,01558;701,5319;-210,831;184,9205;0,027466;-0,302124;95,71838;1087,646;-0,109863;-0,054932;0;0;0;0;0;0;0;0
38;633,3333;00:00:00:633;0;0;0;-3,519914;0,050068;3,621712;-4,246149;-3,11053;7,102631;-4,621333;-5,771995;10,17644;-3,647032;-7,319321;12,70786;-2,370207;0;3,621712;-2,370207;0,05009;11,17456;-1,506941;-1,696357;15,86807;-1,759483;-3,949596;14,39202;-2,037446;-2,642342;12,7011;-0,895299;-0,03505;3,621712;-0,101118;0,01504;11,13133;0,294177;-4,760195;14,09325;-0,173387;-5,727252;11,23338;-0,314384;-3,296433;10,61185;0,443679;-0,000078;3,621712;1,958848;0,050012;10,3956;1,956898;-4,900703;10,96029;1,291642;-4,5595;8,264793;1,299567;-2,064208;8,756452;1,743431;-0,000171;3,621712;3,958467;0,049919;9,102249;3,988765;-3,889036;9,573995;3,469581;-3,655621;7,623217;3,475602;-1,393009;8,065563;0;0;0;-25,33708;-35,94831;115,9472;-21,5811;-35,94832;115,9473;3,393874;-35,70219;116,3947;3,393875;-35,70218;116,3947;-0,379977;0;0;20,04309;10,53533;-0,315968;123,6758;10,28724;0,390805;-142,6965;9,497044;-0,215289;-142,6658;9,356136;-0,0279;-0,380045;6,036885;0;57,98594;7,323077;0,175787;161,424;9,033335;-0,761874;-104,5156;9,332302;0,915498;-104,5247;9,543112;0,860161;-0,413454;12,60826;0;83,34498;12,07381;-1,420641;-173,3397;14,03063;-1,43514;-78,55447;13,04496;2,434527;-78,54193;13,30987;2,489643;-0,485496;22,00679;0;82,97962;13,36752;-1,190102;-173,7158;15,03487;-1,205828;-78,59131;14,0729;2,656634;-78,57709;14,35102;2,714563;0;0;0;0;0;0;0;0;0;0;0;0;0;0;0;0;0;0;0;0;0;0;0;0;0;0;0;0;0;0;0;0;0;0;0;0;0;0;0;0;0;0;0;0;0;0;0;0;0;0;0;0;0;0;0;0;0;0;0;0;0;0;0;0;0;0;0;0;0;0;0;0;0;0;0;0;0;0;0;0;0;-8,340327;20,13936;16,51704;-28,98127;34,05734;26,01475;-76,44428;21,09289;36,22591;0;0;0;0;0;0;-32,63007;-24,42419;-3,13282;-26,05766;-16,7571;-15,94305;-13,4097;-8,005723;-11,22773;0;0;0;0;0;0;-3,971345;-8,805691;-13,67926;-2,45858;-0,260174;-16,80672;-1,030471;1,610667;-9,806154;0;0;0;0;0;0;0;0;0;0;0;0;0;0;0;0;0;0;0;0;0;0;0;0;0;0;0;0;0;0;4,946206;5,6288;8,22792;10,36359;42,23876;16,78479;3,755984;25,23725;-10,53715;20,41012;103,5062;93,73175;-7,322416;58,19008;103,5771;93,79082;-12,07378;83,49284;103,3227;93,87057;-13,36859;83,17056;103,3113;94,1456;0;0;0;0;0;0;0;0;0;0;0;0;0;0;0;0;0;0;0;0;-317,0654;77,04162;-205,5679;-701,5319;368,5054;274,2805;-0,027466;0,137329;38,9019;165,8111;0,054932;0,027466;0;0;0;0;0;0;0;0
39;650;00:00:00:650;0;0;0;-3,519914;0,050068;3,621712;-4,249334;-3,13572;7,078921;-4,62753;-5,819027;10,13331;-3,623464;-7,364225;12,65438;-2,370207;0;3,621712;-2,370207;0,05009;11,17456;-1,499234;-1,703234;15,86408;-1,754655;-3,95431;14,38523;-2,035284;-2,644585;12,69667;-0,895299;-0,03505;3,621712;-0,101118;0,01504;11,13133;0,291576;-4,757757;14,09752;-0,173221;-5,72717;11,238;-0,313738;-3,296866;10,61436;0,443679;-0,000078;3,621712;1,958848;0,050012;10,3956;1,956898;-4,900703;10,96029;1,291642;-4,5595;8,264793;1,299567;-2,064208;8,756452;1,743431;-0,000171;3,621712;3,958467;0,049919;9,102249;3,988765;-3,889036;9,573995;3,469581;-3,655621;7,623217;3,475602;-1,393009;8,065563;0;0;0;-25,70099;-36,24711;116,2491;-21,94501;-36,24713;116,2492;3,724221;-35,99868;116,6964;3,724223;-35,99868;116,6964;-0,379977;0;0;20,12625;10,63334;-0,309933;123,7602;10,38424;0,396689;-142,6135;9,594915;-0,210755;-142,5825;9,453743;-0,023519;-0,380045;6,036885;0;57,93863;7,268681;0,172424;161,3774;8,978179;-0,766526;-104,5639;9,278515;0,91034;-104,573;9,489281;0,854829;-0,413454;12,60826;0;83,34498;12,07381;-1,420641;-173,3397;14,03063;-1,43514;-78,55447;13,04496;2,434527;-78,54193;13,30987;2,489643;-0,485496;22,00679;0;82,97962;13,36752;-1,190102;-173,7158;15,03487;-1,205828;-78,59131;14,0729;2,656634;-78,57709;14,35102;2,714563;0;0;0;0;0;0;-0,191107;-1,511413;-1,422599;-0,371844;-2,821974;-2,58784;1,41406;-2,694279;-3,208816;0;0;0;0;0;0;0,462407;-0,412636;-0,239342;0,289656;-0,282861;-0,407517;0,129685;-0,134591;-0,266165;0;0;0;0;0;0;-0,15606;0,14627;0,25633;0,009949;0,004917;0,277206;0,038777;-0,02595;0,15007;0;0;0;0;0;0;0;0;0;0;0;0;0;0;0;0;0;0;0;0;0;0;0;0;0;0;0;0;0;0;0;0;0;0;0;0;-11,46644;-90,68481;-85,35593;-22,31061;-169,3185;-155,2704;84,84362;-161,6567;-192,5289;0;0;0;0;0;0;27,74443;-24,75813;-14,36055;17,37937;-16,97167;-24,45102;7,781087;-8,075459;-15,96987;0;0;0;0;0;0;-9,36359;8,776186;15,37978;0,596959;0,295043;16,63238;2,326648;-1,557022;9,004174;0;0;0;0;0;0;0;0;0;0;0;0;0;0;0;0;0;0;0;0;0;0;0;0;0;0;0;0;0;0;4,979871;5,626667;8,217071;10,34937;42,66028;16,91386;3,755932;25,9332;-10,63515;20,4998;103,5062;93,73175;-7,268036;58,13998;103,5771;93,79083;-12,07378;83,49284;103,3227;93,87057;-13,36859;83,17056;103,3113;94,1456;25,29121;7,744674;-0,003147;41,75731;-5,880146;5,380783;-0,000458;0;3,262825;-3,006363;0;0,000458;0;0;0;0;0;0;0;0;1517,473;464,6804;-0,188828;2505,439;-352,8087;322,847;-0,027466;0;195,7695;-180,3817;0;0,027466;0;0;0;0;0;0;0;0
40;666,6666;00:00:00:667;0;0;0;-3,519914;0,050068;3,621712;-4,283431;-3,164311;7,044927;-4,695168;-5,874492;10,07113;-3,645097;-7,406629;12,58139;-2,370207;0;3,621712;-2,370207;0,05009;11,17456;-1,492621;-1,716929;15,85771;-1,751357;-3,963683;14,37287;-2,03407;-2,649044;12,68848;-0,895299;-0,03505;3,621712;-0,101118;0,01504;11,13133;0,28808;-4,760213;14,09402;-0,174233;-5,727243;11,23329;-0,313787;-3,296414;10,61149;0,443679;-0,000078;3,621712;1,958848;0,050012;10,3956;1,956898;-4,900703;10,96029;1,291642;-4,5595;8,264793;1,299567;-2,064208;8,756452;1,743431;-0,000171;3,621712;3,958467;0,049919;9,102249;3,988765;-3,889036;9,573995;3,469581;-3,655621;7,623217;3,475602;-1,393009;8,065563;0;0;0;-26,44635;-36,5205;116,5281;-22,74752;-36,52051;116,5281;4,424973;-36,26702;116,9725;4,424985;-36,26703;116,9724;-0,379977;0;0;20,2914;10,72445;-0,30432;123,9263;10,47334;0,401775;-142,4487;9,685746;-0,208152;-142,4175;9,544038;-0,021279;-0,380045;6,036885;0;57,9851;7,215681;0,169148;161,4249;8,925943;-0,768262;-104,5179;9,224925;0,908603;-104,5268;9,435734;0,853275;-0,413454;12,60826;0;83,34498;12,07381;-1,420641;-173,3397;14,03063;-1,43514;-78,55447;13,04496;2,434527;-78,54193;13,30987;2,489643;-0,485496;22,00679;0;82,97962;13,36752;-1,190102;-173,7158;15,03487;-1,205828;-78,59131;14,0729;2,656634;-78,57709;14,35102;2,714563;0;0;0;0;0;0;-2,04581;-1,715496;-2,039641;-4,058294;-3,327884;-3,73131;-1,29801;-2,544209;-4,378974;0;0;0;0;0;0;0,39676;-0,821684;-0,382572;0,197891;-0,56237;-0,74172;0,072855;-0,267528;-0,491381;0;0;0;0;0;0;-0,209771;-0,147387;-0,209659;-0,060705;-0,004359;-0,282258;-0,002987;0,027135;-0,172198;0;0;0;0;0;0;0;0;0;0;0;0;0;0;0;0;0;0;0;0;0;0;0;0;0;0;0;0;0;0;0;0;0;0;0;0;-111,2822;-12,24496;-37,02252;-221,187;-30,35457;-68,60822;-162,7242;9,004175;-70,20948;0;0;0;0;0;0;-3,938821;-24,54288;-8,593797;-5,505903;-16,77051;-20,05219;-3,409758;-7,976218;-13,51297;0;0;0;0;0;0;-3,222675;-17,61943;-27,95935;-4,239231;-0,556558;-33,56784;-2,505853;3,185123;-19,33604;0;0;0;0;0;0;0;0;0;0;0;0;0;0;0;0;0;0;0;0;0;0;0;0;0;0;0;0;0;0;5,024091;5,645532;8,223221;10,35667;43,19792;17,57352;3,698829;27,43652;-10,72629;20,6722;103,5062;93,73176;-7,21507;58,18344;103,5771;93,79082;-12,07378;83,49284;103,3227;93,87057;-13,36859;83,17056;103,3113;94,1456;32,25838;39,57939;-3,426161;90,19878;-5,468273;10,34397;0,000458;0,000458;3,177938;2,607651;0,000458;-0,000458;0;0;0;0;0;0;0;0;418,0299;1910,083;-205,3808;2906,488;24,71237;297,7913;0,054932;0,027466;-5,093193;336,8408;0,027466;-0,054932;0;0;0;0;0;0;0;0
41;683,3333;00:00:00:683;0;0;0;-3,519914;0,050068;3,621712;-4,283431;-3,164311;7,044927;-4,695168;-5,874492;10,07113;-3,645097;-7,406629;12,58139;-2,370207;0;3,621712;-2,370207;0,05009;11,17456;-1,492621;-1,716929;15,85771;-1,751357;-3,963683;14,37287;-2,03407;-2,649044;12,68848;-0,895299;-0,03505;3,621712;-0,101118;0,01504;11,13133;0,28808;-4,760213;14,09402;-0,174233;-5,727243;11,23329;-0,313787;-3,296414;10,61149;0,443679;-0,000078;3,621712;1,958848;0,050012;10,3956;1,956898;-4,900703;10,96029;1,291642;-4,5595;8,264793;1,299567;-2,064208;8,756452;1,743431;-0,000171;3,621712;3,958467;0,049919;9,102249;3,988765;-3,889036;9,573995;3,469581;-3,655621;7,623217;3,475602;-1,393009;8,065563;0;0;0;-26,44635;-36,5205;116,5281;-22,74752;-36,52051;116,5281;4,424973;-36,26702;116,9725;4,424985;-36,26703;116,9724;-0,379977;0;0;20,2914;10,72445;-0,30432;123,9263;10,47334;0,401775;-142,4487;9,685746;-0,208152;-142,4175;9,544038;-0,021279;-0,380045;6,036885;0;57,9851;7,215681;0,169148;161,4249;8,925943;-0,768262;-104,5179;9,224925;0,908603;-104,5268;9,435734;0,853275;-0,413454;12,60826;0;83,34498;12,07381;-1,420641;-173,3397;14,03063;-1,43514;-78,55447;13,04496;2,434527;-78,54193;13,30987;2,489643;-0,485496;22,00679;0;82,97962;13,36752;-1,190102;-173,7158;15,03487;-1,205828;-78,59131;14,0729;2,656634;-78,57709;14,35102;2,714563;0;0;0;0;0;0;0;0;0;0;0;0;0;0;0;0;0;0;0;0;0;0;0;0;0;0;0;0;0;0;0;0;0;0;0;0;0;0;0;0;0;0;0;0;0;0;0;0;0;0;0;0;0;0;0;0;0;0;0;0;0;0;0;0;0;0;0;0;0;0;0;0;0;0;0;0;0;0;0;0;0;122,7486;102,9298;122,3785;243,4976;199,673;223,8786;77,88061;152,6525;262,7384;0;0;0;0;0;0;-23,80561;49,30101;22,95434;-11,87347;33,74218;44,5032;-4,371329;16,05168;29,48284;0;0;0;0;0;0;12,58627;8,843242;12,57956;3,642272;0,261515;16,93546;0,179205;-1,628101;10,33187;0;0;0;0;0;0;0;0;0;0;0;0;0;0;0;0;0;0;0;0;0;0;0;0;0;0;0;0;0;0;5,024091;5,645532;8,223221;10,35667;43,19792;17,57352;3,698829;27,43652;-10,72629;20,6722;103,5062;93,73176;-7,21507;58,18344;103,5771;93,79082;-12,07378;83,49284;103,3227;93,87057;-13,36859;83,17056;103,3113;94,1456;32,25838;39,57939;-3,426161;90,19878;-5,468273;10,34397;0,000458;0,000458;3,177938;2,607651;0,000458;-0,000458;0;0;0;0;0;0;0;0;418,0299;1910,083;-205,3808;2906,488;24,71237;297,7913;0,054932;0,027466;-5,093193;336,8408;0,027466;-0,054932;0;0;0;0;0;0;0;0
42;700;00:00:00:700;0;0;0;-3,519914;0,050068;3,621712;-4,303697;-3,186107;7,01972;-4,738211;-5,917013;10,02402;-3,633384;-7,427797;12,52371;-2,370207;0;3,621712;-2,370207;0,05009;11,17456;-1,481396;-1,720887;15,85409;-1,743723;-3,966385;14,36799;-2,030465;-2,650323;12,68539;-0,895299;-0,03505;3,621712;-0,101118;0,01504;11,13133;0,282463;-4,76023;14,09473;-0,175012;-5,727234;11,23321;-0,313237;-3,296395;10,61115;0,443679;-0,000078;3,621712;1,958848;0,050012;10,3956;1,956898;-4,900703;10,96029;1,291642;-4,5595;8,264793;1,299567;-2,064208;8,756452;1,743431;-0,000171;3,621712;3,958467;0,049919;9,102249;3,988765;-3,889036;9,573995;3,469581;-3,655621;7,623217;3,475602;-1,393009;8,065563;0;0;0;-26,95903;-36,74321;116,7572;-23,33638;-36,74321;116,7572;5,367048;-36,48607;117,1996;5,367053;-36,48608;117,1996;-0,379977;0;0;20,33987;10,8623;-0,295821;123,9765;10,61059;0,410374;-142,4002;9,82352;-0,200505;-142,3685;9,681658;-0,013677;-0,380045;6,036885;0;57,98435;7,116754;0,163036;161,4258;8,827015;-0,774145;-104,5199;9,126017;0,902255;-104,5288;9,336822;0,846937;-0,413454;12,60826;0;83,34498;12,07381;-1,420641;-173,3397;14,03063;-1,43514;-78,55447;13,04496;2,434527;-78,54193;13,30987;2,489643;-0,485496;22,00679;0;82,97962;13,36752;-1,190102;-173,7158;15,03487;-1,205828;-78,59131;14,0729;2,656634;-78,57709;14,35102;2,714563;0;0;0;0;0;0;-1,215957;-1,307711;-1,512453;-2,582542;-2,551228;-2,826199;0,702828;-1,270071;-3,461212;0;0;0;0;0;0;0,673492;-0,237498;-0,216901;0,458077;-0,16214;-0,292897;0,216298;-0,076756;-0,18543;0;0;0;0;0;0;-0,337059;-0,000983;0,042379;-0,046754;0,000514;-0,004828;0,033005;0,001095;-0,020429;0;0;0;0;0;0;0;0;0;0;0;0;0;0;0;0;0;0;0;0;0;0;0;0;0;0;0;0;0;0;0;0;0;0;0;0;-72,95741;-78,46265;-90,74716;-154,9525;-153,0736;-169,5719;42,16969;-76,20423;-207,6727;0;0;0;0;0;0;40,40948;-14,2499;-13,01408;27,48459;-9,728371;-17,57383;12,97787;-4,605352;-11,1258;0;0;0;0;0;0;-20,22352;-0,059009;2,542734;-2,805255;0,030845;-0,289679;1,980308;0,065714;-1,225769;0;0;0;0;0;0;0;0;0;0;0;0;0;0;0;0;0;0;0;0;0;0;0;0;0;0;0;0;0;0;5,0418;5,634691;8,203311;10,33593;43,60261;17,98869;3,622663;28,96766;-10,86412;20,72922;103,5061;93,73176;-7,11618;58,17743;103,5771;93,79082;-12,07378;83,49284;103,3227;93,87057;-13,36859;83,17056;103,3113;94,1456;24,28139;24,90989;-4,569955;91,86835;-8,269501;3,421211;-0,000916;0;5,933389;-0,360489;-0,000458;-0,000458;0;0;0;0;0;0;0;0;-478,6195;-880,1695;-68,62766;100,1747;-168,0737;-415,3655;-0,082397;-0,027466;165,327;-178,0883;-0,054932;0;0;0;0;0;0;0;0;0
43;716,6666;00:00:00:717;0;0;0;-3,519914;0,050068;3,621712;-4,32572;-3,206856;6,994651;-4,784513;-5,957628;9,977141;-3,63168;-7,449285;12,46661;-2,370207;0;3,621712;-2,370207;0,05009;11,17456;-1,461307;-1,722938;15,84946;-1,729528;-3,967781;14,36341;-2,023611;-2,650976;12,68266;-0,895299;-0,03505;3,621712;-0,101118;0,01504;11,13133;0,283828;-4,767542;14,08274;-0,176381;-5,727448;11,21927;-0,31453;-3,295063;10,60325;0,443679;-0,000078;3,621712;1,958848;0,050012;10,3956;1,956898;-4,900703;10,96029;1,291642;-4,5595;8,264793;1,299567;-2,064208;8,756452;1,743431;-0,000171;3,621712;3,958467;0,049919;9,102249;3,988765;-3,889036;9,573995;3,469581;-3,655621;7,623217;3,475602;-1,393009;8,065563;0;0;0;-27,48122;-36,95091;116,9725;-23,93476;-36,95092;116,9725;6,188495;-36,69008;117,4127;6,188499;-36,69008;117,4127;-0,379977;0;0;20,36617;11,10476;-0,280853;124,0058;10,85271;0,42579;-142,3736;10,06593;-0,18595;-142,3411;9,923984;0,000947;-0,380045;6,036885;0;58,12538;7,166201;0,16609;161,5666;8,878739;-0,766956;-104,3776;9,173646;0,910419;-104,3864;9,384588;0,855622;-0,413454;12,60826;0;83,34498;12,07381;-1,420641;-173,3397;14,03063;-1,43514;-78,55447;13,04496;2,434527;-78,54193;13,30987;2,489643;-0,485496;22,00679;0;82,97962;13,36752;-1,190102;-173,7158;15,03487;-1,205828;-78,59131;14,0729;2,656634;-78,57709;14,35102;2,714563;0;0;0;0;0;0;-1,321413;-1,244925;-1,504093;-2,77812;-2,436898;-2,812832;0,102215;-1,289293;-3,425539;0;0;0;0;0;0;1,20539;-0,123046;-0,278235;0,851691;-0,08373;-0,274569;0,411205;-0,039149;-0,163525;0;0;0;0;0;0;0,081925;-0,438742;-0,719726;-0,082104;-0,012785;-0,836715;-0,077558;0,079975;-0,473544;0;0;0;0;0;0;0;0;0;0;0;0;0;0;0;0;0;0;0;0;0;0;0;0;0;0;0;0;0;0;0;0;0;0;0;0;-6,327331;3,767162;0,501573;-11,73466;6,85975;0,801981;-36,03681;-1,15335;2,140403;0;0;0;0;0;0;31,91393;6,867125;-3,679989;23,61685;4,704594;1,099706;11,69443;2,256408;1,314282;0;0;0;0;0;0;25,139;-26,26553;-45,72629;-2,120956;-0,797957;-49,91322;-6,633773;4,732757;-27,18687;0;0;0;0;0;0;0;0;0;0;0;0;0;0;0;0;0;0;0;0;0;0;0;0;0;0;0;0;0;0;5,065208;5,63322;8,190334;10,32285;43,99747;18,43632;3,546409;30,38744;-11,10658;20,77001;103,5061;93,73178;-7,165603;58,32064;103,5771;93,79081;-12,07378;83,49284;103,3227;93,87057;-13,36859;83,17056;103,3113;94,1456;23,69179;26,85814;-4,575233;85,18707;-14,54767;2,44709;0;0,001373;-2,965336;8,592453;0;-0,000458;0;0;0;0;0;0;0;0;-35,37598;116,8945;-0,316687;-400,8773;-376,6902;-58,44726;0,054932;0,082397;-533,9235;537,1765;0,027466;0;0;0;0;0;0;0;0;0
44;733,3333;00:00:00:733;0;0;0;-3,519914;0,050068;3,621712;-4,334152;-3,208098;6,991425;-4,800248;-5,960269;9,971491;-3,621563;-7,436083;12,4583;-2,370207;0;3,621712;-2,370207;0,05009;11,17456;-1,468882;-1,7229;15,85094;-1,73496;-3,967757;14,36453;-2,026256;-2,650969;12,68328;-0,895299;-0,03505;3,621712;-0,101118;0,01504;11,13133;0,282754;-4,767545;14,08287;-0,176526;-5,727445;11,21925;-0,314422;-3,295059;10,60319;0,443679;-0,000078;3,621712;1,958848;0,050012;10,3956;1,956898;-4,900703;10,96029;1,291642;-4,5595;8,264793;1,299567;-2,064208;8,756452;1,743431;-0,000171;3,621712;3,958467;0,049919;9,102249;3,988765;-3,889036;9,573995;3,469581;-3,655621;7,623217;3,475602;-1,393009;8,065563;0;0;0;-27,58956;-36,94872;116,9702;-24,04311;-36,94873;116,9703;6,748662;-36,68722;117,4098;6,748666;-36,68723;117,4098;-0,379977;0;0;20,36509;11,01397;-0,286461;124,0036;10,76195;0,419974;-142,3748;9,975146;-0,191565;-142,3426;9,8332;-0,004716;-0,380045;6,036885;0;58,12523;7,147218;0,164916;161,5667;8,859758;-0,768085;-104,3779;9,154667;0,909204;-104,3868;9,36561;0,854408;-0,413454;12,60826;0;83,34498;12,07381;-1,420641;-173,3397;14,03063;-1,43514;-78,55447;13,04496;2,434527;-78,54193;13,30987;2,489643;-0,485496;22,00679;0;82,97962;13,36752;-1,190102;-173,7158;15,03487;-1,205828;-78,59131;14,0729;2,656634;-78,57709;14,35102;2,714563;0;0;0;0;0;0;-0,505887;-0,074565;-0,193611;-0,944115;-0,158474;-0,339031;0,607006;0,792101;-0,49907;0;0;0;0;0;0;-0,454528;0,002269;0,088871;-0,325933;0,001431;0,066966;-0,158675;0,000425;0,037104;0;0;0;0;0;0;-0,064457;-0,000201;0,008047;-0,008692;0,000134;-0,000983;0,006496;0,000201;-0,003889;0;0;0;0;0;0;0;0;0;0;0;0;0;0;0;0;0;0;0;0;0;0;0;0;0;0;0;0;0;0;0;0;0;0;0;0;48,93154;70,22156;78,62894;110,0403;136,7055;148,4281;30,2875;124,8836;175,5881;0;0;0;0;0;0;-99,5951;7,518902;22,0263;-70,65742;5,109607;20,49207;-34,1928;2,374425;12,03775;0;0;0;0;0;0;-8,782892;26,31247;43,66636;4,404689;0,775158;50,1439;5,043223;-4,786401;28,17929;0;0;0;0;0;0;0;0;0;0;0;0;0;0;0;0;0;0;0;0;0;0;0;0;0;0;0;0;0;0;5,049054;5,614864;8,171795;10,30459;44,03582;18,58426;3,546409;31,05557;-11,0158;20,76358;103,5061;93,73177;-7,146632;58,31948;103,5771;93,79086;-12,07378;83,49284;103,3227;93,87057;-13,36859;83,17056;103,3113;94,1456;2,300491;8,876152;0;40,08762;5,446815;-0,385437;0;-0,000458;1,138229;-0,06958;0;0,002747;0;0;0;0;0;0;0;0;-1283,478;-1078,919;274,514;-2705,967;1199,669;-169,9516;0;-0,109863;246,2139;-519,722;0;0,192261;0;0;0;0;0;0;0;0
45;750;00:00:00:750;0;0;0;-3,519914;0,050068;3,621712;-4,341725;-3,228645;6,969585;-4,818341;-5,99967;9,930454;-3,604651;-7,464479;12,40691;-2,370207;0;3,621712;-2,370207;0,05009;11,17456;-1,458557;-1,726849;15,84744;-1,727989;-3,970451;14,35973;-2,02298;-2,652243;12,68024;-0,895299;-0,03505;3,621712;-0,101118;0,01504;11,13133;0,280966;-4,769983;14,07915;-0,177285;-5,727505;11,21457;-0,314627;-3,294604;10,60042;0,443679;-0,000078;3,621712;1,958848;0,050012;10,3956;1,956898;-4,900703;10,96029;1,291642;-4,5595;8,264793;1,299567;-2,064208;8,756452;1,743431;-0,000171;3,621712;3,958467;0,049919;9,102249;3,988765;-3,889036;9,573995;3,469581;-3,655621;7,623217;3,475602;-1,393009;8,065563;0;0;0;-27,95768;-37,18524;117,2174;-24,46837;-37,18525;117,2174;7,269156;-36,92115;117,6559;7,269159;-36,92115;117,6559;-0,379977;0;0;20,41349;11,1413;-0,278595;124,0535;10,88868;0,427921;-142,3263;10,1024;-0,184553;-142,2938;9,960302;0,002246;-0,380045;6,036885;0;58,17194;7,124084;0,163487;161,614;8,837381;-0,768044;-104,3313;9,130933;0,909381;-104,3401;9,341918;0,854762;-0,413454;12,60826;0;83,34498;12,07381;-1,420641;-173,3397;14,03063;-1,43514;-78,55447;13,04496;2,434527;-78,54193;13,30987;2,489643;-0,485496;22,00679;0;82,97962;13,36752;-1,190102;-173,7158;15,03487;-1,205828;-78,59131;14,0729;2,656634;-78,57709;14,35102;2,714563;0;0;0;0;0;0;-0,454411;-1,232833;-1,310348;-1,085579;-2,364032;-2,462178;1,014724;-1,703739;-3,083199;0;0;0;0;0;0;0,619523;-0,236962;-0,210106;0,418235;-0,161625;-0,287533;0,19655;-0,076476;-0,182211;0;0;0;0;0;0;-0,107272;-0,14627;-0,22316;-0,045547;-0,003599;-0,280961;-0,01231;0,027336;-0,166073;0;0;0;0;0;0;0;0;0;0;0;0;0;0;0;0;0;0;0;0;0;0;0;0;0;0;0;0;0;0;0;0;0;0;0;0;3,088563;-69,49603;-67,00425;-8,487849;-132,3335;-127,3888;24,46308;-149,7504;-155,0477;0;0;0;0;0;0;64,44308;-14,35384;-17,93861;44,65006;-9,783356;-21,26991;21,3135;-4,614069;-13,15892;0;0;0;0;0;0;-2,568886;-8,764116;-13,87239;-2,211313;-0,223964;-16,79867;-1,128372;1,628101;-9,731052;0;0;0;0;0;0;0;0;0;0;0;0;0;0;0;0;0;0;0;0;0;0;0;0;0;0;0;0;0;0;5,07287;5,610306;8,157214;10,28786;44,40203;18,79186;3,489305;32,00208;-11,14311;20,82013;103,5061;93,73178;-7,123509;58,36483;103,5771;93,79081;-12,07378;83,49284;103,3227;93,87057;-13,36859;83,17056;103,3113;94,1456;21,97265;12,45609;-3,426246;56,79096;-7,638702;3,392944;-0,000458;0,000458;1,387396;2,720947;0;-0,002747;0;0;0;0;0;0;0;0;1180,33;214,7964;-205,5748;1002,2;-785,131;226,7029;-0,027466;0,054932;14,94998;167,4316;0;-0,32959;0;0;0;0;0;0;0;0
46;766,6666;00:00:00:767;0;0;0;-3,519914;0,050068;3,621712;-4,374853;-3,24124;6,948868;-4,885264;-6,025443;9,891685;-3,644615;-7,477072;12,36254;-2,370207;0;3,621712;-2,370207;0,05009;11,17456;-1,448993;-1,730792;15,84406;-1,721575;-3,973138;14,35504;-2,019977;-2,653515;12,67726;-0,895299;-0,03505;3,621712;-0,101118;0,01504;11,13133;0,279699;-4,77363;14,07339;-0,178231;-5,72759;11,20757;-0,315076;-3,29392;10,59636;0,443679;-0,000078;3,621712;1,958848;0,050012;10,3956;1,956898;-4,900703;10,96029;1,291642;-4,5595;8,264793;1,299567;-2,064208;8,756452;1,743431;-0,000171;3,621712;3,958467;0,049919;9,102249;3,988765;-3,889036;9,573995;3,469581;-3,655621;7,623217;3,475602;-1,393009;8,065563;0;0;0;-28,49521;-37,27357;117,3102;-25,0821;-37,27358;117,3102;7,770301;-37,00574;117,7456;7,770301;-37,00574;117,7456;-0,379977;0;0;20,4618;11,25963;-0,271279;124,1033;11,00641;0,435302;-142,278;10,22065;-0,178092;-142,2451;10,07839;0,008653;-0,380045;6,036885;0;58,2422;7,114374;0,162888;161,6847;8,828802;-0,766494;-104,2608;9,120313;0,911252;-104,2696;9,331367;0,856898;-0,413454;12,60826;0;83,34498;12,07381;-1,420641;-173,3397;14,03063;-1,43514;-78,55447;13,04496;2,434527;-78,54193;13,30987;2,489643;-0,485496;22,00679;0;82,97962;13,36752;-1,190102;-173,7158;15,03487;-1,205828;-78,59131;14,0729;2,656634;-78,57709;14,35102;2,714563;0;0;0;0;0;0;-1,987673;-0,755645;-1,243025;-4,015356;-1,546383;-2,326101;-2,397828;-0,755578;-2,66236;0;0;0;0;0;0;0,573808;-0,236549;-0,202596;0,384886;-0,161246;-0,281721;0,180166;-0,076309;-0,178814;0;0;0;0;0;0;-0,07599;-0,218801;-0,345826;-0,056762;-0,005096;-0,420123;-0,026945;0,041015;-0,243813;0;0;0;0;0;0;0;0;0;0;0;0;0;0;0;0;0;0;0;0;0;0;0;0;0;0;0;0;0;0;0;0;0;0;0;0;-91,99573;28,63124;4,039406;-175,7866;49,05893;8,164643;-204,7531;56,88965;25,25032;0;0;0;0;0;0;-2,742894;0,02481;0,450611;-2,000929;0,022799;0,348687;-0,98303;0,010058;0,203848;0;0;0;0;0;0;1,876876;-4,351884;-7,35998;-0,672899;-0,089854;-8,349717;-0,878088;0,820756;-4,664361;0;0;0;0;0;0;0;0;0;0;0;0;0;0;0;0;0;0;0;0;0;0;0;0;0;0;0;0;0;0;5,09953;5,630629;8,169939;10,30424;44,68966;19,41086;3,413174;33,11565;-11,26142;20,87615;103,5062;93,73176;-7,113809;58,43435;103,5771;93,79082;-12,07378;83,49284;103,3227;93,87057;-13,36859;83,17056;103,3113;94,1456;17,25769;37,13997;-4,567895;66,81404;-7,098369;3,361244;0,001831;-0,001373;0,581989;4,171143;0;0,000458;0;0;0;0;0;0;0;0;-282,8978;1481,032;-68,49891;601,3849;32,41997;-1,902008;0,137329;-0,109863;-48,32439;87,01173;0;0,192261;0;0;0;0;0;0;0;0
47;783,3333;00:00:00:783;0;0;0;-3,519914;0,050068;3,621712;-4,377291;-3,245304;6,944214;-4,88985;-6,033117;9,883239;-3,631889;-7,475698;12,35063;-2,370207;0;3,621712;-2,370207;0,05009;11,17456;-1,446789;-1,728854;15,84436;-1,719776;-3,971815;14,35634;-2,019043;-2,652885;12,67818;-0,895299;-0,03505;3,621712;-0,101118;0,01504;11,13133;0,279218;-4,772417;14,07542;-0,178035;-5,727561;11,20989;-0,314834;-3,294146;10,59766;0,443679;-0,000078;3,621712;1,958848;0,050012;10,3956;1,956898;-4,900703;10,96029;1,291642;-4,5595;8,264793;1,299567;-2,064208;8,756452;1,743431;-0,000171;3,621712;3,958467;0,049919;9,102249;3,988765;-3,889036;9,573995;3,469581;-3,655621;7,623217;3,475602;-1,393009;8,065563;0;0;0;-28,57934;-37,31879;117,3579;-25,16623;-37,31881;117,3579;8,103622;-37,05045;117,793;8,103633;-37,05046;117,793;-0,379977;0;0;20,43865;11,28426;-0,269756;124,0805;11,03133;0,436989;-142,301;10,24532;-0,176135;-142,268;10,10314;0,010683;-0,380045;6,036885;0;58,21865;7,101619;0,1621;161,6613;8,815669;-0,767962;-104,2847;9,107863;0,909602;-104,2934;9,318894;0,855164;-0,413454;12,60826;0;83,34498;12,07381;-1,420641;-173,3397;14,03063;-1,43514;-78,55447;13,04496;2,434527;-78,54193;13,30987;2,489643;-0,485496;22,00679;0;82,97962;13,36752;-1,190102;-173,7158;15,03487;-1,205828;-78,59131;14,0729;2,656634;-78,57709;14,35102;2,714563;0;0;0;0;0;0;-0,146247;-0,24388;-0,279218;-0,27515;-0,460468;-0,506803;0,763558;0,082433;-0,714228;0;0;0;0;0;0;0,132272;0,116263;0,01806;0,107903;0,079371;0,078231;0,056069;0,037786;0,054896;0;0;0;0;0;0;-0,028862;0,072755;0,12213;0,01174;0,001743;0,139251;0,014534;-0,013545;0,077963;0;0;0;0;0;0;0;0;0;0;0;0;0;0;0;0;0;0;0;0;0;0;0;0;0;0;0;0;0;0;0;0;0;0;0;0;110,4855;30,70592;57,82842;224,4124;65,15488;109,1579;189,6831;50,28069;116,888;0;0;0;0;0;0;-26,49218;21,16866;13,23938;-16,61896;14,43699;21,59714;-7,445811;6,845667;14,02259;0;0;0;0;0;0;2,827718;17,49337;28,07736;4,110149;0,410378;33,56248;2,488755;-3,273636;19,30654;0;0;0;0;0;0;0;0;0;0;0;0;0;0;0;0;0;0;0;0;0;0;0;0;0;0;0;0;0;0;5,095889;5,617933;8,15608;10,28967;44,76511;19,46962;3,413059;33,53323;-11,28605;20,85415;103,5061;93,73177;-7,101058;58,4102;103,5771;93,79082;-12,07378;83,49284;103,3227;93,87057;-13,36859;83,17056;103,3113;94,1456;4,527283;3,525924;-0,006895;25,05455;-1,47789;-1,320305;-0,001373;0,000916;0,765095;-1,448593;-0,000458;0,000458;0;0;0;0;0;0;0;0;-763,8244;-2016,842;273,66;-2505,569;337,2287;-280,8929;-0,192261;0,137329;10,98633;-337,1841;-0,027466;0;0;0;0;0;0;0;0;0
48;800;00:00:00:800;0;0;0;-3,519914;0,050068;3,621712;-4,377291;-3,245304;6,944214;-4,88985;-6,033117;9,883239;-3,631889;-7,475698;12,35063;-2,370207;0;3,621712;-2,370207;0,05009;11,17456;-1,446789;-1,728854;15,84436;-1,719776;-3,971815;14,35634;-2,019043;-2,652885;12,67818;-0,895299;-0,03505;3,621712;-0,101118;0,01504;11,13133;0,279218;-4,772417;14,07542;-0,178035;-5,727561;11,20989;-0,314834;-3,294146;10,59766;0,443679;-0,000078;3,621712;1,958848;0,050012;10,3956;1,956898;-4,900703;10,96029;1,291642;-4,5595;8,264793;1,299567;-2,064208;8,756452;1,743431;-0,000171;3,621712;3,958467;0,049919;9,102249;3,988765;-3,889036;9,573995;3,469581;-3,655621;7,623217;3,475602;-1,393009;8,065563;0;0;0;-28,57934;-37,31879;117,3579;-25,16623;-37,31881;117,3579;8,103622;-37,05045;117,793;8,103633;-37,05046;117,793;-0,379977;0;0;20,43865;11,28426;-0,269756;124,0805;11,03133;0,436989;-142,301;10,24532;-0,176135;-142,268;10,10314;0,010683;-0,380045;6,036885;0;58,21865;7,101619;0,1621;161,6613;8,815669;-0,767962;-104,2847;9,107863;0,909602;-104,2934;9,318894;0,855164;-0,413454;12,60826;0;83,34498;12,07381;-1,420641;-173,3397;14,03063;-1,43514;-78,55447;13,04496;2,434527;-78,54193;13,30987;2,489643;-0,485496;22,00679;0;82,97962;13,36752;-1,190102;-173,7158;15,03487;-1,205828;-78,59131;14,0729;2,656634;-78,57709;14,35102;2,714563;0;0;0;0;0;0;0;0;0;0;0;0;0;0;0;0;0;0;0;0;0;0;0;0;0;0;0;0;0;0;0;0;0;0;0;0;0;0;0;0;0;0;0;0;0;0;0;0;0;0;0;0;0;0;0;0;0;0;0;0;0;0;0;0;0;0;0;0;0;0;0;0;0;0;0;0;0;0;0;0;0;8,774845;14,63279;16,75307;16,50899;27,62809;30,4082;-45,81347;-4,945992;42,85365;0;0;0;0;0;0;-7,93632;-6,975754;-1,083612;-6,474182;-4,762261;-4,693865;-3,36416;-2,267137;-3,293753;0;0;0;0;0;0;1,731701;-4,365294;-7,327794;-0,704415;-0,104606;-8,35508;-0,872053;0,812709;-4,677772;0;0;0;0;0;0;0;0;0;0;0;0;0;0;0;0;0;0;0;0;0;0;0;0;0;0;0;0;0;0;5,095889;5,617933;8,15608;10,28967;44,76511;19,46962;3,413059;33,53323;-11,28605;20,85415;103,5061;93,73177;-7,101058;58,4102;103,5771;93,79082;-12,07378;83,49284;103,3227;93,87057;-13,36859;83,17056;103,3113;94,1456;4,527283;3,525924;-0,006895;25,05455;-1,47789;-1,320305;-0,001373;0,000916;0,765095;-1,448593;-0,000458;0,000458;0;0;0;0;0;0;0;0;-763,8244;-2016,842;273,66;-2505,569;337,2287;-280,8929;-0,192261;0,137329;10,98633;-337,1841;-0,027466;0;0;0;0;0;0;0;0;0
49;816,6666;00:00:00:817;0;0;0;-3,519914;0,050068;3,621712;-4,377291;-3,245304;6,944214;-4,88985;-6,033117;9,883239;-3,631889;-7,475698;12,35063;-2,370207;0;3,621712;-2,370207;0,05009;11,17456;-1,446789;-1,728854;15,84436;-1,719776;-3,971815;14,35634;-2,019043;-2,652885;12,67818;-0,895299;-0,03505;3,621712;-0,101118;0,01504;11,13133;0,279218;-4,772417;14,07542;-0,178035;-5,727561;11,20989;-0,314834;-3,294146;10,59766;0,443679;-0,000078;3,621712;1,958848;0,050012;10,3956;1,956898;-4,900703;10,96029;1,291642;-4,5595;8,264793;1,299567;-2,064208;8,756452;1,743431;-0,000171;3,621712;3,958467;0,049919;9,102249;3,988765;-3,889036;9,573995;3,469581;-3,655621;7,623217;3,475602;-1,393009;8,065563;0;0;0;-28,57934;-37,31879;117,3579;-25,16623;-37,31881;117,3579;8,103622;-37,05045;117,793;8,103633;-37,05046;117,793;-0,379977;0;0;20,43865;11,28426;-0,269756;124,0805;11,03133;0,436989;-142,301;10,24532;-0,176135;-142,268;10,10314;0,010683;-0,380045;6,036885;0;58,21865;7,101619;0,1621;161,6613;8,815669;-0,767962;-104,2847;9,107863;0,909602;-104,2934;9,318894;0,855164;-0,413454;12,60826;0;83,34498;12,07381;-1,420641;-173,3397;14,03063;-1,43514;-78,55447;13,04496;2,434527;-78,54193;13,30987;2,489643;-0,485496;22,00679;0;82,97962;13,36752;-1,190102;-173,7158;15,03487;-1,205828;-78,59131;14,0729;2,656634;-78,57709;14,35102;2,714563;0;0;0;0;0;0;0;0;0;0;0;0;0;0;0;0;0;0;0;0;0;0;0;0;0;0;0;0;0;0;0;0;0;0;0;0;0;0;0;0;0;0;0;0;0;0;0;0;0;0;0;0;0;0;0;0;0;0;0;0;0;0;0;0;0;0;0;0;0;0;0;0;0;0;0;0;0;0;0;0;0;0;0;0;0;0;0;0;0;0;0;0;0;0;0;0;0;0;0;0;0;0;0;0;0;0;0;0;0;0;0;0;0;0;0;0;0;0;0;0;0;0;0;0;0;0;0;0;0;0;0;0;0;0;0;0;0;0;0;0;0;0;0;0;0;0;0;0;0;0;5,095889;5,617933;8,15608;10,28967;44,76511;19,46962;3,413059;33,53323;-11,28605;20,85415;103,5061;93,73177;-7,101058;58,4102;103,5771;93,79082;-12,07378;83,49284;103,3227;93,87057;-13,36859;83,17056;103,3113;94,1456;0;0;0;0;0;0;0;0;0;0;0;0;0;0;0;0;0;0;0;0;-271,637;-211,5555;0,413704;-1503,273;88,67339;79,21828;0,082397;-0,054932;-45,90568;86,91557;0,027466;-0,027466;0;0;0;0;0;0;0;0
50;833,3333;00:00:00:833;0;0;0;-3,519914;0,050068;3,621712;-4,390671;-3,250099;6,935965;-4,914857;-6,042562;9,868516;-3,634765;-7,472263;12,33202;-2,370207;0;3,621712;-2,370207;0,05009;11,17456;-1,443564;-1,728869;15,84372;-1,717466;-3,971824;14,35586;-2,017919;-2,652888;12,67791;-0,895299;-0,03505;3,621712;-0,101118;0,01504;11,13133;0,276528;-4,774852;14,07181;-0,178906;-5,727612;11,20519;-0,31494;-3,293682;10,59483;0,443679;-0,000078;3,621712;1,958848;0,050012;10,3956;1,956898;-4,900703;10,96029;1,291642;-4,5595;8,264793;1,299567;-2,064208;8,756452;1,743431;-0,000171;3,621712;3,958467;0,049919;9,102249;3,988765;-3,889036;9,573995;3,469581;-3,655621;7,623217;3,475602;-1,393009;8,065563;0;0;0;-28,79379;-37,35169;117,3926;-25,38068;-37,35171;117,3926;8,557761;-37,08205;117,8267;8,557771;-37,08206;117,8267;-0,379977;0;0;20,43913;11,32295;-0,267362;124,0814;11,07001;0,439474;-142,3005;10,28401;-0,173739;-142,2673;10,14182;0,0131;-0,380045;6,036885;0;58,26525;7,062383;0,159676;161,7087;8,777188;-0,768877;-104,2384;9,068028;0,908747;-104,247;9,279101;0,854486;-0,413454;12,60826;0;83,34498;12,07381;-1,420641;-173,3397;14,03063;-1,43514;-78,55447;13,04496;2,434527;-78,54193;13,30987;2,489643;-0,485496;22,00679;0;82,97962;13,36752;-1,190102;-173,7158;15,03487;-1,205828;-78,59131;14,0729;2,656634;-78,57709;14,35102;2,714563;0;0;0;0;0;0;-0,802852;-0,287667;-0,494957;-1,500428;-0,566728;-0,883386;-0,172555;0,206083;-1,116693;0;0;0;0;0;0;0,19346;-0,000894;-0,038624;0,138592;-0,000559;-0,029057;0,067424;-0,000168;-0,016093;0;0;0;0;0;0;-0,161447;-0,146069;-0,216991;-0,052244;-0,00304;-0,281855;-0,006387;0,027828;-0,169382;0;0;0;0;0;0;0;0;0;0;0;0;0;0;0;0;0;0;0;0;0;0;0;0;0;0;0;0;0;0;0;0;0;0;0;0;-48,17113;-17,26001;-29,69741;-90,02565;-34,0037;-53,00313;-10,35332;12,36498;-67,00157;0;0;0;0;0;0;11,60759;-0,053644;-2,317428;8,315517;-0,033528;-1,743436;4,045441;-0,010058;-0,965595;0;0;0;0;0;0;-9,686796;-8,764116;-13,01944;-3,134664;-0,18239;-16,91133;-0,383221;1,669675;-10,16289;0;0;0;0;0;0;0;0;0;0;0;0;0;0;0;0;0;0;0;0;0;0;0;0;0;0;0;0;0;0;5,095116;5,612451;8,147356;10,28189;44,87798;19,72072;3,413116;34,20135;-11,32474;20,85695;103,5062;93,73179;-7,061831;58,45459;103,5771;93,79084;-12,07378;83,49284;103,3227;93,87057;-13,36859;83,17056;103,3113;94,1456;6,772155;15,06603;0,003448;40,08773;-2,321434;0,167999;0,000458;0,000916;2,353563;2,663269;0,000458;0,000916;0;0;0;0;0;0;0;0;406,3293;903,9619;0,206852;2405,264;-139,286;10,07996;0,027466;0,054932;141,2138;159,7961;0,027466;0,054932;0;0;0;0;0;0;0;0
51;849,9999;00:00:00:850;0;0;0;-3,519914;0,050068;3,621712;-4,421214;-3,26675;6,911084;-4,972002;-6,074785;9,823824;-3,679642;-7,502872;12,28185;-2,370207;0;3,621712;-2,370207;0,05009;11,17456;-1,4428;-1,728873;15,84356;-1,716919;-3,971827;14,35574;-2,017653;-2,652889;12,67784;-0,895299;-0,03505;3,621712;-0,101118;0,01504;11,13133;0,27362;-4,776072;14,07019;-0,179542;-5,727633;11,20282;-0,314829;-3,293445;10,59333;0,443679;-0,000078;3,621712;1,958848;0,050012;10,3956;1,956898;-4,900703;10,96029;1,291642;-4,5595;8,264793;1,299567;-2,064208;8,756452;1,743431;-0,000171;3,621712;3,958467;0,049919;9,102249;3,988765;-3,889036;9,573995;3,469581;-3,655621;7,623217;3,475602;-1,393009;8,065563;0;0;0;-29,36769;-37,49881;117,5482;-25,95457;-37,49882;117,5483;8,680523;-37,22572;117,9798;8,680522;-37,22572;117,9798;-0,379977;0;0;20,43923;11,33212;-0,266795;124,0816;11,07917;0,440062;-142,3004;10,29318;-0,173171;-142,2672;10,15099;0,013673;-0,380045;6,036885;0;58,28833;7,015026;0,156752;161,7327;8,730208;-0,770986;-104,2158;9,020376;0,906541;-104,2244;9,231469;0,852373;-0,413454;12,60826;0;83,34498;12,07381;-1,420641;-173,3397;14,03063;-1,43514;-78,55447;13,04496;2,434527;-78,54193;13,30987;2,489643;-0,485496;22,00679;0;82,97962;13,36752;-1,190102;-173,7158;15,03487;-1,205828;-78,59131;14,0729;2,656634;-78,57709;14,35102;2,714563;0;0;0;0;0;0;-1,832552;-0,9991;-1,492873;-3,428712;-1,933381;-2,681538;-2,692602;-1,836508;-3,010064;0;0;0;0;0;0;0,045838;-0,000235;-0,00912;0,032824;-0,000156;-0,006884;0,01597;-0,000045;-0,003844;0;0;0;0;0;0;-0,17445;-0,07318;-0,096917;-0,038199;-0,001296;-0,142425;0,006675;0,014238;-0,09039;0;0;0;0;0;0;0;0;0;0;0;0;0;0;0;0;0;0;0;0;0;0;0;0;0;0;0;0;0;0;0;0;0;0;0;0;-61,78199;-42,686;-59,87495;-115,6971;-81,99914;-107,8892;-151,2028;-122,5555;-113,6023;0;0;0;0;0;0;-8,857324;0,039563;1,770258;-6,346106;0,02414;1,330375;-3,087222;0,007376;0,734925;0;0;0;0;0;0;-0,780188;4,373341;7,204412;0,842717;0,104606;8,365808;0,783708;-0,815392;4,739462;0;0;0;0;0;0;0;0;0;0;0;0;0;0;0;0;0;0;0;0;0;0;0;0;0;0;0;0;0;0;5,142116;5,647333;8,17313;10,31043;45,23804;20,32319;3,413001;34,89733;-11,33392;20,85761;103,5061;93,73177;-7,014478;58,47513;103,5771;93,79082;-12,07378;83,49284;103,3227;93,87057;-13,36859;83,17056;103,3113;94,1456;21,60347;36,14788;-0,006895;41,75834;-0,550747;0,039825;-0,000458;-0,000916;2,841196;1,2323;0,000458;-0,000916;0;0;0;0;0;0;0;0;889,8787;1264,911;-0,620556;100,2365;106,2412;-7,690429;-0,054932;-0,109863;29,25796;-85,85814;0;-0,109863;0;0;0;0;0;0;0;0
52;866,6666;00:00:00:867;0;0;0;-3,519914;0,050068;3,621712;-4,421214;-3,26675;6,911084;-4,972002;-6,074785;9,823824;-3,679642;-7,502872;12,28185;-2,370207;0;3,621712;-2,370207;0,05009;11,17456;-1,4428;-1,728873;15,84356;-1,716919;-3,971827;14,35574;-2,017653;-2,652889;12,67784;-0,895299;-0,03505;3,621712;-0,101118;0,01504;11,13133;0,27362;-4,776072;14,07019;-0,179542;-5,727633;11,20282;-0,314829;-3,293445;10,59333;0,443679;-0,000078;3,621712;1,958848;0,050012;10,3956;1,956898;-4,900703;10,96029;1,291642;-4,5595;8,264793;1,299567;-2,064208;8,756452;1,743431;-0,000171;3,621712;3,958467;0,049919;9,102249;3,988765;-3,889036;9,573995;3,469581;-3,655621;7,623217;3,475602;-1,393009;8,065563;0;0;0;-29,36769;-37,49881;117,5482;-25,95457;-37,49882;117,5483;8,680523;-37,22572;117,9798;8,680522;-37,22572;117,9798;-0,379977;0;0;20,43923;11,33212;-0,266795;124,0816;11,07917;0,440062;-142,3004;10,29318;-0,173171;-142,2672;10,15099;0,013673;-0,380045;6,036885;0;58,28833;7,015026;0,156752;161,7327;8,730208;-0,770986;-104,2158;9,020376;0,906541;-104,2244;9,231469;0,852373;-0,413454;12,60826;0;83,34498;12,07381;-1,420641;-173,3397;14,03063;-1,43514;-78,55447;13,04496;2,434527;-78,54193;13,30987;2,489643;-0,485496;22,00679;0;82,97962;13,36752;-1,190102;-173,7158;15,03487;-1,205828;-78,59131;14,0729;2,656634;-78,57709;14,35102;2,714563;0;0;0;0;0;0;0;0;0;0;0;0;0;0;0;0;0;0;0;0;0;0;0;0;0;0;0;0;0;0;0;0;0;0;0;0;0;0;0;0;0;0;0;0;0;0;0;0;0;0;0;0;0;0;0;0;0;0;0;0;0;0;0;0;0;0;0;0;0;0;0;0;0;0;0;0;0;0;0;0;0;109,9531;59,94603;89,57236;205,7227;116,0028;160,8923;161,5561;110,1905;180,6038;0;0;0;0;0;0;-2,75027;0,014082;0,547171;-1,969412;0,009388;0,41306;-0,958219;0,002682;0,23067;0;0;0;0;0;0;10,46698;4,390775;5,815028;2,291947;0,077784;8,545516;-0,400487;-0,854284;5,423426;0;0;0;0;0;0;0;0;0;0;0;0;0;0;0;0;0;0;0;0;0;0;0;0;0;0;0;0;0;0;5,142116;5,647333;8,17313;10,31043;45,23804;20,32319;3,413001;34,89733;-11,33392;20,85761;103,5061;93,73177;-7,014478;58,47513;103,5771;93,79082;-12,07378;83,49284;103,3227;93,87057;-13,36859;83,17056;103,3113;94,1456;21,60347;36,14788;-0,006895;41,75834;-0,550747;0,039825;-0,000458;-0,000916;2,841196;1,2323;0,000458;-0,000916;0;0;0;0;0;0;0;0;889,8787;1264,911;-0,620556;100,2365;106,2412;-7,690429;-0,054932;-0,109863;29,25796;-85,85814;0;-0,109863;0;0;0;0;0;0;0;0
53;883,3333;00:00:00:883;0;0;0;-3,519914;0,050068;3,621712;-4,418646;-3,272233;6,90625;-4,967264;-6,084925;9,814903;-3,662516;-7,508063;12,26926;-2,370207;0;3,621712;-2,370207;0,05009;11,17456;-1,439505;-1,728888;15,8429;-1,714558;-3,971836;14,35525;-2,016505;-2,652892;12,67757;-0,895299;-0,03505;3,621712;-0,101118;0,01504;11,13133;0,274102;-4,77607;14,07013;-0,17948;-5,727634;11,20282;-0,314879;-3,293446;10,59336;0,443679;-0,000078;3,621712;1,958848;0,050012;10,3956;1,956898;-4,900703;10,96029;1,291642;-4,5595;8,264793;1,299567;-2,064208;8,756452;1,743431;-0,000171;3,621712;3,958467;0,049919;9,102249;3,988765;-3,889036;9,573995;3,469581;-3,655621;7,623217;3,475602;-1,393009;8,065563;0;0;0;-29,41832;-37,57138;117,6254;-26,00519;-37,57139;117,6254;8,879945;-37,29799;118,057;8,879945;-37,29799;118,057;-0,379977;0;0;20,43972;11,37167;-0,264347;124,0826;11,11871;0,442604;-142,2998;10,33272;-0,17072;-142,2665;10,19054;0,016145;-0,380045;6,036885;0;58,2884;7,023583;0,15728;161,7326;8,738767;-0,770476;-104,2156;9,028929;0,907092;-104,2242;9,240026;0,852923;-0,413454;12,60826;0;83,34498;12,07381;-1,420641;-173,3397;14,03063;-1,43514;-78,55447;13,04496;2,434527;-78,54193;13,30987;2,489643;-0,485496;22,00679;0;82,97962;13,36752;-1,190102;-173,7158;15,03487;-1,205828;-78,59131;14,0729;2,656634;-78,57709;14,35102;2,714563;0;0;0;0;0;0;0,154093;-0,328995;-0,290081;0,284292;-0,608347;-0,535235;1,027532;-0,311494;-0,755846;0;0;0;0;0;0;0,197724;-0,000905;-0,039697;0,141654;-0,000559;-0,029862;0,06891;-0,000168;-0,01654;0;0;0;0;0;0;0,02894;0,000067;-0,003666;0,003772;-0,000045;0,000402;-0,003017;-0,000089;0,001788;0;0;0;0;0;0;0;0;0;0;0;0;0;0;0;0;0;0;0;0;0;0;0;0;0;0;0;0;0;0;0;0;0;0;0;0;9,245573;-19,73971;-17,40485;17,0575;-36,50084;-32,11409;61,65191;-18,68963;-45,35078;0;0;0;0;0;0;11,86341;-0,054315;-2,381801;8,499249;-0,033528;-1,791715;4,134624;-0,010058;-0,992417;0;0;0;0;0;0;1,736395;0,004023;-0,219941;0,226311;-0,002682;0,02414;-0,181049;-0,005364;0,107288;0;0;0;0;0;0;0;0;0;0;0;0;0;0;0;0;0;0;0;0;0;0;0;0;0;0;0;0;0;0;5,142837;5,637226;8,160738;10,29649;45,3275;20,30301;3,413116;35,14789;-11,37345;20,86048;103,5062;93,73177;-7,02303;58,47564;103,5771;93,79082;-12,07378;83,49284;103,3227;93,87057;-13,36859;83,17056;103,3113;94,1456;5,367507;-1,211014;0,006895;15,03364;-2,372074;0,172005;0,000458;-0,000458;-0,513096;0,03067;0;0;0;0;0;0;0;0;0;0;-974,1576;-2241,533;0,827408;-1603,482;-109,2796;7,930755;0,054932;0,027466;-201,2575;-72,09777;-0,027466;0,054932;0;0;0;0;0;0;0;0
54;899,9999;00:00:00:900;0;0;0;-3,519914;0,050068;3,621712;-4,420283;-3,272073;6,905964;-4,975314;-6,085659;9,812535;-3,667422;-7,506468;12,26656;-2,370207;0;3,621712;-2,370207;0,05009;11,17456;-1,438619;-1,728892;15,84272;-1,713924;-3,971838;14,35511;-2,016196;-2,652892;12,6775;-0,895299;-0,03505;3,621712;-0,101118;0,01504;11,13133;0,274405;-4,776069;14,07009;-0,17944;-5,727634;11,20283;-0,314911;-3,293447;10,59338;0,443679;-0,000078;3,621712;1,958848;0,050012;10,3956;1,956898;-4,900703;10,96029;1,291642;-4,5595;8,264793;1,299567;-2,064208;8,756452;1,743431;-0,000171;3,621712;3,958467;0,049919;9,102249;3,988765;-3,889036;9,573995;3,469581;-3,655621;7,623217;3,475602;-1,393009;8,065563;0;0;0;-29,43406;-37,56631;117,62;-26,09713;-37,56632;117,62;8,955434;-37,29237;118,051;8,955435;-37,29237;118,051;-0,379977;0;0;20,43984;11,3823;-0,26369;124,0829;11,12934;0,443287;-142,2997;10,34335;-0,170061;-142,2664;10,20117;0,016811;-0,380045;6,036885;0;58,28843;7,028953;0,157611;161,7326;8,744138;-0,770157;-104,2155;9,034302;0,907433;-104,2241;9,245393;0,853266;-0,413454;12,60826;0;83,34498;12,07381;-1,420641;-173,3397;14,03063;-1,43514;-78,55447;13,04496;2,434527;-78,54193;13,30987;2,489643;-0,485496;22,00679;0;82,97962;13,36752;-1,190102;-173,7158;15,03487;-1,205828;-78,59131;14,0729;2,656634;-78,57709;14,35102;2,714563;0;0;0;0;0;0;-0,098258;0,009656;-0,017121;-0,483021;-0,044033;-0,142068;-0,294372;0,09571;-0,161514;0;0;0;0;0;0;0,053136;-0,000246;-0,010729;0,038054;-0,000134;-0,008047;0,018518;-0,000034;-0,004381;0;0;0;0;0;0;0,018172;0,000067;-0,002146;0,002366;0;0,000313;-0,001892;-0,000067;0,001162;0;0;0;0;0;0;0;0;0;0;0;0;0;0;0;0;0;0;0;0;0;0;0;0;0;0;0;0;0;0;0;0;0;0;0;0;-15,14107;20,31907;16,37757;-46,03877;33,85886;23,59002;-79,31425;24,43224;35,65996;0;0;0;0;0;0;-8,675269;0,039563;1,738071;-6,216018;0,025481;1,308918;-3,02352;0,008047;0,729561;0;0;0;0;0;0;-0,646077;0;0,091195;-0,084322;0,002682;-0,005364;0,067558;0,001341;-0,037551;0;0;0;0;0;0;0;0;0;0;0;0;0;0;0;0;0;0;0;0;0;0;0;0;0;0;0;0;0;0;5,14321;5,638124;8,1615;10,29784;45,32859;20,33086;3,336891;35,31491;-11,38408;20,86123;103,5061;93,73178;-7,028419;58,47596;103,5771;93,79083;-12,07378;83,49284;103,3227;93,87057;-13,36859;83,17056;103,3113;94,1456;0,06546;1,671524;-4,573502;10,02159;-0,637722;0,045433;-0,000458;0,000916;-0,323324;0,019455;-0,000458;0,000458;0;0;0;0;0;0;0;0;-318,1228;172,9522;-274,8238;-300,7232;104,0611;-7,594298;-0,054932;0,082397;11,3863;-0,672913;-0,027466;0,027466;0;0;0;0;0;0;0;0
55;916,6666;00:00:00:917;0;0;0;-3,519914;0,050068;3,621712;-4,443771;-3,276719;6,894718;-5,019185;-6,095199;9,792571;-3,725453;-7,525881;12,24837;-2,370207;0;3,621712;-2,370207;0,05009;11,17456;-1,437642;-1,728897;15,84253;-1,713224;-3,971842;14,35496;-2,015855;-2,652893;12,67741;-0,895299;-0,03505;3,621712;-0,101118;0,01504;11,13133;0,27437;-4,77607;14,0701;-0,179445;-5,727634;11,20283;-0,314907;-3,293447;10,59337;0,443679;-0,000078;3,621712;1,958848;0,050012;10,3956;1,956898;-4,900703;10,96029;1,291642;-4,5595;8,264793;1,299567;-2,064208;8,756452;1,743431;-0,000171;3,621712;3,958467;0,049919;9,102249;3,988765;-3,889036;9,573995;3,469581;-3,655621;7,623217;3,475602;-1,393009;8,065563;0;0;0;-29,76117;-37,58025;117,6348;-26,42425;-37,58026;117,6348;8,629393;-37,30436;118,064;8,629395;-37,30437;118,064;-0,379977;0;0;20,43999;11,39402;-0,262963;124,0832;11,14106;0,444042;-142,2995;10,35508;-0,169334;-142,2661;10,21289;0,017543;-0,380045;6,036885;0;58,28843;7,02833;0,157572;161,7326;8,743514;-0,770194;-104,2155;9,033678;0,907395;-104,2241;9,244773;0,853223;-0,413454;12,60826;0;83,34498;12,07381;-1,420641;-173,3397;14,03063;-1,43514;-78,55447;13,04496;2,434527;-78,54193;13,30987;2,489643;-0,485496;22,00679;0;82,97962;13,36752;-1,190102;-173,7158;15,03487;-1,205828;-78,59131;14,0729;2,656634;-78,57709;14,35102;2,714563;0;0;0;0;0;0;-1,409277;-0,278793;-0,674754;-2,63223;-0,57245;-1,197874;-3,481843;-1,164749;-1,091659;0;0;0;0;0;0;0,058629;-0,000279;-0,011802;0,041999;-0,000201;-0,008941;0,020441;-0,000045;-0,004917;0;0;0;0;0;0;-0,002112;-0,000022;0,000179;-0,000274;-0,000022;-0,000045;0,000215;0;-0,000179;0;0;0;0;0;0;0;0;0;0;0;0;0;0;0;0;0;0;0;0;0;0;0;0;0;0;0;0;0;0;0;0;0;0;0;0;-78,66113;-17,30695;-39,45797;-128,9525;-31,70505;-63,34841;-191,2482;-75,62756;-55,80872;0;0;0;0;0;0;0,329576;-0,002012;-0,064373;0,236705;-0,004023;-0,053644;0,115335;-0,000671;-0,032187;0;0;0;0;0;0;-1,217052;-0,005364;0,139475;-0,158418;-0,001341;-0,021458;0,126399;0,004023;-0,080466;0;0;0;0;0;0;0;0;0;0;0;0;0;0;0;0;0;0;0;0;0;0;0;0;0;0;0;0;0;0;5,18197;5,681931;8,202085;10,3423;45,46688;20,76256;3,336891;35,31491;-11,3958;20,8621;103,5062;93,73177;-7,027804;58,47593;103,5771;93,79082;-12,07378;83,49284;103,3227;93,87057;-13,36859;83,17056;103,3113;94,1456;8,297882;25,90164;0;-0,000458;-0,703411;0,051842;0,000458;-0,000458;0,03685;-0,00206;0;-0,000458;0;0;0;0;0;0;0;0;493,9453;1453,807;274,4101;-601,3229;-3,941345;0,384522;0,054932;-0,082397;21,61045;-1,290893;0,027466;-0,054932;0;0;0;0;0;0;0;0
56;933,3333;00:00:00:933;0;0;0;-3,519914;0,050068;3,621712;-4,445143;-3,275774;6,895291;-5,016743;-6,092535;9,79557;-3,717773;-7,519158;12,25097;-2,370207;0;3,621712;-2,370207;0,05009;11,17456;-1,438604;-1,728892;15,84272;-1,713913;-3,971838;14,35511;-2,01619;-2,652892;12,67749;-0,895299;-0,03505;3,621712;-0,101118;0,01504;11,13133;0,274299;-4,77607;14,07011;-0,179454;-5,727634;11,20283;-0,3149;-3,293447;10,59337;0,443679;-0,000078;3,621712;1,958848;0,050012;10,3956;1,956898;-4,900703;10,96029;1,291642;-4,5595;8,264793;1,299567;-2,064208;8,756452;1,743431;-0,000171;3,621712;3,958467;0,049919;9,102249;3,988765;-3,889036;9,573995;3,469581;-3,655621;7,623217;3,475602;-1,393009;8,065563;0;0;0;-29,76273;-37,56604;117,6197;-26,34962;-37,56606;117,6197;8,759563;-37,29061;118,0492;8,759569;-37,29061;118,0492;-0,379977;0;0;20,43984;11,38248;-0,263678;124,0829;11,12953;0,443299;-142,2997;10,34354;-0,170049;-142,2663;10,20136;0,016822;-0,380045;6,036885;0;58,28843;7,027076;0,157496;161,7326;8,74226;-0,770269;-104,2156;9,032423;0,907314;-104,2242;9,243517;0,853145;-0,413454;12,60826;0;83,34498;12,07381;-1,420641;-173,3397;14,03063;-1,43514;-78,55447;13,04496;2,434527;-78,54193;13,30987;2,489643;-0,485496;22,00679;0;82,97962;13,36752;-1,190102;-173,7158;15,03487;-1,205828;-78,59131;14,0729;2,656634;-78,57709;14,35102;2,714563;0;0;0;0;0;0;-0,082277;0,056684;0,034377;0,146516;0,159882;0,179976;0,460826;0,40336;0,155702;0;0;0;0;0;0;-0,057684;0,000279;0,011623;-0,041317;0,000201;0,008762;-0,020105;0,000045;0,004828;0;0;0;0;0;0;-0,004247;0;0,000536;-0,000556;0,000022;-0,000045;0,000441;0,000022;-0,000268;0;0;0;0;0;0;0;0;0;0;0;0;0;0;0;0;0;0;0;0;0;0;0;0;0;0;0;0;0;0;0;0;0;0;0;0;79,62002;20,12864;42,54787;166,7247;43,93994;82,67104;236,5601;94,08652;74,84167;0;0;0;0;0;0;-6,978772;0,033528;1,405477;-4,998966;0,02414;1,062155;-2,432763;0,005364;0,584721;0;0;0;0;0;0;-0,128076;0,001341;0,021458;-0,016931;0,002682;0;0,013579;0,001341;-0,005364;0;0;0;0;0;0;0;0;0;0;0;0;0;0;0;0;0;0;0;0;0;0;0;0;0;0;0;0;0;0;5,172799;5,673078;8,194011;10,33402;45,45374;20,78218;3,413116;35,37059;-11,38427;20,86127;103,5061;93,73177;-7,02652;58,47585;103,5771;93,79083;-12,07378;83,49284;103,3227;93,87057;-13,36859;83,17056;103,3113;94,1456;-0,788956;1,177368;4,573502;3,340988;0,692024;-0,050011;-0,000916;0;0,077047;-0,005035;0,000458;0,000458;0;0;0;0;0;0;0;0;-545,2102;-1483,456;274,4101;200,4867;83,7261;-6,111144;-0,082397;0,027466;2,411842;-0,178528;0,027466;0,054932;0;0;0;0;0;0;0;0
57;949,9999;00:00:00:950;0;0;0;-3,519914;0,050068;3,621712;-4,446797;-3,275649;6,89495;-5,02482;-6,093312;9,793078;-3,732783;-7,524266;12,24961;-2,370207;0;3,621712;-2,370207;0,05009;11,17456;-1,440254;-1,718164;15,84712;-1,71388;-3,964514;14,36434;-2,015844;-2,64941;12,68366;-0,895299;-0,03505;3,621712;-0,101118;0,01504;11,13133;0,274138;-4,77607;14,07013;-0,179475;-5,727634;11,20282;-0,314883;-3,293447;10,59336;0,443679;-0,000078;3,621712;1,958848;0,050012;10,3956;1,956898;-4,900703;10,96029;1,291642;-4,5595;8,264793;1,299567;-2,064208;8,756452;1,743431;-0,000171;3,621712;3,958467;0,049919;9,102249;3,988765;-3,889036;9,573995;3,469581;-3,655621;7,623217;3,475602;-1,393009;8,065563;0;0;0;-29,77931;-37,56147;117,6149;-26,44238;-37,56148;117,6149;8,611504;-37,28547;118,0438;8,611507;-37,2855;118,0438;-0,379977;0;0;20,31054;11,35267;-0,265522;123,9533;11,10128;0,441963;-142,4286;10,31394;-0,169521;-142,3953;10,17216;0,017658;-0,380045;6,036885;0;58,28841;7,024223;0,157319;161,7326;8,739407;-0,770439;-104,2156;9,029571;0,907129;-104,2242;9,240664;0,852962;-0,413454;12,60826;0;83,34498;12,07381;-1,420641;-173,3397;14,03063;-1,43514;-78,55447;13,04496;2,434527;-78,54193;13,30987;2,489643;-0,485496;22,00679;0;82,97962;13,36752;-1,190102;-173,7158;15,03487;-1,205828;-78,59131;14,0729;2,656634;-78,57709;14,35102;2,714563;0;0;0;0;0;0;-0,099264;0,007555;-0,020429;-0,484675;-0,046626;-0,149533;-0,900596;-0,306487;-0,081316;0;0;0;0;0;0;-0,099046;0,643697;0,264108;0,001978;0,439502;0,554144;0,020776;0,208911;0,369787;0;0;0;0;0;0;-0,009645;-0,000045;0,001252;-0,001254;0,000022;-0,000179;0,001006;0,000022;-0,000626;0;0;0;0;0;0;0;0;0;0;0;0;0;0;0;0;0;0;0;0;0;0;0;0;0;0;0;0;0;0;0;0;0;0;0;0;-1,01924;-2,947747;-3,288388;-37,87144;-12,39046;-19,77056;-81,68532;-42,59079;-14,22107;0;0;0;0;0;0;-2,481714;38,60503;15,14911;2,597719;26,35807;32,72294;2,45288;12,53195;21,89755;0;0;0;0;0;0;-0,323877;-0,002682;0,042915;-0,04191;0;-0,008047;0,033863;0;-0,021458;0;0;0;0;0;0;0;0;0;0;0;0;0;0;0;0;0;0;0;0;0;0;0;0;0;0;0;0;0;0;5,186569;5,685512;8,206031;10,34695;45,51833;20,99298;3,336891;35,3149;-11,36046;20,63361;103,5062;93,73177;-7,041886;58,47677;103,5771;93,79082;-12,07378;83,49284;103,3227;93,87057;-13,36859;83,17056;103,3113;94,1456;3,875656;12,64767;-4,573502;-3,341446;1,428852;-13,65944;0,000916;-0,000458;-0,921965;0,055389;-0,000916;-0,000458;0;0;0;0;0;0;0;0;279,8767;688,2178;-548,8202;-400,946;44,20966;-816,5656;0,109863;-0,027466;-59,94071;3,625488;-0,082397;-0,054932;0;0;0;0;0;0;0;0
58;966,6666;00:00:00:967;0;0;0;-3,519914;0,050068;3,621712;-4,456626;-3,277828;6,889934;-5,043185;-6,097744;9,784153;-3,757113;-7,532978;12,24132;-2,370207;0;3,621712;-2,370207;0,05009;11,17456;-1,439149;-1,710366;15,84985;-1,712202;-3,95918;14,3707;-2,014787;-2,646871;12,68794;-0,895299;-0,03505;3,621712;-0,101118;0,01504;11,13133;0,275165;-4,776067;14,07;-0,179341;-5,727636;11,20284;-0,31499;-3,29345;10,59342;0,443679;-0,000078;3,621712;1,958848;0,050012;10,3956;1,956898;-4,900703;10,96029;1,291642;-4,5595;8,264793;1,299567;-2,064208;8,756452;1,743431;-0,000171;3,621712;3,958467;0,049919;9,102249;3,988765;-3,889036;9,573995;3,469581;-3,655621;7,623217;3,475602;-1,393009;8,065563;0;0;0;-29,9202;-37,57062;117,6246;-26,58327;-37,57063;117,6246;8,471044;-37,29378;118,0527;8,471049;-37,2938;118,0527;-0,379977;0;0;20,21684;11,35869;-0,26515;123,8598;11,10844;0,44277;-142,5219;10,32011;-0,16742;-142,4886;10,17864;0,019997;-0,380045;6,036885;0;58,28854;7,042439;0,158443;161,7324;8,757622;-0,769355;-104,2152;9,047786;0,908298;-104,2238;9,25888;0,854126;-0,413454;12,60826;0;83,34498;12,07381;-1,420641;-173,3397;14,03063;-1,43514;-78,55447;13,04496;2,434527;-78,54193;13,30987;2,489643;-0,485496;22,00679;0;82,97962;13,36752;-1,190102;-173,7158;15,03487;-1,205828;-78,59131;14,0729;2,656634;-78,57709;14,35102;2,714563;0;0;0;0;0;0;-0,589751;-0,130758;-0,301033;-1,101851;-0,265896;-0,535503;-1,459837;-0,522718;-0,49755;0;0;0;0;0;0;0,06634;0,467844;0,163436;0,10065;0,320032;0,38141;0,06339;0,152338;0,257134;0;0;0;0;0;0;0,061618;0,000201;-0,0076;0,008033;-0,000112;0,001028;-0,006423;-0,000201;0,0038;0;0;0;0;0;0;0;0;0;0;0;0;0;0;0;0;0;0;0;0;0;0;0;0;0;0;0;0;0;0;0;0;0;0;0;0;-29,42919;-8,298753;-16,83622;-37,03057;-13,15623;-23,15819;-33,55443;-12,97384;-24,97404;0;0;0;0;0;0;9,923167;-10,55114;-6,040334;5,920305;-7,168204;-10,36405;2,556815;-3,394336;-6,759167;0;0;0;0;0;0;4,275776;0,014752;-0,531077;0,557229;-0,008047;0,07242;-0,44575;-0,013411;0,265539;0;0;0;0;0;0;0;0;0;0;0;0;0;0;0;0;0;0;0;0;0;0;0;0;0;0;0;0;0;0;5,206651;5,704154;8,223246;10,36573;45,51833;20,99298;3,336891;35,3149;-11,36046;20,63361;103,5062;93,73177;-7,041886;58,47677;103,5771;93,79082;-12,07378;83,49284;103,3227;93,87057;-13,36859;83,17056;103,3113;94,1456;3,875656;12,64767;-4,573502;-3,341446;1,428852;-13,65944;0,000916;-0,000458;-0,921965;0,055389;-0,000916;-0,000458;0;0;0;0;0;0;0;0;279,8767;688,2178;-548,8202;-400,946;44,20966;-816,5656;0,109863;-0,027466;-59,94071;3,625488;-0,082397;-0,054932;0;0;0;0;0;0;0;0
59;983,3333;00:00:00:983;0;0;0;-3,519914;0,050068;3,621712;-4,468766;-3,280615;6,883586;-5,065869;-6,103396;9,772852;-3,787189;-7,543985;12,23074;-2,370207;0;3,621712;-2,370207;0,05009;11,17456;-1,439019;-1,710367;15,84982;-1,712109;-3,95918;14,37068;-2,014742;-2,646872;12,68793;-0,895299;-0,03505;3,621712;-0,101118;0,01504;11,13133;0,279398;-4,776055;14,06947;-0,178789;-5,727642;11,20291;-0,315431;-3,293463;10,59368;0,443679;-0,000078;3,621712;1,958848;0,050012;10,3956;1,956898;-4,900703;10,96029;1,291642;-4,5595;8,264793;1,299567;-2,064208;8,756452;1,743431;-0,000171;3,621712;3,958467;0,049919;9,102249;3,988765;-3,889036;9,573995;3,469581;-3,655621;7,623217;3,475602;-1,393009;8,065563;0;0;0;-30,09603;-37,58339;117,6381;-26,75909;-37,5834;117,6381;8,29574;-37,30552;118,0653;8,295746;-37,30553;118,0653;-0,379977;0;0;20,21686;11,36025;-0,265054;123,8598;11,10999;0,442871;-142,5219;10,32167;-0,167324;-142,4886;10,1802;0,020095;-0,380045;6,036885;0;58,2891;7,117524;0,163082;161,7318;8,832708;-0,764888;-104,2137;9,122854;0,913115;-104,2224;9,33395;0,858938;-0,413454;12,60826;0;83,34498;12,07381;-1,420641;-173,3397;14,03063;-1,43514;-78,55447;13,04496;2,434527;-78,54193;13,30987;2,489643;-0,485496;22,00679;0;82,97962;13,36752;-1,190102;-173,7158;15,03487;-1,205828;-78,59131;14,0729;2,656634;-78,57709;14,35102;2,714563;0;0;0;0;0;0;-0,728399;-0,167213;-0,380829;-1,361042;-0,339165;-0,678062;-1,804545;-0,660405;-0,634521;0;0;0;0;0;0;0,007801;-0,000045;-0,001609;0,005599;-0,000022;-0,001252;0,002727;-0,000011;-0,000626;0;0;0;0;0;0;0,253966;0,000715;-0,031561;0,033092;-0,00038;0,003979;-0,026459;-0,000805;0,015602;0;0;0;0;0;0;0;0;0;0;0;0;0;0;0;0;0;0;0;0;0;0;0;0;0;0;0;0;0;0;0;0;0;0;0;0;-8,318871;-2,187341;-4,787743;-15,55145;-4,39614;-8,553564;-20,68251;-8,261203;-8,218287;0;0;0;0;0;0;-3,512352;-28,07334;-9,902714;-5,703046;-19,20327;-22,95971;-3,639757;-9,140966;-15,46562;0;0;0;0;0;0;11,54087;0,030845;-1,437664;1,503546;-0,016093;0,177026;-1,202132;-0,03621;0,708103;0;0;0;0;0;0;0;0;0;0;0;0;0;0;0;0;0;0;0;0;0;0;0;0;0;0;0;0;0;0;5,228031;5,727129;8,244619;10,389;45,59798;21,21931;3,33695;35,3149;-11,36203;20,63372;103,5062;93,73177;-7,116952;58,48127;103,5771;93,79085;-12,07378;83,49284;103,3227;93,87057;-13,36859;83,17056;103,3113;94,1456;4,779281;13,58025;0,003519;0;-0,0947;0,006981;0,000458;0,000458;-4,503965;0,270081;0,000458;0,001373;0;0;0;0;0;0;0;0;54,21751;55,95474;274,6212;200,4867;-91,4131;819,9851;-0,027466;0,054932;-214,92;12,88147;0,082397;0,109863;0;0;0;0;0;0;0;0
60;999,9999;00:00:01:000;0;0;0;-3,519914;0,050068;3,621712;-4,468766;-3,280615;6,883586;-5,065869;-6,103396;9,772852;-3,787189;-7,543985;12,23074;-2,370207;0;3,621712;-2,370207;0,05009;11,17456;-1,439019;-1,710367;15,84982;-1,712109;-3,95918;14,37068;-2,014742;-2,646872;12,68793;-0,895299;-0,03505;3,621712;-0,101118;0,01504;11,13133;0,279398;-4,776055;14,06947;-0,178789;-5,727642;11,20291;-0,315431;-3,293463;10,59368;0,443679;-0,000078;3,621712;1,958848;0,050012;10,3956;1,956898;-4,900703;10,96029;1,291642;-4,5595;8,264793;1,299567;-2,064208;8,756452;1,743431;-0,000171;3,621712;3,958467;0,049919;9,102249;3,988765;-3,889036;9,573995;3,469581;-3,655621;7,623217;3,475602;-1,393009;8,065563;0;0;0;-30,09603;-37,58339;117,6381;-26,75909;-37,5834;117,6381;8,29574;-37,30552;118,0653;8,295746;-37,30553;118,0653;-0,379977;0;0;20,21686;11,36025;-0,265054;123,8598;11,10999;0,442871;-142,5219;10,32167;-0,167324;-142,4886;10,1802;0,020095;-0,380045;6,036885;0;58,2891;7,117524;0,163082;161,7318;8,832708;-0,764888;-104,2137;9,122854;0,913115;-104,2224;9,33395;0,858938;-0,413454;12,60826;0;83,34498;12,07381;-1,420641;-173,3397;14,03063;-1,43514;-78,55447;13,04496;2,434527;-78,54193;13,30987;2,489643;-0,485496;22,00679;0;82,97962;13,36752;-1,190102;-173,7158;15,03487;-1,205828;-78,59131;14,0729;2,656634;-78,57709;14,35102;2,714563;0;0;0;0;0;0;0;0;0;0;0;0;0;0;0;0;0;0;0;0;0;0;0;0;0;0;0;0;0;0;0;0;0;0;0;0;0;0;0;0;0;0;0;0;0;0;0;0;0;0;0;0;0;0;0;0;0;0;0;0;0;0;0;0;0;0;0;0;0;0;0;0;0;0;0;0;0;0;0;0;0;43,70391;10,0328;22,84974;81,66252;20,34992;40,68374;108,2727;39,62427;38,07127;0;0;0;0;0;0;-0,468045;0,002682;0,09656;-0,335947;0,001341;0,075102;-0,163615;0,000671;0,037551;0;0;0;0;0;0;-15,23796;-0,042915;1,893639;-1,985505;0,022799;-0,238717;1,587533;0,04828;-0,936091;0;0;0;0;0;0;0;0;0;0;0;0;0;0;0;0;0;0;0;0;0;0;0;0;0;0;0;0;0;0;5,228031;5,727129;8,244619;10,389;45,59798;21,21931;3,33695;35,3149;-11,36203;20,63372;103,5062;93,73177;-7,116952;58,48127;103,5771;93,79085;-12,07378;83,49284;103,3227;93,87057;-13,36859;83,17056;103,3113;94,1456;4,779281;13,58025;0,003519;0;-0,0947;0,006981;0,000458;0,000458;-4,503965;0,270081;0,000458;0,001373;0;0;0;0;0;0;0;0;54,21751;55,95474;274,6212;200,4867;-91,4131;819,9851;-0,027466;0,054932;-214,92;12,88147;0,082397;0,109863;0;0;0;0;0;0;0;0
61;1016,667;00:00:01:017;0;0;0;-3,519914;0,050068;3,621712;-4,469872;-3,278745;6,885173;-5,067915;-6,099945;9,775788;-3,789738;-7,539742;12,2344;-2,370207;0;3,621712;-2,370207;0,05009;11,17456;-1,439322;-1,710366;15,84988;-1,712327;-3,959179;14,37073;-2,014848;-2,646871;12,68796;-0,895299;-0,03505;3,621712;-0,101118;0,01504;11,13133;0,281698;-4,776049;14,06919;-0,17849;-5,727646;11,20294;-0,315671;-3,293471;10,59382;0,443679;-0,000078;3,621712;1,958848;0,050012;10,3956;1,956898;-4,900703;10,96029;1,291642;-4,5595;8,264793;1,299567;-2,064208;8,756452;1,743431;-0,000171;3,621712;3,958467;0,049919;9,102249;3,988765;-3,889036;9,573995;3,469581;-3,655621;7,623217;3,475602;-1,393009;8,065563;0;0;0;-30,08131;-37,55826;117,6114;-26,74436;-37,55827;117,6114;8,310654;-37,28048;118,0385;8,310658;-37,28048;118,0385;-0,379977;0;0;20,21682;11,35662;-0,265279;123,8597;11,10636;0,442636;-142,522;10,31804;-0,167549;-142,4886;10,17656;0,019866;-0,380045;6,036885;0;58,28942;7,158329;0,165604;161,7314;8,87351;-0,76246;-104,2128;9,163653;0,91573;-104,2215;9,374746;0,861554;-0,413454;12,60826;0;83,34498;12,07381;-1,420641;-173,3397;14,03063;-1,43514;-78,55447;13,04496;2,434527;-78,54193;13,30987;2,489643;-0,485496;22,00679;0;82,97962;13,36752;-1,190102;-173,7158;15,03487;-1,205828;-78,59131;14,0729;2,656634;-78,57709;14,35102;2,714563;0;0;0;0;0;0;-0,066362;0,112206;0,095218;-0,122778;0,207089;0,176176;-0,152931;0,254586;0,219673;0;0;0;0;0;0;-0,018194;0,000078;0,003755;-0,013065;0,000045;0,002772;-0,00637;0,000011;0,00152;0;0;0;0;0;0;0,138;0,00038;-0,017256;0,017985;-0,000268;0,002101;-0,014369;-0,000469;0,008494;0;0;0;0;0;0;0;0;0;0;0;0;0;0;0;0;0;0;0;0;0;0;0;0;0;0;0;0;0;0;0;0;0;0;0;0;-3,981739;6,732344;5,713104;-7,366686;12,42533;10,57058;-9,175836;15,27518;13,18038;0;0;0;0;0;0;-1,091659;0,004694;0,225306;-0,783876;0,002682;0,166297;-0,382215;0,000671;0,091195;0;0;0;0;0;0;8,279978;0,022799;-1,035332;1,079086;-0,016093;0,126064;-0,862163;-0,028163;0,50962;0;0;0;0;0;0;0;0;0;0;0;0;0;0;0;0;0;0;0;0;0;0;0;0;0;0;0;0;0;0;5,22457;5,726383;8,244917;10,38974;45,56797;21,22973;3,33695;35,3149;-11,35839;20,63346;103,5061;93,73177;-7,157741;58,48373;103,5771;93,79082;-12,07378;83,49284;103,3227;93,87057;-13,36859;83,17056;103,3113;94,1456;-1,800613;0,624847;0;0;0,218525;-0,015678;-0,000916;-0,000458;-2,447319;0,1474;0,000458;-0,001831;0;0;0;0;0;0;0;0;-394,7936;-777,3238;-0,211144;0;18,79349;-1,359558;-0,082397;-0,054932;123,3988;-7,36084;0;-0,192261;0;0;0;0;0;0;0;0
62;1033,333;00:00:01:033;0;0;0;-3,519914;0,050068;3,621712;-4,472349;-3,277824;6,88539;-5,072528;-6,098318;9,776253;-3,79574;-7,538311;12,23547;-2,370207;0;3,621712;-2,370207;0,05009;11,17456;-1,441754;-1,710354;15,85037;-1,714074;-3,959172;14,37109;-2,0157;-2,646869;12,68816;-0,895299;-0,03505;3,621712;-0,101118;0,01504;11,13133;0,28133;-4,77605;14,06923;-0,178538;-5,727646;11,20294;-0,315632;-3,293469;10,5938;0,443679;-0,000078;3,621712;1,958848;0,050012;10,3956;1,956898;-4,900703;10,96029;1,291642;-4,5595;8,264793;1,299567;-2,064208;8,756452;1,743431;-0,000171;3,621712;3,958467;0,049919;9,102249;3,988765;-3,889036;9,573995;3,469581;-3,655621;7,623217;3,475602;-1,393009;8,065563;0;0;0;-30,09568;-37,54247;117,5946;-26,75876;-37,54249;117,5947;8,296482;-37,2646;118,0215;8,296486;-37,26461;118,0215;-0,379977;0;0;20,21646;11,32747;-0,267083;123,859;11,07722;0,440764;-142,5224;10,28889;-0,169355;-142,4891;10,14742;0,018044;-0,380045;6,036885;0;58,28937;7,151791;0,1652;161,7315;8,866974;-0,762849;-104,213;9,157117;0,915312;-104,2217;9,368212;0,861134;-0,413454;12,60826;0;83,34498;12,07381;-1,420641;-173,3397;14,03063;-1,43514;-78,55447;13,04496;2,434527;-78,54193;13,30987;2,489643;-0,485496;22,00679;0;82,97962;13,36752;-1,190102;-173,7158;15,03487;-1,205828;-78,59131;14,0729;2,656634;-78,57709;14,35102;2,714563;0;0;0;0;0;0;-0,148594;0,055209;0,013009;-0,276782;0,097588;0,02785;-0,360131;0,085831;0,064194;0;0;0;0;0;0;-0,145895;0,000715;0,029147;-0,104841;0,000447;0,022084;-0,051096;0,000134;0,012159;0;0;0;0;0;0;-0,022106;-0,000045;0,002772;-0,002878;0,000045;-0,000268;0,002302;0,000089;-0,001341;0;0;0;0;0;0;0;0;0;0;0;0;0;0;0;0;0;0;0;0;0;0;0;0;0;0;0;0;0;0;0;0;0;0;0;0;-4,933923;-3,419816;-4,932581;-9,240209;-6,570071;-8,899568;-12,43204;-10,12534;-9,328722;0;0;0;0;0;0;-7,662065;0,038221;1,523494;-5,506575;0,02414;1,158714;-2,68355;0,007376;0,638366;0;0;0;0;0;0;-9,60633;-0,025481;1,201629;-1,251753;0,018775;-0,142157;1,000296;0,033528;-0,590086;0;0;0;0;0;0;0;0;0;0;0;0;0;0;0;0;0;0;0;0;0;0;0;0;0;0;0;0;0;0;5,224909;5,729304;8,248125;10,39352;45,55815;21,26877;3,336891;35,31491;-11,32926;20,63137;103,5061;93,73177;-7,151187;58,48333;103,5771;93,79082;-12,07378;83,49284;103,3227;93,87057;-13,36859;83,17056;103,3113;94,1456;-0,5896;2,342605;-0,003519;0,000458;1,74797;-0,125656;0;0,000458;0,393219;-0,023804;0;0;0;0;0;0;0;0;0;0;72,66082;103,0655;-0,211144;0,027466;91,76673;-6,598663;0,054932;0,054932;170,4323;-10,27221;-0,027466;0,109863;0;0;0;0;0;0;0;0
63;1050;00:00:01:050;0;0;0;-3,519914;0,050068;3,621712;-4,477519;-3,277447;6,884262;-5,082174;-6,097804;9,774324;-3,808414;-7,539135;12,23433;-2,370207;0;3,621712;-2,370207;0,05009;11,17456;-1,441505;-1,710356;15,85032;-1,713896;-3,959173;14,37106;-2,015613;-2,646869;12,68814;-0,895299;-0,03505;3,621712;-0,101118;0,01504;11,13133;0,285082;-4,776038;14,06876;-0,178049;-5,727651;11,203;-0,316023;-3,293482;10,59403;0,443679;-0,000078;3,621712;1,958848;0,050012;10,3956;1,956898;-4,900703;10,96029;1,291642;-4,5595;8,264793;1,299567;-2,064208;8,756452;1,743431;-0,000171;3,621712;3,958467;0,049919;9,102249;3,988765;-3,889036;9,573995;3,469581;-3,655621;7,623217;3,475602;-1,393009;8,065563;0;0;0;-30,14812;-37,52864;117,58;-26,81118;-37,52866;117,58;8,244379;-37,25049;118,0065;8,244384;-37,25049;118,0065;-0,379977;0;0;20,2165;11,33045;-0,266899;123,8591;11,08019;0,440956;-142,5223;10,29187;-0,169171;-142,4891;10,1504;0,018231;-0,380045;6,036885;0;58,28988;7,218365;0,169314;161,7309;8,933547;-0,758888;-104,2115;9,223678;0,919587;-104,2204;9,434775;0,865402;-0,413454;12,60826;0;83,34498;12,07381;-1,420641;-173,3397;14,03063;-1,43514;-78,55447;13,04496;2,434527;-78,54193;13,30987;2,489643;-0,485496;22,00679;0;82,97962;13,36752;-1,190102;-173,7158;15,03487;-1,205828;-78,59131;14,0729;2,656634;-78,57709;14,35102;2,714563;0;0;0;0;0;0;-0,310197;0,022665;-0,067681;-0,578754;0,030868;-0,115693;-0,760451;-0,049442;-0,068441;0;0;0;0;0;0;0,014903;-0,000112;-0,002861;0,010706;-0,000089;-0,002235;0,005219;-0,000022;-0,001252;0;0;0;0;0;0;0,225132;0,000671;-0,028253;0,029348;-0,000335;0,003487;-0,023433;-0,000738;0,013858;0;0;0;0;0;0;0;0;0;0;0;0;0;0;0;0;0;0;0;0;0;0;0;0;0;0;0;0;0;0;0;0;0;0;0;0;-9,696184;-1,952648;-4,841386;-18,11832;-4,003197;-8,612572;-24,01918;-8,116364;-7,958113;0;0;0;0;0;0;9,647904;-0,049621;-1,920461;6,93284;-0,032187;-1,459121;3,378913;-0,009388;-0,804663;0;0;0;0;0;0;14,83429;0,042915;-1,861453;1,933537;-0,022799;0,225306;-1,544114;-0,049621;0,911951;0;0;0;0;0;0;0;0;0;0;0;0;0;0;0;0;0;0;0;0;0;0;0;0;0;0;0;0;0;0;5,230138;5,736982;8,256026;10,40242;45,5648;21,35772;3,33695;35,3149;-11,33223;20,63158;103,5062;93,73176;-7,217734;58,4874;103,5771;93,79084;-12,07378;83,49284;103,3227;93,87057;-13,36859;83,17056;103,3113;94,1456;0,398941;5,336952;0,003519;-0,000458;-0,178299;0,012703;0,000916;-0,000916;-3,992815;0,243988;-0,000458;0,001373;0;0;0;0;0;0;0;0;59,31243;179,6608;0,422287;-0,054932;-115,5762;8,301543;0,054932;-0,082397;-263,162;16,0675;-0,027466;0,082397;0;0;0;0;0;0;0;0
64;1066,667;00:00:01:067;0;0;0;-3,519914;0,050068;3,621712;-4,478902;-3,276754;6,884562;-5,084749;-6,096562;9,77491;-3,811753;-7,537895;12,23531;-2,370207;0;3,621712;-2,370207;0,05009;11,17456;-1,441103;-1,710357;15,85024;-1,713607;-3,959174;14,371;-2,015472;-2,64687;12,68811;-0,895299;-0,03505;3,621712;-0,101118;0,01504;11,13133;0,288095;-4,77603;14,06838;-0,177656;-5,727656;11,20304;-0,316336;-3,293492;10,59422;0,443679;-0,000078;3,621712;1,958848;0,050012;10,3956;1,956898;-4,900703;10,96029;1,291642;-4,5595;8,264793;1,299567;-2,064208;8,756452;1,743431;-0,000171;3,621712;3,958467;0,049919;9,102249;3,988765;-3,889036;9,573995;3,469581;-3,655621;7,623217;3,475602;-1,393009;8,065563;0;0;0;-30,15361;-37,51764;117,5683;-26,81668;-37,51766;117,5683;8,238997;-37,23944;117,9947;8,239;-37,23944;117,9947;-0,379977;0;0;20,21656;11,33527;-0,2666;123,8592;11,08502;0,441265;-142,5222;10,29669;-0,168872;-142,489;10,15522;0,018532;-0,380045;6,036885;0;58,29029;7,271831;0,172618;161,7304;8,987013;-0,755707;-104,2104;9,277135;0,923018;-104,2192;9,488233;0,868829;-0,413454;12,60826;0;83,34498;12,07381;-1,420641;-173,3397;14,03063;-1,43514;-78,55447;13,04496;2,434527;-78,54193;13,30987;2,489643;-0,485496;22,00679;0;82,97962;13,36752;-1,190102;-173,7158;15,03487;-1,205828;-78,59131;14,0729;2,656634;-78,57709;14,35102;2,714563;0;0;0;0;0;0;-0,082992;0,041552;0,017971;-0,154518;0,074498;0,035137;-0,200339;0,074387;0,058785;0;0;0;0;0;0;0,024123;-0,000089;-0,004828;0,017334;-0,000045;-0,003666;0,008449;-0,000022;-0,001967;0;0;0;0;0;0;0,18077;0,000514;-0,023067;0,023573;-0,000268;0,002727;-0,018809;-0,000581;0,011176;0;0;0;0;0;0;0;0;0;0;0;0;0;0;0;0;0;0;0;0;0;0;0;0;0;0;0;0;0;0;0;0;0;0;0;0;13,63233;1,133233;5,139112;25,45416;2,617836;9,049771;33,60673;7,429718;7,633566;0;0;0;0;0;0;0,553206;0,001341;-0,118017;0,397637;0,002682;-0,085831;0,19379;0;-0,042915;0;0;0;0;0;0;-2,661757;-0,009388;0,311136;-0,346508;0,004023;-0,045598;0,277441;0,009388;-0,160933;0;0;0;0;0;0;0;0;0;0;0;0;0;0;0;0;0;0;0;0;0;0;0;0;0;0;0;0;0;0;5,230084;5,738127;8,257684;10,40442;45,55621;21,37867;3,336891;35,3149;-11,33705;20,63193;103,5062;93,73177;-7,271194;58,49067;103,5771;93,79082;-12,07378;83,49284;103,3227;93,87057;-13,36859;83,17056;103,3113;94,1456;-0,515442;1,257133;-0,003519;0;-0,288849;0,021057;0;0,000458;-3,207578;0,19661;-0,000458;-0,000916;0;0;0;0;0;0;0;0;-54,86297;-244,7891;-0,422287;0,027466;-6,632994;0,501251;-0,054932;0,082397;47,11418;-2,842712;0;-0,137329;0;0;0;0;0;0;0;0
65;1083,333;00:00:01:083;0;0;0;-3,519914;0,050068;3,621712;-4,478902;-3,276754;6,884562;-5,084749;-6,096562;9,77491;-3,811753;-7,537895;12,23531;-2,370207;0;3,621712;-2,370207;0,05009;11,17456;-1,441103;-1,710357;15,85024;-1,713607;-3,959174;14,371;-2,015472;-2,64687;12,68811;-0,895299;-0,03505;3,621712;-0,101118;0,01504;11,13133;0,288095;-4,77603;14,06838;-0,177656;-5,727656;11,20304;-0,316336;-3,293492;10,59422;0,443679;-0,000078;3,621712;1,958848;0,050012;10,3956;1,956898;-4,900703;10,96029;1,291642;-4,5595;8,264793;1,299567;-2,064208;8,756452;1,743431;-0,000171;3,621712;3,958467;0,049919;9,102249;3,988765;-3,889036;9,573995;3,469581;-3,655621;7,623217;3,475602;-1,393009;8,065563;0;0;0;-30,15361;-37,51764;117,5683;-26,81668;-37,51766;117,5683;8,238997;-37,23944;117,9947;8,239;-37,23944;117,9947;-0,379977;0;0;20,21656;11,33527;-0,2666;123,8592;11,08502;0,441265;-142,5222;10,29669;-0,168872;-142,489;10,15522;0,018532;-0,380045;6,036885;0;58,29029;7,271831;0,172618;161,7304;8,987013;-0,755707;-104,2104;9,277135;0,923018;-104,2192;9,488233;0,868829;-0,413454;12,60826;0;83,34498;12,07381;-1,420641;-173,3397;14,03063;-1,43514;-78,55447;13,04496;2,434527;-78,54193;13,30987;2,489643;-0,485496;22,00679;0;82,97962;13,36752;-1,190102;-173,7158;15,03487;-1,205828;-78,59131;14,0729;2,656634;-78,57709;14,35102;2,714563;0;0;0;0;0;0;0;0;0;0;0;0;0;0;0;0;0;0;0;0;0;0;0;0;0;0;0;0;0;0;0;0;0;0;0;0;0;0;0;0;0;0;0;0;0;0;0;0;0;0;0;0;0;0;0;0;0;0;0;0;0;0;0;0;0;0;0;0;0;0;0;0;0;0;0;0;0;0;0;0;0;4,97952;-2,493113;-1,078248;9,271054;-4,469901;-2,108216;12,02032;-4,463195;-3,527104;0;0;0;0;0;0;-1,447387;0,005364;0,289679;-1,040026;0,002682;0,219941;-0,506937;0,001341;0,118017;0;0;0;0;0;0;-10,84618;-0,030845;1,38402;-1,414362;0,016093;-0,163615;1,128539;0,034869;-0,670552;0;0;0;0;0;0;0;0;0;0;0;0;0;0;0;0;0;0;0;0;0;0;0;0;0;0;0;0;0;0;5,230084;5,738127;8,257684;10,40442;45,55621;21,37867;3,336891;35,3149;-11,33705;20,63193;103,5062;93,73177;-7,271194;58,49067;103,5771;93,79082;-12,07378;83,49284;103,3227;93,87057;-13,36859;83,17056;103,3113;94,1456;-0,515442;1,257133;-0,003519;0;-0,288849;0,021057;0;0,000458;-3,207578;0,19661;-0,000458;-0,000916;0;0;0;0;0;0;0;0;-54,86297;-244,7891;-0,422287;0,027466;-6,632994;0,501251;-0,054932;0,082397;47,11418;-2,842712;0;-0,137329;0;0;0;0;0;0;0;0
66;1100;00:00:01:100;0;0;0;-3,519914;0,050068;3,621712;-4,479177;-3,277245;6,88398;-5,085267;-6,097488;9,773853;-3,812472;-7,539201;12,23414;-2,370207;0;3,621712;-2,370207;0,05009;11,17456;-1,439019;-1,710367;15,84982;-1,712109;-3,95918;14,37068;-2,014742;-2,646872;12,68793;-0,895299;-0,03505;3,621712;-0,101118;0,01504;11,13133;0,290591;-4,776022;14,06806;-0,17733;-5,72766;11,20308;-0,316596;-3,2935;10,59437;0,443679;-0,000078;3,621712;1,958848;0,050012;10,3956;1,956898;-4,900703;10,96029;1,291642;-4,5595;8,264793;1,299567;-2,064208;8,756452;1,743431;-0,000171;3,621712;3,958467;0,049919;9,102249;3,988765;-3,889036;9,573995;3,469581;-3,655621;7,623217;3,475602;-1,393009;8,065563;0;0;0;-30,16379;-37,52324;117,5742;-26,82685;-37,52325;117,5742;8,228822;-37,24497;118,0006;8,228823;-37,24497;118,0006;-0,379977;0;0;20,21686;11,36025;-0,265054;123,8598;11,10999;0,442871;-142,5219;10,32167;-0,167324;-142,4886;10,1802;0,020095;-0,380045;6,036885;0;58,29066;7,316144;0,17536;161,7301;9,031325;-0,75307;-104,2095;9,321439;0,925866;-104,2184;9,532536;0,871676;-0,413454;12,60826;0;83,34498;12,07381;-1,420641;-173,3397;14,03063;-1,43514;-78,55447;13,04496;2,434527;-78,54193;13,30987;2,489643;-0,485496;22,00679;0;82,97962;13,36752;-1,190102;-173,7158;15,03487;-1,205828;-78,59131;14,0729;2,656634;-78,57709;14,35102;2,714563;0;0;0;0;0;0;-0,016473;-0,02946;-0,034869;-0,031024;-0,055589;-0,06339;-0,043117;-0,078321;-0,070497;0;0;0;0;0;0;0,125064;-0,000592;-0,025213;0,089865;-0,000358;-0,018954;0,043798;-0,000101;-0,010461;0;0;0;0;0;0;0,149796;0,000425;-0,019312;0,01953;-0,000246;0,00219;-0,015588;-0,000492;0,009254;0;0;0;0;0;0;0;0;0;0;0;0;0;0;0;0;0;0;0;0;0;0;0;0;0;0;0;0;0;0;0;0;0;0;0;0;-0,988394;-1,767576;-2,092123;-1,861453;-3,335327;-3,803372;-2,58699;-4,699229;-4,229843;0;0;0;0;0;0;7,503814;-0,035539;-1,512766;5,39191;-0,021458;-1,137256;2,627894;-0,006035;-0,627637;0;0;0;0;0;0;8,987745;0,025481;-1,158714;1,17179;-0,014752;0,131428;-0,935253;-0,029504;0,555217;0;0;0;0;0;0;0;0;0;0;0;0;0;0;0;0;0;0;0;0;0;0;0;0;0;0;0;0;0;0;5,231888;5,738986;8,258498;10,40522;45,61721;21,4927;3,336891;35,31491;-11,37018;20,6343;103,5062;93,73177;-7,3218;58,38866;103,5771;93,79082;-12,07378;83,49284;103,3227;93,87057;-13,36859;83,17056;103,3113;94,1456;3,660278;6,841506;0;0,000916;-1,987953;0,142365;-0,000458;0;-3,036346;-6,120529;0,000458;0;0;0;0;0;0;0;0;0;250,5432;335,0624;0,211144;0,054932;-101,9463;7,278442;-0,027466;-0,027466;10,27393;-379,0283;0,054932;0,054932;0;0;0;0;0;0;0;0
67;1116,667;00:00:01:117;0;0;0;-3,519914;0,050068;3,621712;-4,484664;-3,279377;6,880186;-5,095531;-6,101672;9,767048;-3,826161;-7,546332;12,22737;-2,370207;0;3,621712;-2,370207;0,05009;11,17456;-1,438339;-1,71037;15,84968;-1,71162;-3,959182;14,37058;-2,014504;-2,646872;12,68787;-0,895299;-0,03505;3,621712;-0,101118;0,01504;11,13133;0,292054;-4,770558;14,07676;-0,175936;-5,727537;11,21357;-0,315853;-3,294526;10,60044;0,443679;-0,000078;3,621712;1,958848;0,050012;10,3956;1,956898;-4,900703;10,96029;1,291642;-4,5595;8,264793;1,299567;-2,064208;8,756452;1,743431;-0,000171;3,621712;3,958467;0,049919;9,102249;3,988765;-3,889036;9,573995;3,469581;-3,655621;7,623217;3,475602;-1,393009;8,065563;0;0;0;-30,25618;-37,54002;117,592;-26,91926;-37,54002;117,5921;8,136597;-37,26121;118,018;8,136597;-37,26121;118,018;-0,379977;0;0;20,21696;11,3684;-0,264549;123,86;11,11815;0,443394;-142,5218;10,32983;-0,166818;-142,4884;10,18835;0,020604;-0,380045;6,036885;0;58,18521;7,322455;0,175749;161,6241;9,035936;-0,755888;-104,3154;9,329116;0,922531;-104,3243;9,540116;0,867943;-0,413454;12,60826;0;83,34498;12,07381;-1,420641;-173,3397;14,03063;-1,43514;-78,55447;13,04496;2,434527;-78,54193;13,30987;2,489643;-0,485496;22,00679;0;82,97962;13,36752;-1,190102;-173,7158;15,03487;-1,205828;-78,59131;14,0729;2,656634;-78,57709;14,35102;2,714563;0;0;0;0;0;0;-0,329286;-0,127874;-0,227675;-0,61588;-0,250988;-0,408322;-0,821337;-0,427902;-0,405908;0;0;0;0;0;0;0,040792;-0,000179;-0,008225;0,029314;-0,000089;-0,006169;0,014283;-0,000022;-0,003487;0;0;0;0;0;0;0,08777;0,327878;0,522137;0,083623;0,007354;0,629559;0,044555;-0,061601;0,363842;0;0;0;0;0;0;0;0;0;0;0;0;0;0;0;0;0;0;0;0;0;0;0;0;0;0;0;0;0;0;0;0;0;0;0;0;-18,76875;-5,904882;-11,56837;-35,09134;-11,72393;-20,69592;-46,69323;-20,97487;-20,12461;0;0;0;0;0;0;-5,056298;0,02481;1,019239;-3,633052;0,016093;0,767112;-1,770929;0,004694;0,418425;0;0;0;0;0;0;-3,721565;19,64718;32,48691;3,845617;0,455976;37,64212;3,608577;-3,666579;21,27528;0;0;0;0;0;0;0;0;0;0;0;0;0;0;0;0;0;0;0;0;0;0;0;0;0;0;0;0;0;0;5,243937;5,748655;8,268862;10,41632;45,61721;21,4927;3,336891;35,31491;-11,37018;20,6343;103,5062;93,73177;-7,3218;58,38866;103,5771;93,79082;-12,07378;83,49284;103,3227;93,87057;-13,36859;83,17056;103,3113;94,1456;3,660278;6,841506;0;0,000916;-1,987953;0,142365;-0,000458;0;-3,036346;-6,120529;0,000458;0;0;0;0;0;0;0;0;0;250,5432;335,0624;0,211144;0,054932;-101,9463;7,278442;-0,027466;-0,027466;10,27393;-379,0283;0,054932;0,054932;0;0;0;0;0;0;0;0
68;1133,333;00:00:01:133;0;0;0;-3,519914;0,050068;3,621712;-4,484664;-3,279377;6,880186;-5,095531;-6,101672;9,767048;-3,826161;-7,546332;12,22737;-2,370207;0;3,621712;-2,370207;0,05009;11,17456;-1,438339;-1,71037;15,84968;-1,71162;-3,959182;14,37058;-2,014504;-2,646872;12,68787;-0,895299;-0,03505;3,621712;-0,101118;0,01504;11,13133;0,292054;-4,770558;14,07676;-0,175936;-5,727537;11,21357;-0,315853;-3,294526;10,60044;0,443679;-0,000078;3,621712;1,958848;0,050012;10,3956;1,956898;-4,900703;10,96029;1,291642;-4,5595;8,264793;1,299567;-2,064208;8,756452;1,743431;-0,000171;3,621712;3,958467;0,049919;9,102249;3,988765;-3,889036;9,573995;3,469581;-3,655621;7,623217;3,475602;-1,393009;8,065563;0;0;0;-30,25618;-37,54002;117,592;-26,91926;-37,54002;117,5921;8,136597;-37,26121;118,018;8,136597;-37,26121;118,018;-0,379977;0;0;20,21696;11,3684;-0,264549;123,86;11,11815;0,443394;-142,5218;10,32983;-0,166818;-142,4884;10,18835;0,020604;-0,380045;6,036885;0;58,18521;7,322455;0,175749;161,6241;9,035936;-0,755888;-104,3154;9,329116;0,922531;-104,3243;9,540116;0,867943;-0,413454;12,60826;0;83,34498;12,07381;-1,420641;-173,3397;14,03063;-1,43514;-78,55447;13,04496;2,434527;-78,54193;13,30987;2,489643;-0,485496;22,00679;0;82,97962;13,36752;-1,190102;-173,7158;15,03487;-1,205828;-78,59131;14,0729;2,656634;-78,57709;14,35102;2,714563;0;0;0;0;0;0;0;0;0;0;0;0;0;0;0;0;0;0;0;0;0;0;0;0;0;0;0;0;0;0;0;0;0;0;0;0;0;0;0;0;0;0;0;0;0;0;0;0;0;0;0;0;0;0;0;0;0;0;0;0;0;0;0;0;0;0;0;0;0;0;0;0;0;0;0;0;0;0;0;0;0;19,75715;7,672458;13,66049;36,95279;15,05926;24,4993;49,28022;25,6741;24,35446;0;0;0;0;0;0;-2,447515;0,010729;0,493526;-1,758858;0,005364;0,370145;-0,856966;0,001341;0,209212;0;0;0;0;0;0;-5,266181;-19,67266;-31,3282;-5,017406;-0,441223;-37,77354;-2,673324;3,696084;-21,8305;0;0;0;0;0;0;0;0;0;0;0;0;0;0;0;0;0;0;0;0;0;0;0;0;0;0;0;0;0;0;5,243937;5,748655;8,268862;10,41632;45,61721;21,4927;3,336891;35,31491;-11,37018;20,6343;103,5062;93,73177;-7,3218;58,38866;103,5771;93,79082;-12,07378;83,49284;103,3227;93,87057;-13,36859;83,17056;103,3113;94,1456;0;0;0;0;0;0;0;0;0;0;0;0;0;0;0;0;0;0;0;0;-219,6167;-410,4904;0;-0,054932;119,2772;-8,54187;0,027466;0;182,1808;367,2317;-0,027466;0;0;0;0;0;0;0;0;0
69;1150;00:00:01:150;0;0;0;-3,519914;0,050068;3,621712;-4,482234;-3,287532;6,872552;-5,091074;-6,116813;9,752997;-3,820924;-7,565664;12,21045;-2,370207;0;3,621712;-2,370207;0,05009;11,17456;-1,437019;-1,710377;15,84942;-1,710672;-3,959186;14,37038;-2,014042;-2,646873;12,68776;-0,895299;-0,03505;3,621712;-0,101118;0,01504;11,13133;0,292536;-4,76569;14,08459;-0,174807;-5,727411;11,22289;-0,31511;-3,295427;10,60578;0,443679;-0,000078;3,621712;1,958848;0,050012;10,3956;1,956898;-4,900703;10,96029;1,291642;-4,5595;8,264793;1,299567;-2,064208;8,756452;1,743431;-0,000171;3,621712;3,958467;0,049919;9,102249;3,988765;-3,889036;9,573995;3,469581;-3,655621;7,623217;3,475602;-1,393009;8,065563;0;0;0;-30,34737;-37,64536;117,7042;-27,01044;-37,64536;117,7042;8,044788;-37,36601;118,1301;8,04479;-37,36601;118,1301;-0,379977;0;0;20,21716;11,38423;-0,26357;123,8604;11,13397;0,444411;-142,5216;10,34565;-0,165837;-142,4882;10,20417;0,021594;-0,380045;6,036885;0;58,09135;7,313601;0,175202;161,53;9,025568;-0,759251;-104,4098;9,321472;0,918635;-104,4188;9,532385;0,863695;-0,413454;12,60826;0;83,34498;12,07381;-1,420641;-173,3397;14,03063;-1,43514;-78,55447;13,04496;2,434527;-78,54193;13,30987;2,489643;-0,485496;22,00679;0;82,97962;13,36752;-1,190102;-173,7158;15,03487;-1,205828;-78,59131;14,0729;2,656634;-78,57709;14,35102;2,714563;0;0;0;0;0;0;0,145823;-0,489347;-0,458032;0,267461;-0,908464;-0,843018;0,314198;-1,159921;-1,015127;0;0;0;0;0;0;0,07922;-0,00038;-0,015914;0,056919;-0,000268;-0,01207;0,027739;-0,000078;-0,006616;0;0;0;0;0;0;0,028912;0,292093;0,469923;0,067765;0,007577;0,558928;0,044595;-0,054024;0,320524;0;0;0;0;0;0;0;0;0;0;0;0;0;0;0;0;0;0;0;0;0;0;0;0;0;0;0;0;0;0;0;0;0;0;0;0;8,749364;-29,3608;-27,48191;16,04766;-54,50785;-50,5811;18,8519;-69,59527;-60,9076;0;0;0;0;0;0;4,753209;-0,022799;-0,954866;3,415122;-0,016093;-0,724196;1,664311;-0,004694;-0,396967;0;0;0;0;0;0;1,734718;17,52555;28,19538;4,065893;0,454634;33,53565;2,675671;-3,24145;19,23144;0;0;0;0;0;0;0;0;0;0;0;0;0;0;0;0;0;0;0;0;0;0;0;0;0;0;0;0;0;0;5,261859;5,753316;8,271372;10,41735;45,75446;21,48994;3,336832;35,31491;-11,386;20,63545;103,5061;93,73178;-7,312925;58,29465;103,5771;93,79082;-12,07378;83,49284;103,3227;93,87057;-13,36859;83,17056;103,3113;94,1456;8,234711;-0,165253;-0,003533;-0,000458;-0,949345;0,068665;-0,000458;0,000916;0,532494;-5,640563;0;-0,000458;0;0;0;0;0;0;0;0;494,0826;-9,91516;-0,212002;-0,027466;-56,96067;4,119873;-0,027466;0,054932;31,94961;-338,4338;0;-0,027466;0;0;0;0;0;0;0;0
70;1166,667;00:00:01:167;0;0;0;-3,519914;0,050068;3,621712;-4,482234;-3,287532;6,872552;-5,091074;-6,116813;9,752997;-3,820924;-7,565664;12,21045;-2,370207;0;3,621712;-2,370207;0,05009;11,17456;-1,437019;-1,710377;15,84942;-1,710672;-3,959186;14,37038;-2,014042;-2,646873;12,68776;-0,895299;-0,03505;3,621712;-0,101118;0,01504;11,13133;0,292536;-4,76569;14,08459;-0,174807;-5,727411;11,22289;-0,31511;-3,295427;10,60578;0,443679;-0,000078;3,621712;1,958848;0,050012;10,3956;1,956898;-4,900703;10,96029;1,291642;-4,5595;8,264793;1,299567;-2,064208;8,756452;1,743431;-0,000171;3,621712;3,958467;0,049919;9,102249;3,988765;-3,889036;9,573995;3,469581;-3,655621;7,623217;3,475602;-1,393009;8,065563;0;0;0;-30,34737;-37,64536;117,7042;-27,01044;-37,64536;117,7042;8,044788;-37,36601;118,1301;8,04479;-37,36601;118,1301;-0,379977;0;0;20,21716;11,38423;-0,26357;123,8604;11,13397;0,444411;-142,5216;10,34565;-0,165837;-142,4882;10,20417;0,021594;-0,380045;6,036885;0;58,09135;7,313601;0,175202;161,53;9,025568;-0,759251;-104,4098;9,321472;0,918635;-104,4188;9,532385;0,863695;-0,413454;12,60826;0;83,34498;12,07381;-1,420641;-173,3397;14,03063;-1,43514;-78,55447;13,04496;2,434527;-78,54193;13,30987;2,489643;-0,485496;22,00679;0;82,97962;13,36752;-1,190102;-173,7158;15,03487;-1,205828;-78,59131;14,0729;2,656634;-78,57709;14,35102;2,714563;0;0;0;0;0;0;0;0;0;0;0;0;0;0;0;0;0;0;0;0;0;0;0;0;0;0;0;0;0;0;0;0;0;0;0;0;0;0;0;0;0;0;0;0;0;0;0;0;0;0;0;0;0;0;0;0;0;0;0;0;0;0;0;0;0;0;0;0;0;0;0;0;0;0;0;0;0;0;0;0;0;-8,749364;29,3608;27,48191;-16,04766;54,50785;50,5811;-18,8519;69,59527;60,9076;0;0;0;0;0;0;-4,753209;0,022799;0,954866;-3,415122;0,016093;0,724196;-1,664311;0,004694;0,396967;0;0;0;0;0;0;-1,734718;-17,52555;-28,19538;-4,065893;-0,454634;-33,53565;-2,675671;3,24145;-19,23144;0;0;0;0;0;0;0;0;0;0;0;0;0;0;0;0;0;0;0;0;0;0;0;0;0;0;0;0;0;0;5,261859;5,753316;8,271372;10,41735;45,75446;21,48994;3,336832;35,31491;-11,386;20,63545;103,5061;93,73178;-7,312925;58,29465;103,5771;93,79082;-12,07378;83,49284;103,3227;93,87057;-13,36859;83,17056;103,3113;94,1456;8,234711;-0,165253;-0,003533;-0,000458;-0,949345;0,068665;-0,000458;0,000916;0,532494;-5,640563;0;-0,000458;0;0;0;0;0;0;0;0;494,0826;-9,91516;-0,212002;-0,027466;-56,96067;4,119873;-0,027466;0,054932;31,94961;-338,4338;0;-0,027466;0;0;0;0;0;0;0;0
71;1183,333;00:00:01:183;0;0;0;-3,519914;0,050068;3,621712;-4,485055;-3,285902;6,873389;-5,09134;-6,112957;9,756557;-3,819263;-7,559447;12,21441;-2,370207;0;3,621712;-2,370207;0,05009;11,17456;-1,435717;-1,710382;15,84916;-1,709736;-3,959189;14,37018;-2,013586;-2,646874;12,68765;-0,895299;-0,03505;3,621712;-0,101118;0,01504;11,13133;0,293217;-4,765687;14,0845;-0,174715;-5,727412;11,2229;-0,315178;-3,295429;10,60582;0,443679;-0,000078;3,621712;1,958848;0,050012;10,3956;1,956898;-4,900703;10,96029;1,291642;-4,5595;8,264793;1,299567;-2,064208;8,756452;1,743431;-0,000171;3,621712;3,958467;0,049919;9,102249;3,988765;-3,889036;9,573995;3,469581;-3,655621;7,623217;3,475602;-1,393009;8,065563;0;0;0;-30,35528;-37,62021;117,6774;-26,94217;-37,62022;117,6774;8,113033;-37,34126;118,1036;8,113034;-37,34126;118,1036;-0,379977;0;0;20,21735;11,39983;-0,262603;123,8608;11,14957;0,445415;-142,5213;10,36125;-0,16487;-142,4879;10,21978;0,022571;-0,380045;6,036885;0;58,09146;7,325637;0,175946;161,5299;9,037603;-0,758535;-104,4096;9,333504;0,919409;-104,4186;9,544416;0,864468;-0,413454;12,60826;0;83,34498;12,07381;-1,420641;-173,3397;14,03063;-1,43514;-78,55447;13,04496;2,434527;-78,54193;13,30987;2,489643;-0,485496;22,00679;0;82,97962;13,36752;-1,190102;-173,7158;15,03487;-1,205828;-78,59131;14,0729;2,656634;-78,57709;14,35102;2,714563;0;0;0;0;0;0;-0,16927;0,097811;0,050202;-0,016004;0,231341;0,213593;0,099666;0,373051;0,237331;0;0;0;0;0;0;0,078103;-0,000346;-0,015736;0,056125;-0,000201;-0,011802;0,027359;-0,000056;-0,006527;0;0;0;0;0;0;0,040881;0,000134;-0,005364;0,005549;-0,000045;0,000536;-0,00409;-0,000156;0,002459;0;0;0;0;0;0;0;0;0;0;0;0;0;0;0;0;0;0;0;0;0;0;0;0;0;0;0;0;0;0;0;0;0;0;0;0;-10,15618;5,868673;3,01212;-0,960231;13,88043;12,81559;5,979985;22,38303;14,23985;0;0;0;0;0;0;4,686154;-0,020787;-0,944138;3,367513;-0,01207;-0,708103;1,641512;-0,003353;-0,391603;0;0;0;0;0;0;2,45288;0,008047;-0,321865;0,332929;-0,002682;0,032187;-0,245422;-0,009388;0,147522;0;0;0;0;0;0;0;0;0;0;0;0;0;0;0;0;0;0;0;0;0;0;0;0;0;0;0;0;0;0;5,255265;5,748741;8,267862;10,41407;45,73309;21,53162;3,413059;35,31491;-11,40159;20,63656;103,5062;93,73176;-7,324989;58,29539;103,5771;93,79082;-12,07378;83,49284;103,3227;93,87057;-13,36859;83,17056;103,3113;94,1456;-1,281967;2,500419;4,573588;0;-0,935612;0,066834;0,000458;-0,001373;-0,723839;0,044174;0;0;0;0;0;0;0;0;0;0;-571,0006;159,9403;274,6273;0,027466;0,823975;-0,109863;0,054932;-0,137329;-75,37994;341,0842;0;0,027466;0;0;0;0;0;0;0;0
72;1200;00:00:01:200;0;0;0;-3,519914;0,050068;3,621712;-4,485055;-3,285902;6,873389;-5,09134;-6,112957;9,756557;-3,819263;-7,559447;12,21441;-2,370207;0;3,621712;-2,370207;0,05009;11,17456;-1,435717;-1,710382;15,84916;-1,709736;-3,959189;14,37018;-2,013586;-2,646874;12,68765;-0,895299;-0,03505;3,621712;-0,101118;0,01504;11,13133;0,293217;-4,765687;14,0845;-0,174715;-5,727412;11,2229;-0,315178;-3,295429;10,60582;0,443679;-0,000078;3,621712;1,958848;0,050012;10,3956;1,956898;-4,900703;10,96029;1,291642;-4,5595;8,264793;1,299567;-2,064208;8,756452;1,743431;-0,000171;3,621712;3,958467;0,049919;9,102249;3,988765;-3,889036;9,573995;3,469581;-3,655621;7,623217;3,475602;-1,393009;8,065563;0;0;0;-30,35528;-37,62021;117,6774;-26,94217;-37,62022;117,6774;8,113033;-37,34126;118,1036;8,113034;-37,34126;118,1036;-0,379977;0;0;20,21735;11,39983;-0,262603;123,8608;11,14957;0,445415;-142,5213;10,36125;-0,16487;-142,4879;10,21978;0,022571;-0,380045;6,036885;0;58,09146;7,325637;0,175946;161,5299;9,037603;-0,758535;-104,4096;9,333504;0,919409;-104,4186;9,544416;0,864468;-0,413454;12,60826;0;83,34498;12,07381;-1,420641;-173,3397;14,03063;-1,43514;-78,55447;13,04496;2,434527;-78,54193;13,30987;2,489643;-0,485496;22,00679;0;82,97962;13,36752;-1,190102;-173,7158;15,03487;-1,205828;-78,59131;14,0729;2,656634;-78,57709;14,35102;2,714563;0;0;0;0;0;0;0;0;0;0;0;0;0;0;0;0;0;0;0;0;0;0;0;0;0;0;0;0;0;0;0;0;0;0;0;0;0;0;0;0;0;0;0;0;0;0;0;0;0;0;0;0;0;0;0;0;0;0;0;0;0;0;0;0;0;0;0;0;0;0;0;0;0;0;0;0;0;0;0;0;0;10,15618;-5,868673;-3,01212;0,960231;-13,88043;-12,81559;-5,979985;-22,38303;-14,23985;0;0;0;0;0;0;-4,686154;0,020787;0,944138;-3,367513;0,01207;0,708103;-1,641512;0,003353;0,391603;0;0;0;0;0;0;-2,45288;-0,008047;0,321865;-0,332929;0,002682;-0,032187;0,245422;0,009388;-0,147522;0;0;0;0;0;0;0;0;0;0;0;0;0;0;0;0;0;0;0;0;0;0;0;0;0;0;0;0;0;0;5,255265;5,748741;8,267862;10,41407;45,73309;21,53162;3,413059;35,31491;-11,40159;20,63656;103,5062;93,73176;-7,324989;58,29539;103,5771;93,79082;-12,07378;83,49284;103,3227;93,87057;-13,36859;83,17056;103,3113;94,1456;-1,281967;2,500419;4,573588;0;-0,935612;0,066834;0,000458;-0,001373;-0,723839;0,044174;0;0;0;0;0;0;0;0;0;0;-571,0006;159,9403;274,6273;0,027466;0,823975;-0,109863;0,054932;-0,137329;-75,37994;341,0842;0;0,027466;0;0;0;0;0;0;0;0
73;1216,667;00:00:01:217;0;0;0;-3,519914;0,050068;3,621712;-4,480366;-3,288884;6,871716;-5,087599;-6,119268;9,751417;-3,816453;-7,56837;12,20821;-2,370207;0;3,621712;-2,370207;0,05009;11,17456;-1,433708;-1,710392;15,84875;-1,708293;-3,959195;14,36987;-2,012882;-2,646876;12,68749;-0,895299;-0,03505;3,621712;-0,101118;0,01504;11,13133;0,294211;-4,765685;14,08437;-0,174579;-5,727414;11,22291;-0,315278;-3,295433;10,60588;0,443679;-0,000078;3,621712;1,958848;0,050012;10,3956;1,956898;-4,900703;10,96029;1,291642;-4,5595;8,264793;1,299567;-2,064208;8,756452;1,743431;-0,000171;3,621712;3,958467;0,049919;9,102249;3,988765;-3,889036;9,573995;3,469581;-3,655621;7,623217;3,475602;-1,393009;8,065563;0;0;0;-30,34612;-37,6654;117,7256;-27,00918;-37,66541;117,7256;8,045832;-37,38605;118,1517;8,045834;-37,38606;118,1517;-0,379977;0;0;20,21764;11,42392;-0,261113;123,8614;11,17365;0,446965;-142,521;10,38534;-0,163376;-142,4874;10,24386;0,024078;-0,380045;6,036885;0;58,09159;7,343192;0,177032;161,5297;9,055161;-0,757491;-104,4092;9,351056;0,920538;-104,4182;9,561966;0,865596;-0,413454;12,60826;0;83,34498;12,07381;-1,420641;-173,3397;14,03063;-1,43514;-78,55447;13,04496;2,434527;-78,54193;13,30987;2,489643;-0,485496;22,00679;0;82,97962;13,36752;-1,190102;-173,7158;15,03487;-1,205828;-78,59131;14,0729;2,656634;-78,57709;14,35102;2,714563;0;0;0;0;0;0;0,281386;-0,178903;-0,100359;0,224479;-0,378661;-0,308454;0,168622;-0,535369;-0,371933;0;0;0;0;0;0;0,120543;-0,000559;-0,024319;0,086613;-0,000358;-0,018418;0,0422;-0,000101;-0,010103;0;0;0;0;0;0;0,05964;0,000179;-0,0076;0,008111;-0,000134;0,000849;-0,005957;-0,000201;0,003666;0;0;0;0;0;0;0;0;0;0;0;0;0;0;0;0;0;0;0;0;0;0;0;0;0;0;0;0;0;0;0;0;0;0;0;0;16,88316;-10,7342;-6,021559;13,46871;-22,71965;-18,50724;10,11729;-32,12213;-22,31598;0;0;0;0;0;0;7,232576;-0,033528;-1,459121;5,196779;-0,021458;-1,10507;2,532005;-0,006035;-0,606179;0;0;0;0;0;0;3,578402;0,010729;-0,455976;0,486653;-0,008047;0,050962;-0,357404;-0,01207;0,219941;0;0;0;0;0;0;0;0;0;0;0;0;0;0;0;0;0;0;0;0;0;0;0;0;0;0;0;0;0;0;5,263428;5,751841;8,269468;10,41493;45,77341;21,46365;3,33695;35,31491;-11,42568;20,63831;103,5061;93,73177;-7,342512;58,29649;103,5771;93,79081;-12,07378;83,49284;103,3227;93,87057;-13,36859;83,17056;103,3113;94,1456;2,41951;-4,078217;-4,566536;0,000458;-1,445446;0,104599;-0,000458;0,000916;-1,051397;0,065689;-0,000458;-0,000458;0;0;0;0;0;0;0;0;222,0886;-394,7181;-548,4074;0,027466;-30,59005;2,26593;-0,054932;0,137329;-19,65351;1,290894;-0,027466;-0,027466;0;0;0;0;0;0;0;0
74;1233,333;00:00:01:233;0;0;0;-3,519914;0,050068;3,621712;-4,484272;-3,28615;6,873366;-5,094863;-6,114308;9,754543;-3,825809;-7,562943;12,21269;-2,370207;0;3,621712;-2,370207;0,05009;11,17456;-1,436604;-1,710378;15,84933;-1,710374;-3,959187;14,37031;-2,013896;-2,646873;12,68773;-0,895299;-0,03505;3,621712;-0,101118;0,01504;11,13133;0,293204;-4,765687;14,0845;-0,174716;-5,727412;11,2229;-0,315177;-3,295429;10,60582;0,443679;-0,000078;3,621712;1,958848;0,050012;10,3956;1,956898;-4,900703;10,96029;1,291642;-4,5595;8,264793;1,299567;-2,064208;8,756452;1,743431;-0,000171;3,621712;3,958467;0,049919;9,102249;3,988765;-3,889036;9,573995;3,469581;-3,655621;7,623217;3,475602;-1,393009;8,065563;0;0;0;-30,3501;-37,62468;117,6821;-27,01317;-37,62468;117,6821;8,042242;-37,34531;118,1079;8,042248;-37,34531;118,1079;-0,379977;0;0;20,21721;11,3892;-0,263262;123,8605;11,13893;0,444731;-142,5215;10,35062;-0,165529;-142,4881;10,20914;0,021904;-0,380045;6,036885;0;58,09146;7,3254;0,175931;161,5299;9,037369;-0,758549;-104,4096;9,333268;0,919393;-104,4186;9,54418;0,864451;-0,413454;12,60826;0;83,34498;12,07381;-1,420641;-173,3397;14,03063;-1,43514;-78,55447;13,04496;2,434527;-78,54193;13,30987;2,489643;-0,485496;22,00679;0;82,97962;13,36752;-1,190102;-173,7158;15,03487;-1,205828;-78,59131;14,0729;2,656634;-78,57709;14,35102;2,714563;0;0;0;0;0;0;-0,234358;0,163995;0,099018;-0,435837;0,297591;0,187621;-0,561409;0,325575;0,268936;0;0;0;0;0;0;-0,173774;0,000816;0,035048;-0,124868;0,000514;0,026464;-0,060841;0,000145;0,014573;0;0;0;0;0;0;-0,060439;-0,000179;0,007778;-0,008223;0,000112;-0,000894;0,006035;0,000201;-0,00371;0;0;0;0;0;0;0;0;0;0;0;0;0;0;0;0;0;0;0;0;0;0;0;0;0;0;0;0;0;0;0;0;0;0;0;0;-30,94464;20,57388;11,96265;-39,61891;40,57511;29,76447;-43,80181;51,65666;38,45214;0;0;0;0;0;0;-17,65899;0,082478;3,561973;-12,68886;0,052303;2,692938;-6,182491;0,014752;1,480579;0;0;0;0;0;0;-7,204748;-0,021458;0,92268;-0,980012;0,014752;-0,104606;0,719502;0,02414;-0,442564;0;0;0;0;0;0;0;0;0;0;0;0;0;0;0;0;0;0;0;0;0;0;0;0;0;0;0;0;0;0;5,26084;5,754847;8,273523;10,42005;45,73542;21,51904;3,336891;35,3149;-11,39096;20,63581;103,5062;93,73174;-7,32472;58,29537;103,5771;93,79082;-12,07378;83,49284;103,3227;93,87057;-13,36859;83,17056;103,3113;94,1456;-2,279434;3,323936;-0,003519;-0,000916;2,083225;-0,149918;0,001831;-0,002289;1,067505;-0,066834;0,000458;0,000916;0;0;0;0;0;0;0;0;-281,9366;444,1292;273,781;-0,082397;211,7203;-15,27099;0,137329;-0,192261;127,1341;-7,951355;0,054932;0,082397;0;0;0;0;0;0;0;0
75;1250;00:00:01:250;0;0;0;-3,519914;0,050068;3,621712;-4,496617;-3,293023;6,862605;-5,117974;-6,127604;9,735157;-3,856806;-7,584159;12,19268;-2,370207;0;3,621712;-2,370207;0,05009;11,17456;-1,432188;-1,710398;15,84844;-1,7072;-3,9592;14,36964;-2,01235;-2,646877;12,68736;-0,895299;-0,03505;3,621712;-0,101118;0,01504;11,13133;0,294556;-4,765683;14,08433;-0,174533;-5,727414;11,22292;-0,315312;-3,295434;10,6059;0,443679;-0,000078;3,621712;1,958848;0,050012;10,3956;1,956898;-4,900703;10,96029;1,291642;-4,5595;8,264793;1,299567;-2,064208;8,756452;1,743431;-0,000171;3,621712;3,958467;0,049919;9,102249;3,988765;-3,889036;9,573995;3,469581;-3,655621;7,623217;3,475602;-1,393009;8,065563;0;0;0;-30,58914;-37,68856;117,7503;-27,25221;-37,68856;117,7504;7,80352;-37,40779;118,175;7,803521;-37,40779;118,175;-0,379977;0;0;20,21786;11,44215;-0,259983;123,8619;11,19188;0,448136;-142,5208;10,40357;-0,162245;-142,4871;10,26209;0,025218;-0,380045;6,036885;0;58,09164;7,34928;0,177408;161,5297;9,061249;-0,757129;-104,409;9,357143;0,920931;-104,4181;9,568059;0,865986;-0,413454;12,60826;0;83,34498;12,07381;-1,420641;-173,3397;14,03063;-1,43514;-78,55447;13,04496;2,434527;-78,54193;13,30987;2,489643;-0,485496;22,00679;0;82,97962;13,36752;-1,190102;-173,7158;15,03487;-1,205828;-78,59131;14,0729;2,656634;-78,57709;14,35102;2,714563;0;0;0;0;0;0;-0,740714;-0,412367;-0,645697;-1,386702;-0,797734;-1,163229;-1,859776;-1,272932;-1,200557;0;0;0;0;0;0;0,264986;-0,001229;-0,053465;0,190415;-0,000782;-0,040412;0,092782;-0,000212;-0,022262;0;0;0;0;0;0;0,081131;0,000268;-0,010371;0,011036;-0,000112;0,001252;-0,0081;-0,000268;0,005007;0;0;0;0;0;0;0;0;0;0;0;0;0;0;0;0;0;0;0;0;0;0;0;0;0;0;0;0;0;0;0;0;0;0;0;0;-30,38138;-34,58172;-44,68291;-57,05192;-65,71948;-81,05098;-77,90206;-95,91042;-88,16956;0;0;0;0;0;0;26,32554;-0,122711;-5,310773;18,91695;-0,077784;-4,012584;9,21741;-0,021458;-2,21014;0;0;0;0;0;0;8,494219;0,026822;-1,088977;1,155529;-0,013411;0,128746;-0,848081;-0,028163;0,523031;0;0;0;0;0;0;0;0;0;0;0;0;0;0;0;0;0;0;0;0;0;0;0;0;0;0;0;0;0;0;5,293721;5,783876;8,298539;10,44642;45,88928;21,77117;3,33695;35,3149;-11,44391;20,63963;103,5061;93,73177;-7,348602;58,29687;103,5771;93,79084;-12,07378;83,49284;103,3227;93,87057;-13,36859;83,17056;103,3113;94,1456;9,23149;15,12749;0,003519;0;-3,176765;0,229569;-0,001831;0,002289;-1,432915;0,089722;-0,000458;0,000916;0;0;0;0;0;0;0;0;690,6554;708,213;0,422287;0,054932;-315,5994;22,76916;-0,219727;0,274658;-150,0252;9,39331;-0,054932;0;0;0;0;0;0;0;0;0
76;1266,667;00:00:01:267;0;0;0;-3,519914;0,050068;3,621712;-4,496617;-3,293023;6,862605;-5,117974;-6,127604;9,735157;-3,856806;-7,584159;12,19268;-2,370207;0;3,621712;-2,370207;0,05009;11,17456;-1,432188;-1,710398;15,84844;-1,7072;-3,9592;14,36964;-2,01235;-2,646877;12,68736;-0,895299;-0,03505;3,621712;-0,101118;0,01504;11,13133;0,294556;-4,765683;14,08433;-0,174533;-5,727414;11,22292;-0,315312;-3,295434;10,6059;0,443679;-0,000078;3,621712;1,958848;0,050012;10,3956;1,956898;-4,900703;10,96029;1,291642;-4,5595;8,264793;1,299567;-2,064208;8,756452;1,743431;-0,000171;3,621712;3,958467;0,049919;9,102249;3,988765;-3,889036;9,573995;3,469581;-3,655621;7,623217;3,475602;-1,393009;8,065563;0;0;0;-30,58914;-37,68856;117,7503;-27,25221;-37,68856;117,7504;7,80352;-37,40779;118,175;7,803521;-37,40779;118,175;-0,379977;0;0;20,21786;11,44215;-0,259983;123,8619;11,19188;0,448136;-142,5208;10,40357;-0,162245;-142,4871;10,26209;0,025218;-0,380045;6,036885;0;58,09164;7,34928;0,177408;161,5297;9,061249;-0,757129;-104,409;9,357143;0,920931;-104,4181;9,568059;0,865986;-0,413454;12,60826;0;83,34498;12,07381;-1,420641;-173,3397;14,03063;-1,43514;-78,55447;13,04496;2,434527;-78,54193;13,30987;2,489643;-0,485496;22,00679;0;82,97962;13,36752;-1,190102;-173,7158;15,03487;-1,205828;-78,59131;14,0729;2,656634;-78,57709;14,35102;2,714563;0;0;0;0;0;0;0;0;0;0;0;0;0;0;0;0;0;0;0;0;0;0;0;0;0;0;0;0;0;0;0;0;0;0;0;0;0;0;0;0;0;0;0;0;0;0;0;0;0;0;0;0;0;0;0;0;0;0;0;0;0;0;0;0;0;0;0;0;0;0;0;0;0;0;0;0;0;0;0;0;0;44,44286;24,74203;38,74182;83,20211;47,86402;69,79375;111,5866;76,37589;72,03339;0;0;0;0;0;0;-15,89913;0,073761;3,207922;-11,42487;0,046939;2,424716;-5,566924;0,01274;1,33574;0;0;0;0;0;0;-4,867873;-0,016093;0,622272;-0,66217;0,006706;-0,075102;0,485983;0,016093;-0,300407;0;0;0;0;0;0;0;0;0;0;0;0;0;0;0;0;0;0;0;0;0;0;0;0;0;0;0;0;0;0;5,293721;5,783876;8,298539;10,44642;45,88928;21,77117;3,33695;35,3149;-11,44391;20,63963;103,5061;93,73177;-7,348602;58,29687;103,5771;93,79084;-12,07378;83,49284;103,3227;93,87057;-13,36859;83,17056;103,3113;94,1456;9,23149;15,12749;0,003519;0;-3,176765;0,229569;-0,001831;0,002289;-1,432915;0,089722;-0,000458;0,000916;0;0;0;0;0;0;0;0;690,6554;708,213;0,422287;0,054932;-315,5994;22,76916;-0,219727;0,274658;-150,0252;9,39331;-0,054932;0;0;0;0;0;0;0;0;0
77;1283,333;00:00:01:283;0;0;0;-3,519914;0,050068;3,621712;-4,496037;-3,293338;6,862454;-5,111914;-6,127265;9,73683;-3,846955;-7,581605;12,19372;-2,370207;0;3,621712;-2,370207;0,05009;11,17456;-1,433638;-1,710392;15,84873;-1,708243;-3,959195;14,36986;-2,012858;-2,646876;12,68748;-0,895299;-0,03505;3,621712;-0,101118;0,01504;11,13133;0,293706;-4,765686;14,08444;-0,174648;-5,727413;11,2229;-0,315227;-3,295431;10,60585;0,443679;-0,000078;3,621712;1,958848;0,050012;10,3956;1,956898;-4,900703;10,96029;1,291642;-4,5595;8,264793;1,299567;-2,064208;8,756452;1,743431;-0,000171;3,621712;3,958467;0,049919;9,102249;3,988765;-3,889036;9,573995;3,469581;-3,655621;7,623217;3,475602;-1,393009;8,065563;0;0;0;-30,58722;-37,69347;117,7556;-27,1741;-37,69349;117,7556;7,881283;-37,41316;118,1808;7,881287;-37,41317;118,1808;-0,379977;0;0;20,21765;11,42476;-0,26106;123,8614;11,17449;0,447018;-142,521;10,38618;-0,163324;-142,4874;10,2447;0,02413;-0,380045;6,036885;0;58,09153;7,334261;0,176479;161,5298;9,046228;-0,758022;-104,4094;9,342129;0,919964;-104,4184;9,55304;0,865024;-0,413454;12,60826;0;83,34498;12,07381;-1,420641;-173,3397;14,03063;-1,43514;-78,55447;13,04496;2,434527;-78,54193;13,30987;2,489643;-0,485496;22,00679;0;82,97962;13,36752;-1,190102;-173,7158;15,03487;-1,205828;-78,59131;14,0729;2,656634;-78,57709;14,35102;2,714563;0;0;0;0;0;0;0,034824;-0,01891;-0,00903;0,363618;0,020318;0,100404;0,591025;0,153244;0,062317;0;0;0;0;0;0;-0,087015;0,000414;0,017524;-0,062529;0,000268;0,013322;-0,030465;0,000056;0,007331;0;0;0;0;0;0;-0,051023;-0,000156;0,006437;-0,00694;0,000067;-0,00076;0,005096;0,000179;-0,003174;0;0;0;0;0;0;0;0;0;0;0;0;0;0;0;0;0;0;0;0;0;0;0;0;0;0;0;0;0;0;0;0;0;0;0;0;2,08944;-1,134574;-0,541806;21,81709;1,219064;6,024241;35,46148;9,194611;3,738999;0;0;0;0;0;0;-5,220919;0,02481;1,051426;-3,75174;0,016093;0,799298;-1,827925;0,003353;0,439882;0;0;0;0;0;0;-3,061406;-0,009388;0,386238;-0,416413;0,004023;-0,045598;0,305772;0,010729;-0,190437;0;0;0;0;0;0;0;0;0;0;0;0;0;0;0;0;0;0;0;0;0;0;0;0;0;0;0;0;0;0;5,287652;5,776308;8,291152;10,4384;45,89332;21,7625;3,413059;35,31491;-11,42651;20,63836;103,5062;93,73177;-7,333608;58,29593;103,5771;93,79082;-12,07378;83,49284;103,3227;93,87057;-13,36859;83,17056;103,3113;94,1456;0,242157;-0,52002;4,566536;0,000916;1,04393;-0,076103;0,000916;-0,000458;0,899649;-0,056076;0;-0,000916;0;0;0;0;0;0;0;0;-539,36;-938,8503;273,781;0,054932;253,2417;-18,3403;0,164795;-0,164795;139,9538;-8,747863;0,027466;-0,109863;0;0;0;0;0;0;0;0
78;1300;00:00:01:300;0;0;0;-3,519914;0,050068;3,621712;-4,503607;-3,292689;6,860834;-5,131021;-6,127239;9,732099;-3,873981;-7,585722;12,1906;-2,370207;0;3,621712;-2,370207;0,05009;11,17456;-1,432196;-1,710398;15,84844;-1,707206;-3,959199;14,36964;-2,012353;-2,646877;12,68736;-0,895299;-0,03505;3,621712;-0,101118;0,01504;11,13133;0,293693;-4,765686;14,08444;-0,17465;-5,727413;11,2229;-0,315226;-3,295431;10,60585;0,443679;-0,000078;3,621712;1,958848;0,050012;10,3956;1,956898;-4,900703;10,96029;1,291642;-4,5595;8,264793;1,299567;-2,064208;8,756452;1,743431;-0,000171;3,621712;3,958467;0,049919;9,102249;3,988765;-3,889036;9,573995;3,469581;-3,655621;7,623217;3,475602;-1,393009;8,065563;0;0;0;-30,66303;-37,67245;117,7331;-27,3261;-37,67246;117,7331;7,730051;-37,39125;118,1573;7,730056;-37,39125;118,1573;-0,379977;0;0;20,21786;11,44205;-0,25999;123,8618;11,19178;0,448129;-142,5208;10,40348;-0,162252;-142,4872;10,262;0,025212;-0,380045;6,036885;0;58,09153;7,334032;0,176465;161,5298;9,046;-0,758036;-104,4094;9,341898;0,919949;-104,4184;9,55281;0,865008;-0,413454;12,60826;0;83,34498;12,07381;-1,420641;-173,3397;14,03063;-1,43514;-78,55447;13,04496;2,434527;-78,54193;13,30987;2,489643;-0,485496;22,00679;0;82,97962;13,36752;-1,190102;-173,7158;15,03487;-1,205828;-78,59131;14,0729;2,656634;-78,57709;14,35102;2,714563;0;0;0;0;0;0;-0,454254;0,038959;-0,097185;-1,146421;0,001587;-0,283867;-1,621574;-0,247031;-0,187397;0;0;0;0;0;0;0,086529;-0,000391;-0,017434;0,062171;-0,000246;-0,013143;0,030298;-0,000045;-0,007331;0;0;0;0;0;0;-0,000782;0;0,000179;-0,000103;0;0;0,000084;0;0;0;0;0;0;0;0;0;0;0;0;0;0;0;0;0;0;0;0;0;0;0;0;0;0;0;0;0;0;0;0;0;0;0;0;0;0;-29,34471;3,472119;-5,289315;-90,60233;-1,123845;-23,05626;-132,7559;-24,01649;-14,98282;0;0;0;0;0;0;10,41267;-0,04828;-2,097487;7,482021;-0,030845;-1,587868;3,645792;-0,006035;-0,879764;0;0;0;0;0;0;3,014467;0,009388;-0,375509;0,41021;-0,004023;0,045598;-0,300743;-0,010729;0,190437;0;0;0;0;0;0;0;0;0;0;0;0;0;0;0;0;0;0;0;0;0;0;0;0;0;0;0;0;0;0;5,30138;5,795065;8,309399;10,45858;45,90207;21,8931;3,33695;35,3149;-11,44381;20,63961;103,5061;93,73176;-7,333367;58,29592;103,5771;93,79082;-12,07378;83,49284;103,3227;93,87057;-13,36859;83,17056;103,3113;94,1456;0,525284;7,836112;-4,566536;-0,000916;-1,037693;0,074959;-0,000916;-0,000458;0,014448;-0,000916;0;-0,000458;0;0;0;0;0;0;0;0;16,98761;501,3679;-547,9843;-0,109863;-124,8974;9,06372;-0,109863;0;-53,11202;3,309631;0;0,027466;0;0;0;0;0;0;0;0
79;1316,667;00:00:01:317;0;0;0;-3,519914;0,050068;3,621712;-4,501461;-3,295482;6,858601;-5,127042;-6,132377;9,72795;-3,868953;-7,591903;12,18529;-2,370207;0;3,621712;-2,370207;0,05009;11,17456;-1,432175;-1,710398;15,84844;-1,707191;-3,959199;14,36964;-2,012346;-2,646877;12,68736;-0,895299;-0,03505;3,621712;-0,101118;0,01504;11,13133;0,293693;-4,765686;14,08444;-0,17465;-5,727413;11,2229;-0,315226;-3,295431;10,60585;0,443679;-0,000078;3,621712;1,958848;0,050012;10,3956;1,956898;-4,900703;10,96029;1,291642;-4,5595;8,264793;1,299567;-2,064208;8,756452;1,743431;-0,000171;3,621712;3,958467;0,049919;9,102249;3,988765;-3,889036;9,573995;3,469581;-3,655621;7,623217;3,475602;-1,393009;8,065563;0;0;0;-30,67971;-37,7108;117,7741;-27,34278;-37,71082;117,7741;7,713089;-37,4295;118,1984;7,713089;-37,4295;118,1984;-0,379977;0;0;20,21786;11,4423;-0,259974;123,8619;11,19203;0,448146;-142,5208;10,40372;-0,162237;-142,4871;10,26225;0,025227;-0,380045;6,036885;0;58,09153;7,334032;0,176465;161,5298;9,046;-0,758036;-104,4094;9,341898;0,919949;-104,4184;9,55281;0,865008;-0,413454;12,60826;0;83,34498;12,07381;-1,420641;-173,3397;14,03063;-1,43514;-78,55447;13,04496;2,434527;-78,54193;13,30987;2,489643;-0,485496;22,00679;0;82,97962;13,36752;-1,190102;-173,7158;15,03487;-1,205828;-78,59131;14,0729;2,656634;-78,57709;14,35102;2,714563;0;0;0;0;0;0;0,128768;-0,167593;-0,134021;0,238761;-0,308275;-0,248954;0,301681;-0,37086;-0,318334;0;0;0;0;0;0;0,001241;-0,000011;-0,000268;0,000894;0;-0,000179;0,000436;-0,000011;-0,000089;0;0;0;0;0;0;0;0;0;0;0;0;0;0;0;0;0;0;0;0;0;0;0;0;0;0;0;0;0;0;0;0;0;0;0;0;0;0;0;0;0;0;0;0;0;0;0;0;0;0;0;34,98137;-12,39314;-2,21014;83,11092;-18,59173;2,094805;115,3953;-7,429718;-7,856189;0;0;0;0;0;0;-5,117319;0,022799;1,029968;-3,676638;0,014752;0,777841;-1,791715;0,002012;0,434518;0;0;0;0;0;0;0,046939;0;-0,010729;0,006203;0;0;-0,005029;0;0;0;0;0;0;0;0;0;0;0;0;0;0;0;0;0;0;0;0;0;0;0;0;0;0;0;0;0;0;0;0;5,305879;5,79511;8,308188;10,45662;45,94573;21,8693;3,336891;35,31491;-11,44407;20,63963;103,5062;93,73177;-7,333367;58,29592;103,5771;93,79082;-12,07378;83,49284;103,3227;93,87057;-13,36859;83,17056;103,3113;94,1456;2,619552;-1,428108;-0,003519;0,000916;-0,015507;0,001144;0,000916;0,000458;0;0;0;0;0;0;0;0;0;0;0;0;125,6561;-555,8532;273,781;0,109863;61,33117;-4,428863;0,109863;0,054932;-0,86689;0,054932;0;0,027466;0;0;0;0;0;0;0;0
80;1333,333;00:00:01:333;0;0;0;-3,519914;0,050068;3,621712;-4,50126;-3,292705;6,861529;-5,126639;-6,127182;9,733311;-3,868205;-7,584959;12,19151;-2,370207;0;3,621712;-2,370207;0,05009;11,17456;-1,432547;-1,710397;15,84851;-1,707459;-3,959199;14,3697;-2,012476;-2,646877;12,68739;-0,895299;-0,03505;3,621712;-0,101118;0,01504;11,13133;0,294231;-4,765685;14,08437;-0,174577;-5,727414;11,22291;-0,31528;-3,295433;10,60588;0,443679;-0,000078;3,621712;1,958848;0,050012;10,3956;1,956898;-4,900703;10,96029;1,291642;-4,5595;8,264793;1,299567;-2,064208;8,756452;1,743431;-0,000171;3,621712;3,958467;0,049919;9,102249;3,988765;-3,889036;9,573995;3,469581;-3,655621;7,623217;3,475602;-1,393009;8,065563;0;0;0;-30,63679;-37,67665;117,7376;-27,29987;-37,67667;117,7376;7,756149;-37,39561;118,1619;7,756149;-37,39561;118,162;-0,379977;0;0;20,21781;11,43784;-0,26025;123,8618;11,18757;0,447858;-142,5208;10,39926;-0,162513;-142,4872;10,25778;0,024947;-0,380045;6,036885;0;58,0916;7,343531;0,177052;161,5297;9,055498;-0,75747;-104,4092;9,351398;0,920559;-104,4182;9,562307;0,865617;-0,413454;12,60826;0;83,34498;12,07381;-1,420641;-173,3397;14,03063;-1,43514;-78,55447;13,04496;2,434527;-78,54193;13,30987;2,489643;-0,485496;22,00679;0;82,97962;13,36752;-1,190102;-173,7158;15,03487;-1,205828;-78,59131;14,0729;2,656634;-78,57709;14,35102;2,714563;0;0;0;0;0;0;0,01207;0,166632;0,175729;0,02414;0,311673;0,321642;0,044905;0,416637;0,373274;0;0;0;0;0;0;-0,022324;0,000089;0,00447;-0,016049;0,000045;0,003397;-0,007823;0,000011;0,001878;0;0;0;0;0;0;0,03227;0,000067;-0,004202;0,004384;-0,000067;0,000447;-0,00323;-0,000112;0,001967;0;0;0;0;0;0;0;0;0;0;0;0;0;0;0;0;0;0;0;0;0;0;0;0;0;0;0;0;0;0;0;0;0;0;0;0;-7,001906;20,05353;18,58502;-12,87728;37,19687;34,23571;-15,40661;47,24979;41,49645;0;0;0;0;0;0;-1,413859;0,006035;0,284314;-1,016557;0,002682;0,214577;-0,495538;0,001341;0,118017;0;0;0;0;0;0;1,936219;0,004023;-0,252128;0,263024;-0,004023;0,026822;-0,19379;-0,006706;0,118017;0;0;0;0;0;0;0;0;0;0;0;0;0;0;0;0;0;0;0;0;0;0;0;0;0;0;0;0;0;0;5,298517;5,791162;8,305675;10,45444;45,89605;21,85165;3,336891;35,3149;-11,43961;20,63931;103,5061;93,73177;-7,34286;58,2965;103,5771;93,79082;-12,07378;83,49284;103,3227;93,87057;-13,36859;83,17056;103,3113;94,1456;-2,980728;-1,059036;0;-0,001144;0,267506;-0,019112;-0,000916;0,000458;-0,569544;0,035248;0,000916;0;0;0;0;0;0;0;0;0;-336,0168;22,14431;0,211144;-0,123596;16,98074;-1,215362;-0,109863;0;-34,17263;2,114868;0,054932;0;0;0;0;0;0;0;0;0
81;1350;00:00:01:350;0;0;0;-3,519914;0,050068;3,621712;-4,499417;-3,294375;6,860364;-5,118235;-6,12933;9,733094;-3,855369;-7,58533;12,19008;-2,370207;0;3,621712;-2,370207;0,05009;11,17456;-1,432274;-1,710398;15,84846;-1,707262;-3,959199;14,36965;-2,01238;-2,646877;12,68736;-0,895299;-0,03505;3,621712;-0,101118;0,01504;11,13133;0,294733;-4,765683;14,08431;-0,174509;-5,727415;11,22292;-0,31533;-3,295435;10,60591;0,443679;-0,000078;3,621712;1,958848;0,050012;10,3956;1,956898;-4,900703;10,96029;1,291642;-4,5595;8,264793;1,299567;-2,064208;8,756452;1,743431;-0,000171;3,621712;3,958467;0,049919;9,102249;3,988765;-3,889036;9,573995;3,469581;-3,655621;7,623217;3,475602;-1,393009;8,065563;0;0;0;-30,64045;-37,70054;117,7631;-27,22734;-37,70055;117,7632;7,828176;-37,41991;118,1881;7,828177;-37,41991;118,1881;-0,379977;0;0;20,21785;11,44112;-0,260047;123,8618;11,19085;0,448069;-142,5208;10,40254;-0,162309;-142,4872;10,26106;0,025153;-0,380045;6,036885;0;58,09166;7,352406;0,177601;161,5296;9,064374;-0,756943;-104,409;9,360271;0,92113;-104,4181;9,571184;0,866187;-0,413454;12,60826;0;83,34498;12,07381;-1,420641;-173,3397;14,03063;-1,43514;-78,55447;13,04496;2,434527;-78,54193;13,30987;2,489643;-0,485496;22,00679;0;82,97962;13,36752;-1,190102;-173,7158;15,03487;-1,205828;-78,59131;14,0729;2,656634;-78,57709;14,35102;2,714563;0;0;0;0;0;0;0,110596;-0,100181;-0,069916;0,504255;-0,12888;-0,012964;0,770196;-0,022262;-0,086144;0;0;0;0;0;0;0,016412;-0,000067;-0,003219;0,011802;-0,000045;-0,002503;0,005756;0;-0,001431;0;0;0;0;0;0;0,030153;0,000089;-0,003844;0,004099;-0,000045;0,000447;-0,003012;-0,000112;0,001833;0;0;0;0;0;0;0;0;0;0;0;0;0;0;0;0;0;0;0;0;0;0;0;0;0;0;0;0;0;0;0;0;0;0;0;0;5,911588;-16,00876;-14,73874;28,80692;-26,43317;-20,07633;43,51749;-26,33393;-27,56506;0;0;0;0;0;0;2,324134;-0,009388;-0,46134;1,671016;-0,005364;-0,354052;0,814721;-0,000671;-0,198483;0;0;0;0;0;0;-0,12707;0,001341;0,021458;-0,017099;0,001341;0;0,013076;0;-0,008047;0;0;0;0;0;0;0;0;0;0;0;0;0;0;0;0;0;0;0;0;0;0;0;0;0;0;0;0;0;0;5,294547;5,783136;8,297347;10,44508;45,92066;21,82752;3,413174;35,3149;-11,44288;20,63955;103,5061;93,73178;-7,351726;58,29707;103,5771;93,79081;-12,07378;83,49284;103,3227;93,87057;-13,36859;83,17056;103,3113;94,1456;1,476517;-1,447906;4,57695;0,000229;-0,196266;0,013847;-0,000458;0,000458;-0,53195;0,033646;0;-0,000458;0;0;0;0;0;0;0;0;267,4347;-23,33221;274,617;0,082397;-27,82631;1,977539;0,027466;0;2,25563;-0,09613;-0,054932;-0,027466;0;0;0;0;0;0;0;0
82;1366,667;00:00:01:367;0;0;0;-3,519914;0,050068;3,621712;-4,497933;-3,297924;6,857145;-5,1155;-6,135902;9,727157;-3,852041;-7,593606;12,18283;-2,370207;0;3,621712;-2,370207;0,05009;11,17456;-1,43145;-1,710402;15,84829;-1,70667;-3,959202;14,36953;-2,012092;-2,646878;12,6873;-0,895299;-0,03505;3,621712;-0,101118;0,01504;11,13133;0,295227;-4,765682;14,08424;-0,174441;-5,727415;11,22292;-0,315379;-3,295436;10,60594;0,443679;-0,000078;3,621712;1,958848;0,050012;10,3956;1,956898;-4,900703;10,96029;1,291642;-4,5595;8,264793;1,299567;-2,064208;8,756452;1,743431;-0,000171;3,621712;3,958467;0,049919;9,102249;3,988765;-3,889036;9,573995;3,469581;-3,655621;7,623217;3,475602;-1,393009;8,065563;0;0;0;-30,67575;-37,74716;117,813;-27,26263;-37,74717;117,813;7,792591;-37,46632;118,238;7,79259;-37,46634;118,238;-0,379977;0;0;20,21798;11,451;-0,259435;123,8621;11,20072;0,448704;-142,5206;10,41242;-0,161697;-142,487;10,27094;0,025771;-0,380045;6,036885;0;58,09174;7,361127;0,178141;161,5296;9,073095;-0,756424;-104,4088;9,368993;0,921688;-104,4178;9,579902;0,866745;-0,413454;12,60826;0;83,34498;12,07381;-1,420641;-173,3397;14,03063;-1,43514;-78,55447;13,04496;2,434527;-78,54193;13,30987;2,489643;-0,485496;22,00679;0;82,97962;13,36752;-1,190102;-173,7158;15,03487;-1,205828;-78,59131;14,0729;2,656634;-78,57709;14,35102;2,714563;0;0;0;0;0;0;0,089027;-0,212923;-0,193164;0,164107;-0,394352;-0,356242;0,199623;-0,496566;-0,435099;0;0;0;0;0;0;0,049425;-0,000224;-0,010014;0,035517;-0,000134;-0,0076;0,0173;-0,000056;-0,004113;0;0;0;0;0;0;0,029622;0,000089;-0,003934;0,004026;-0,000022;0,000358;-0,002964;-0,000067;0,001743;0;0;0;0;0;0;0;0;0;0;0;0;0;0;0;0;0;0;0;0;0;0;0;0;0;0;0;0;0;0;0;0;0;0;0;0;-1,294166;-6,764531;-7,394849;-20,40892;-15,9283;-20,59668;-34,23437;-28,45823;-20,93732;0;0;0;0;0;0;1,980811;-0,009388;-0,407696;1,422912;-0,005364;-0,305772;0,69268;-0,003353;-0,160933;0;0;0;0;0;0;-0,031851;0;-0,005364;-0,004359;0,001341;-0,005364;0,00285;0,002682;-0,005364;0;0;0;0;0;0;0;0;0;0;0;0;0;0;0;0;0;0;0;0;0;0;0;0;0;0;0;0;0;0;5,301889;5,785224;8,297793;10,44479;45,9795;21,81925;3,413059;35,31491;-11,45275;20,64026;103,5062;93,73174;-7,360447;58,2976;103,5771;93,79082;-12,07378;83,49284;103,3227;93,87057;-13,36859;83,17056;103,3113;94,1456;3,530273;-0,49633;-0,006895;0,000916;-0,592575;0,04303;0,000916;-0,002289;-0,52331;0,032272;0;0,000916;0;0;0;0;0;0;0;0;123,2254;57,09457;-275,0307;0,041199;-23,77853;1,750946;0,082397;-0,164795;0,518417;-0,082397;0;0,082397;0;0;0;0;0;0;0;0
83;1383,333;00:00:01:383;0;0;0;-3,519914;0,050068;3,621712;-4,498012;-3,294263;6,860904;-5,115611;-6,129068;9,734044;-3,851901;-7,584573;12,19089;-2,370207;0;3,621712;-2,370207;0,05009;11,17456;-1,432751;-1,710396;15,84856;-1,707605;-3,959198;14,36973;-2,012547;-2,646877;12,68741;-0,895299;-0,03505;3,621712;-0,101118;0,01504;11,13133;0,295326;-4,765682;14,08423;-0,174428;-5,727416;11,22293;-0,315389;-3,295436;10,60595;0,443679;-0,000078;3,621712;1,958848;0,050012;10,3956;1,956898;-4,900703;10,96029;1,291642;-4,5595;8,264793;1,299567;-2,064208;8,756452;1,743431;-0,000171;3,621712;3,958467;0,049919;9,102249;3,988765;-3,889036;9,573995;3,469581;-3,655621;7,623217;3,475602;-1,393009;8,065563;0;0;0;-30,62299;-37,70156;117,7642;-27,20986;-37,70158;117,7642;7,84557;-37,42104;118,1893;7,845578;-37,42104;118,1893;-0,379977;0;0;20,21778;11,4354;-0,260402;123,8617;11,18512;0,447702;-142,5209;10,39682;-0,162664;-142,4873;10,25534;0,024796;-0,380045;6,036885;0;58,09175;7,362876;0,178249;161,5296;9,074844;-0,75632;-104,4088;9,37074;0,921799;-104,4178;9,581653;0,866854;-0,413454;12,60826;0;83,34498;12,07381;-1,420641;-173,3397;14,03063;-1,43514;-78,55447;13,04496;2,434527;-78,54193;13,30987;2,489643;-0,485496;22,00679;0;82,97962;13,36752;-1,190102;-173,7158;15,03487;-1,205828;-78,59131;14,0729;2,656634;-78,57709;14,35102;2,714563;0;0;0;0;0;0;-0,004739;0,219628;0,225574;-0,006661;0,410087;0,413239;0,008427;0,54203;0,483781;0;0;0;0;0;0;-0,078069;0,000369;0,015736;-0,056103;0,000246;0,011891;-0,027336;0,000067;0,006616;0;0;0;0;0;0;0,005934;-0,000022;-0,000715;0,000807;-0,000022;0,000089;-0,000592;-0,000045;0,000358;0;0;0;0;0;0;0;0;0;0;0;0;0;0;0;0;0;0;0;0;0;0;0;0;0;0;0;0;0;0;0;0;0;0;0;0;-5,625933;25,95305;25,12425;-10,24604;48,26635;46,16886;-11,47181;62,31576;55,1328;0;0;0;0;0;0;-7,649659;0,035539;1,544952;-5,497186;0,022799;1,169443;-2,678185;0,007376;0,64373;0;0;0;0;0;0;-1,421235;-0,006706;0,193119;-0,193119;0;-0,016093;0,142325;0,001341;-0,083148;0;0;0;0;0;0;0;0;0;0;0;0;0;0;0;0;0;0;0;0;0;0;0;0;0;0;0;0;0;0;5,292504;5,780627;8,295024;10,44251;45,91493;21,80211;3,413116;35,3149;-11,43716;20,63914;103,5062;93,73174;-7,36218;58,29772;103,5771;93,79083;-12,07378;83,49284;103,3227;93,87057;-13,36859;83,17056;103,3113;94,1456;-3,874054;-1,028023;0,003448;-0,000916;0,935554;-0,067406;0,000458;0;-0,103941;0,007095;-0,000458;0,000458;0;0;0;0;0;0;0;0;-444,2596;-31,90155;0,620556;-0,109863;91,68776;-6,626129;-0,027466;0,137329;25,16212;-1,51062;-0,027466;-0,027466;0;0;0;0;0;0;0;0
84;1400;00:00:01:400;0;0;0;-3,519914;0,050068;3,621712;-4,498012;-3,294263;6,860904;-5,115611;-6,129068;9,734044;-3,851901;-7,584573;12,19089;-2,370207;0;3,621712;-2,370207;0,05009;11,17456;-1,432751;-1,710396;15,84856;-1,707605;-3,959198;14,36973;-2,012547;-2,646877;12,68741;-0,895299;-0,03505;3,621712;-0,101118;0,01504;11,13133;0,295326;-4,765682;14,08423;-0,174428;-5,727416;11,22293;-0,315389;-3,295436;10,60595;0,443679;-0,000078;3,621712;1,958848;0,050012;10,3956;1,956898;-4,900703;10,96029;1,291642;-4,5595;8,264793;1,299567;-2,064208;8,756452;1,743431;-0,000171;3,621712;3,958467;0,049919;9,102249;3,988765;-3,889036;9,573995;3,469581;-3,655621;7,623217;3,475602;-1,393009;8,065563;0;0;0;-30,62299;-37,70156;117,7642;-27,20986;-37,70158;117,7642;7,84557;-37,42104;118,1893;7,845578;-37,42104;118,1893;-0,379977;0;0;20,21778;11,4354;-0,260402;123,8617;11,18512;0,447702;-142,5209;10,39682;-0,162664;-142,4873;10,25534;0,024796;-0,380045;6,036885;0;58,09175;7,362876;0,178249;161,5296;9,074844;-0,75632;-104,4088;9,37074;0,921799;-104,4178;9,581653;0,866854;-0,413454;12,60826;0;83,34498;12,07381;-1,420641;-173,3397;14,03063;-1,43514;-78,55447;13,04496;2,434527;-78,54193;13,30987;2,489643;-0,485496;22,00679;0;82,97962;13,36752;-1,190102;-173,7158;15,03487;-1,205828;-78,59131;14,0729;2,656634;-78,57709;14,35102;2,714563;0;0;0;0;0;0;0;0;0;0;0;0;0;0;0;0;0;0;0;0;0;0;0;0;0;0;0;0;0;0;0;0;0;0;0;0;0;0;0;0;0;0;0;0;0;0;0;0;0;0;0;0;0;0;0;0;0;0;0;0;0;0;0;0;0;0;0;0;0;0;0;0;0;0;0;0;0;0;0;0;0;0,284314;-13,17769;-13,53442;0,399649;-24,60524;-24,79434;-0,505596;-32,52178;-29,02686;0;0;0;0;0;0;4,684142;-0,022128;-0,944138;3,366172;-0,014752;-0,713468;1,640171;-0,004023;-0,396967;0;0;0;0;0;0;-0,356063;0,001341;0,042915;-0,048447;0,001341;-0,005364;0,035539;0,002682;-0,021458;0;0;0;0;0;0;0;0;0;0;0;0;0;0;0;0;0;0;0;0;0;0;0;0;0;0;0;0;0;0;5,292504;5,780627;8,295024;10,44251;45,91493;21,80211;3,413116;35,3149;-11,43716;20,63914;103,5062;93,73174;-7,36218;58,29772;103,5771;93,79083;-12,07378;83,49284;103,3227;93,87057;-13,36859;83,17056;103,3113;94,1456;-3,874054;-1,028023;0,003448;-0,000916;0,935554;-0,067406;0,000458;0;-0,103941;0,007095;-0,000458;0,000458;0;0;0;0;0;0;0;0;-444,2596;-31,90155;0,620556;-0,109863;91,68776;-6,626129;-0,027466;0,137329;25,16212;-1,51062;-0,027466;-0,027466;0;0;0;0;0;0;0;0
85;1416,667;00:00:01:417;0;0;0;-3,519914;0,050068;3,621712;-4,490896;-3,294934;6,862351;-5,102333;-6,130051;9,736502;-3,825612;-7,578025;12,19107;-2,370207;0;3,621712;-2,370207;0,05009;11,17456;-1,43297;-1,710395;15,8486;-1,707763;-3,959198;14,36976;-2,012624;-2,646876;12,68742;-0,895299;-0,03505;3,621712;-0,101118;0,01504;11,13133;0,295876;-4,765679;14,08416;-0,174353;-5,727416;11,22293;-0,315444;-3,295438;10,60598;0,443679;-0,000078;3,621712;1,958848;0,050012;10,3956;1,956898;-4,900703;10,96029;1,291642;-4,5595;8,264793;1,299567;-2,064208;8,756452;1,743431;-0,000171;3,621712;3,958467;0,049919;9,102249;3,988765;-3,889036;9,573995;3,469581;-3,655621;7,623217;3,475602;-1,393009;8,065563;0;0;0;-30,55275;-37,72215;117,7862;-27,13964;-37,72216;117,7863;8,110228;-37,44204;118,2118;8,110228;-37,44204;118,2118;-0,379977;0;0;20,21775;11,43277;-0,260565;123,8616;11,18249;0,447532;-142,5209;10,39418;-0,162827;-142,4873;10,25271;0,024631;-0,380045;6,036885;0;58,09182;7,372599;0,17885;161,5295;9,084568;-0,755741;-104,4086;9,380458;0,922429;-104,4176;9,591373;0,867482;-0,413454;12,60826;0;83,34498;12,07381;-1,420641;-173,3397;14,03063;-1,43514;-78,55447;13,04496;2,434527;-78,54193;13,30987;2,489643;-0,485496;22,00679;0;82,97962;13,36752;-1,190102;-173,7158;15,03487;-1,205828;-78,59131;14,0729;2,656634;-78,57709;14,35102;2,714563;0;0;0;0;0;0;0,426963;-0,040278;0,086814;0,796706;-0,058986;0,147477;1,577362;0,392854;0,010684;0;0;0;0;0;0;-0,013165;0,000034;0,002682;-0,009455;0;0,002056;-0,004604;0,000011;0,001073;0;0;0;0;0;0;0,033036;0,000179;-0,004292;0,00449;-0,000022;0,000492;-0,003294;-0,000089;0,002101;0;0;0;0;0;0;0;0;0;0;0;0;0;0;0;0;0;0;0;0;0;0;0;0;0;0;0;0;0;0;0;0;0;0;0;0;25,61778;-2,41667;5,208849;47,80233;-3,539174;8,848606;94,64174;23,57125;0,641048;0;0;0;0;0;0;-0,789911;0,002012;0,160933;-0,567287;0;0,123382;-0,276268;0,000671;0,064373;0;0;0;0;0;0;1,982152;0,010729;-0,257492;0,269394;-0,001341;0,029504;-0,197645;-0,005364;0,126064;0;0;0;0;0;0;0;0;0;0;0;0;0;0;0;0;0;0;0;0;0;0;0;0;0;0;0;0;0;0;5,277265;5,759716;8,274432;10,42027;45,90788;21,67964;3,413174;35,50978;-11,43453;20,63894;103,5061;93,73179;-7,371901;58,29832;103,5771;93,79082;-12,07378;83,49284;103,3227;93,87057;-13,36859;83,17056;103,3113;94,1456;-0,423203;-7,348365;0,003448;11,69266;0,158157;-0,011673;-0,000916;0,002747;-0,583277;0,035934;0,000458;-0,000916;0;0;0;0;0;0;0;0;207,0511;-379,2205;0;701,6143;-46,64383;3,343964;-0,082397;0,164795;-28,76014;1,730346;0,054932;-0,082397;0;0;0;0;0;0;0;0
86;1433,333;00:00:01:433;0;0;0;-3,519914;0,050068;3,621712;-4,490896;-3,294934;6,862351;-5,102333;-6,130051;9,736502;-3,825612;-7,578025;12,19107;-2,370207;0;3,621712;-2,370207;0,05009;11,17456;-1,43297;-1,710395;15,8486;-1,707763;-3,959198;14,36976;-2,012624;-2,646876;12,68742;-0,895299;-0,03505;3,621712;-0,101118;0,01504;11,13133;0,295876;-4,765679;14,08416;-0,174353;-5,727416;11,22293;-0,315444;-3,295438;10,60598;0,443679;-0,000078;3,621712;1,958848;0,050012;10,3956;1,956898;-4,900703;10,96029;1,291642;-4,5595;8,264793;1,299567;-2,064208;8,756452;1,743431;-0,000171;3,621712;3,958467;0,049919;9,102249;3,988765;-3,889036;9,573995;3,469581;-3,655621;7,623217;3,475602;-1,393009;8,065563;0;0;0;-30,55275;-37,72215;117,7862;-27,13964;-37,72216;117,7863;8,110228;-37,44204;118,2118;8,110228;-37,44204;118,2118;-0,379977;0;0;20,21775;11,43277;-0,260565;123,8616;11,18249;0,447532;-142,5209;10,39418;-0,162827;-142,4873;10,25271;0,024631;-0,380045;6,036885;0;58,09182;7,372599;0,17885;161,5295;9,084568;-0,755741;-104,4086;9,380458;0,922429;-104,4176;9,591373;0,867482;-0,413454;12,60826;0;83,34498;12,07381;-1,420641;-173,3397;14,03063;-1,43514;-78,55447;13,04496;2,434527;-78,54193;13,30987;2,489643;-0,485496;22,00679;0;82,97962;13,36752;-1,190102;-173,7158;15,03487;-1,205828;-78,59131;14,0729;2,656634;-78,57709;14,35102;2,714563;0;0;0;0;0;0;0;0;0;0;0;0;0;0;0;0;0;0;0;0;0;0;0;0;0;0;0;0;0;0;0;0;0;0;0;0;0;0;0;0;0;0;0;0;0;0;0;0;0;0;0;0;0;0;0;0;0;0;0;0;0;0;0;0;0;0;0;0;0;0;0;0;0;0;0;0;0;0;0;0;0;-25,61778;2,41667;-5,208849;-47,80233;3,539174;-8,848606;-94,64174;-23,57125;-0,641048;0;0;0;0;0;0;0,789911;-0,002012;-0,160933;0,567287;0;-0,123382;0,276268;-0,000671;-0,064373;0;0;0;0;0;0;-1,982152;-0,010729;0,257492;-0,269394;0,001341;-0,029504;0,197645;0,005364;-0,126064;0;0;0;0;0;0;0;0;0;0;0;0;0;0;0;0;0;0;0;0;0;0;0;0;0;0;0;0;0;0;5,277265;5,759716;8,274432;10,42027;45,90788;21,67964;3,413174;35,50978;-11,43453;20,63894;103,5061;93,73179;-7,371901;58,29832;103,5771;93,79082;-12,07378;83,49284;103,3227;93,87057;-13,36859;83,17056;103,3113;94,1456;-0,423203;-7,348365;0,003448;11,69266;0,158157;-0,011673;-0,000916;0,002747;-0,583277;0,035934;0,000458;-0,000916;0;0;0;0;0;0;0;0;207,0511;-379,2205;0;701,6143;-46,64383;3,343964;-0,082397;0,164795;-28,76014;1,730346;0,054932;-0,082397;0;0;0;0;0;0;0;0
87;1450;00:00:01:450;0;0;0;-3,519914;0,050068;3,621712;-4,491609;-3,294539;6,862546;-5,103659;-6,129339;9,736877;-3,819759;-7,572339;12,19063;-2,370207;0;3,621712;-2,370207;0,05009;11,17456;-1,430461;-1,710406;15,84809;-1,705959;-3,959205;14,36938;-2,011745;-2,646878;12,68721;-0,895299;-0,03505;3,621712;-0,101118;0,01504;11,13133;0,295602;-4,76568;14,08419;-0,17439;-5,727416;11,22293;-0,315417;-3,295437;10,60596;0,443679;-0,000078;3,621712;1,958848;0,050012;10,3956;1,956898;-4,900703;10,96029;1,291642;-4,5595;8,264793;1,299567;-2,064208;8,756452;1,743431;-0,000171;3,621712;3,958467;0,049919;9,102249;3,988765;-3,889036;9,573995;3,469581;-3,655621;7,623217;3,475602;-1,393009;8,065563;0;0;0;-30,55497;-37,71601;117,7797;-27,14184;-37,71602;117,7797;8,27511;-37,43589;118,2052;8,275107;-37,43589;118,2052;-0,379977;0;0;20,21812;11,46286;-0,258701;123,8624;11,21258;0,449469;-142,5205;10,42428;-0,160961;-142,4868;10,2828;0,026514;-0,380045;6,036885;0;58,09179;7,367761;0,178552;161,5295;9,079728;-0,75603;-104,4087;9,375623;0,922114;-104,4177;9,586535;0,867168;-0,413454;12,60826;0;83,34498;12,07381;-1,420641;-173,3397;14,03063;-1,43514;-78,55447;13,04496;2,434527;-78,54193;13,30987;2,489643;-0,485496;22,00679;0;82,97962;13,36752;-1,190102;-173,7158;15,03487;-1,205828;-78,59131;14,0729;2,656634;-78,57709;14,35102;2,714563;0;0;0;0;0;0;-0,042759;0,023738;0,011712;-0,079572;0,042692;0,022531;0,351146;0,341177;-0,026375;0;0;0;0;0;0;0,150589;-0,000682;-0,030488;0,108205;-0,000425;-0,022978;0,052728;-0,000123;-0,012696;0;0;0;0;0;0;-0,01644;-0,000089;0,002146;-0,002232;0;-0,000224;0,00164;0,000045;-0,001073;0;0;0;0;0;0;0;0;0;0;0;0;0;0;0;0;0;0;0;0;0;0;0;0;0;0;0;0;0;0;0;0;0;0;0;0;-2,565532;1,424253;0,702739;-4,774331;2,561509;1,351833;21,06875;20,47062;-1,582503;0;0;0;0;0;0;9,035355;-0,040904;-1,829266;6,492287;-0,025481;-1,378655;3,163666;-0,007376;-0,761747;0;0;0;0;0;0;-0,986382;-0,005364;0,128746;-0,133943;0;-0,013411;0,098404;0,002682;-0,064373;0;0;0;0;0;0;0;0;0;0;0;0;0;0;0;0;0;0;0;0;0;0;0;0;0;0;0;0;0;0;5,270263;5,751822;8,266836;10,41262;45,90278;21,69025;3,413116;35,67682;-11,46461;20,64112;103,5062;93,73177;-7,367056;58,29803;103,5771;93,79083;-12,07378;83,49284;103,3227;93,87057;-13,36859;83,17056;103,3113;94,1456;-0,306015;0,63652;-0,003448;10,02251;-1,805363;0,130806;0,000458;-0,001373;0,290709;-0,017624;-0,000458;0,000916;0;0;0;0;0;0;0;0;7,03125;479,0931;-0,413704;-100,209;-117,8112;8,548736;0,082397;-0,247192;52,43911;-3,2135;-0,054932;0,109863;0;0;0;0;0;0;0;0
88;1466,667;00:00:01:467;0;0;0;-3,519914;0,050068;3,621712;-4,491609;-3,294539;6,862546;-5,103659;-6,129339;9,736877;-3,819759;-7,572339;12,19063;-2,370207;0;3,621712;-2,370207;0,05009;11,17456;-1,430461;-1,710406;15,84809;-1,705959;-3,959205;14,36938;-2,011745;-2,646878;12,68721;-0,895299;-0,03505;3,621712;-0,101118;0,01504;11,13133;0,295602;-4,76568;14,08419;-0,17439;-5,727416;11,22293;-0,315417;-3,295437;10,60596;0,443679;-0,000078;3,621712;1,958848;0,050012;10,3956;1,956898;-4,900703;10,96029;1,291642;-4,5595;8,264793;1,299567;-2,064208;8,756452;1,743431;-0,000171;3,621712;3,958467;0,049919;9,102249;3,988765;-3,889036;9,573995;3,469581;-3,655621;7,623217;3,475602;-1,393009;8,065563;0;0;0;-30,55497;-37,71601;117,7797;-27,14184;-37,71602;117,7797;8,27511;-37,43589;118,2052;8,275107;-37,43589;118,2052;-0,379977;0;0;20,21812;11,46286;-0,258701;123,8624;11,21258;0,449469;-142,5205;10,42428;-0,160961;-142,4868;10,2828;0,026514;-0,380045;6,036885;0;58,09179;7,367761;0,178552;161,5295;9,079728;-0,75603;-104,4087;9,375623;0,922114;-104,4177;9,586535;0,867168;-0,413454;12,60826;0;83,34498;12,07381;-1,420641;-173,3397;14,03063;-1,43514;-78,55447;13,04496;2,434527;-78,54193;13,30987;2,489643;-0,485496;22,00679;0;82,97962;13,36752;-1,190102;-173,7158;15,03487;-1,205828;-78,59131;14,0729;2,656634;-78,57709;14,35102;2,714563;0;0;0;0;0;0;0;0;0;0;0;0;0;0;0;0;0;0;0;0;0;0;0;0;0;0;0;0;0;0;0;0;0;0;0;0;0;0;0;0;0;0;0;0;0;0;0;0;0;0;0;0;0;0;0;0;0;0;0;0;0;0;0;0;0;0;0;0;0;0;0;0;0;0;0;0;0;0;0;0;0;2,565532;-1,424253;-0,702739;4,774331;-2,561509;-1,351833;-21,06875;-20,47062;1,582503;0;0;0;0;0;0;-9,035355;0,040904;1,829266;-6,492287;0,025481;1,378655;-3,163666;0,007376;0,761747;0;0;0;0;0;0;0,986382;0,005364;-0,128746;0,133943;0;0,013411;-0,098404;-0,002682;0,064373;0;0;0;0;0;0;0;0;0;0;0;0;0;0;0;0;0;0;0;0;0;0;0;0;0;0;0;0;0;0;5,270263;5,751822;8,266836;10,41262;45,90278;21,69025;3,413116;35,67682;-11,46461;20,64112;103,5062;93,73177;-7,367056;58,29803;103,5771;93,79083;-12,07378;83,49284;103,3227;93,87057;-13,36859;83,17056;103,3113;94,1456;-0,306015;0,63652;-0,003448;10,02251;-1,805363;0,130806;0,000458;-0,001373;0,290709;-0,017624;-0,000458;0,000916;0;0;0;0;0;0;0;0;7,03125;479,0931;-0,413704;-100,209;-117,8112;8,548736;0,082397;-0,247192;52,43911;-3,2135;-0,054932;0,109863;0;0;0;0;0;0;0;0
89;1483,333;00:00:01:483;0;0;0;-3,519914;0,050068;3,621712;-4,488837;-3,293134;6,864825;-5,098472;-6,12661;9,740975;-3,812818;-7,567908;12,19481;-2,370207;0;3,621712;-2,370207;0,05009;11,17456;-1,429108;-1,710412;15,84782;-1,704988;-3,959208;14,36917;-2,011272;-2,646879;12,6871;-0,895299;-0,03505;3,621712;-0,101118;0,01504;11,13133;0,295153;-4,769333;14,07833;-0,175255;-5,727511;11,21594;-0,315969;-3,294762;10,60195;0,443679;-0,000078;3,621712;1,958848;0,050012;10,3956;1,956898;-4,900703;10,96029;1,291642;-4,5595;8,264793;1,299567;-2,064208;8,756452;1,743431;-0,000171;3,621712;3,958467;0,049919;9,102249;3,988765;-3,889036;9,573995;3,469581;-3,655621;7,623217;3,475602;-1,393009;8,065563;0;0;0;-30,50326;-37,70337;117,7661;-27,09015;-37,70339;117,7662;8,326734;-37,42354;118,1919;8,326738;-37,42355;118,1919;-0,379977;0;0;20,21832;11,47908;-0,257696;123,8628;11,22879;0,450511;-142,5202;10,44049;-0,159955;-142,4865;10,29902;0,027528;-0,380045;6,036885;0;58,16217;7,372924;0,17887;161,6001;9,086029;-0,753595;-104,3378;9,379877;0,924945;-104,3469;9,590854;0,870263;-0,413454;12,60826;0;83,34498;12,07381;-1,420641;-173,3397;14,03063;-1,43514;-78,55447;13,04496;2,434527;-78,54193;13,30987;2,489643;-0,485496;22,00679;0;82,97962;13,36752;-1,190102;-173,7158;15,03487;-1,205828;-78,59131;14,0729;2,656634;-78,57709;14,35102;2,714563;0;0;0;0;0;0;0,166275;0,084266;0,136703;0,311226;0,163771;0,245869;0,416458;0,265852;0,250787;0;0;0;0;0;0;0,081131;-0,000358;-0,01654;0,058293;-0,000201;-0,012517;0,028409;-0,000056;-0,006795;0;0;0;0;0;0;-0,026995;-0,219159;-0,351727;-0,051878;-0,005744;-0,419185;-0,033159;0,040501;-0,240684;0;0;0;0;0;0;0;0;0;0;0;0;0;0;0;0;0;0;0;0;0;0;0;0;0;0;0;0;0;0;0;0;0;0;0;0;9,976475;5,055963;8,202193;18,67354;9,826271;14,75215;24,98746;15,9511;15,04719;0;0;0;0;0;0;4,867873;-0,021458;-0,992417;3,4976;-0,01207;-0,751019;1,704544;-0,003353;-0,407696;0;0;0;0;0;0;-1,619719;-13,14953;-21,10362;-3,112703;-0,344664;-25,15107;-1,989528;2,430081;-14,44101;0;0;0;0;0;0;0;0;0;0;0;0;0;0;0;0;0;0;0;0;0;0;0;0;0;0;0;0;0;0;5,263501;5,746731;8,261326;10,40678;45,87063;21,63424;3,413174;35,67683;-11,48082;20,6423;103,5062;93,73179;-7,372248;58,36845;103,5771;93,79083;-12,07378;83,49284;103,3227;93,87057;-13,36859;83,17056;103,3113;94,1456;-1,928787;-3,360901;0,003448;0,000458;-0,972576;0,070381;0;0,001373;-0,311508;4,225159;0;0;0;0;0;0;0;0;0;0;-97,36633;-239,8452;0,413704;-601,3229;49,96719;-3,625488;-0,027466;0,164795;-36,133;254,5669;0,027466;-0,054932;0;0;0;0;0;0;0;0
90;1500;00:00:01:500;0;0;0;-3,519914;0,050068;3,621712;-4,487661;-3,296574;6,861626;-5,09631;-6,132991;9,735085;-3,807725;-7,574351;12,18734;-2,370207;0;3,621712;-2,370207;0,05009;11,17456;-1,428078;-1,710417;15,84761;-1,704247;-3,959211;14,36901;-2,010911;-2,64688;12,68701;-0,895299;-0,03505;3,621712;-0,101118;0,01504;11,13133;0,295339;-4,769332;14,07831;-0,17523;-5,727511;11,21595;-0,315988;-3,294763;10,60196;0,443679;-0,000078;3,621712;1,958848;0,050012;10,3956;1,956898;-4,900703;10,96029;1,291642;-4,5595;8,264793;1,299567;-2,064208;8,756452;1,743431;-0,000171;3,621712;3,958467;0,049919;9,102249;3,988765;-3,889036;9,573995;3,469581;-3,655621;7,623217;3,475602;-1,393009;8,065563;0;0;0;-30,54044;-37,74811;117,814;-27,12732;-37,74813;117,814;8,344955;-37,46807;118,2399;8,344955;-37,46808;118,2399;-0,379977;0;0;20,21847;11,49144;-0,256931;123,8631;11,24115;0,451307;-142,5201;10,45286;-0,159188;-142,4863;10,31137;0,028302;-0,380045;6,036885;0;58,16218;7,376214;0,179074;161,6001;9,089318;-0,753399;-104,3378;9,383169;0,925154;-104,3468;9,594148;0,870475;-0,413454;12,60826;0;83,34498;12,07381;-1,420641;-173,3397;14,03063;-1,43514;-78,55447;13,04496;2,434527;-78,54193;13,30987;2,489643;-0,485496;22,00679;0;82,97962;13,36752;-1,190102;-173,7158;15,03487;-1,205828;-78,59131;14,0729;2,656634;-78,57709;14,35102;2,714563;0;0;0;0;0;0;0,070587;-0,206396;-0,191912;0,12973;-0,382885;-0,353426;0,305593;-0,386596;-0,447839;0;0;0;0;0;0;0,061842;-0,000279;-0,012517;0,044435;-0,000201;-0,009477;0,021648;-0,000056;-0,005275;0;0;0;0;0;0;0,011165;0,000045;-0,001341;0,001498;0;0,000134;-0,001129;-0,000045;0,000715;0;0;0;0;0;0;0;0;0;0;0;0;0;0;0;0;0;0;0;0;0;0;0;0;0;0;0;0;0;0;0;0;0;0;0;0;-5,741268;-17,43972;-19,71692;-10,88977;-32,79939;-35,95769;-6,651879;-39,14684;-41,91755;0;0;0;0;0;0;-1,157373;0,004694;0,241399;-0,831485;0;0,18239;-0,405684;0;0,091195;0;0;0;0;0;0;2,2896;13,15221;21,02315;3,202558;0,344664;25,15912;1,921803;-2,432763;14,48393;0;0;0;0;0;0;0;0;0;0;0;0;0;0;0;0;0;0;0;0;0;0;0;0;0;0;0;0;0;0;5,268603;5,746349;8,259367;10,40408;45,92832;21,63066;3,413116;35,73248;-11,49319;20,6432;103,5061;93,73179;-7,37552;58,36866;103,5771;93,79081;-12,07378;83,49284;103,3227;93,87057;-13,36859;83,17056;103,3113;94,1456;3,46138;-0,214691;-0,003448;3,339386;-0,741806;0,054016;-0,000916;0;-0,196352;0,012817;-0,000458;-0,001373;0;0;0;0;0;0;0;0;323,41;188,7726;-0,413704;200,3357;13,84621;-0,981903;-0,054932;-0,082397;6,909369;-252,7405;-0,027466;-0,082397;0;0;0;0;0;0;0;0
91;1516,667;00:00:01:517;0;0;0;-3,519914;0,050068;3,621712;-4,490904;-3,297579;6,859617;-5,102375;-6,134993;9,731493;-3,815788;-7,577959;12,18386;-2,370207;0;3,621712;-2,370207;0,05009;11,17456;-1,431472;-1,710402;15,8483;-1,706686;-3,959202;14,36953;-2,0121;-2,646878;12,6873;-0,895299;-0,03505;3,621712;-0,101118;0,01504;11,13133;0,294055;-4,769337;14,07847;-0,175402;-5,72751;11,21593;-0,315858;-3,294759;10,60189;0,443679;-0,000078;3,621712;1,958848;0,050012;10,3956;1,956898;-4,900703;10,96029;1,291642;-4,5595;8,264793;1,299567;-2,064208;8,756452;1,743431;-0,000171;3,621712;3,958467;0,049919;9,102249;3,988765;-3,889036;9,573995;3,469581;-3,655621;7,623217;3,475602;-1,393009;8,065563;0;0;0;-30,59163;-37,75498;117,8214;-27,17851;-37,755;117,8214;8,293905;-37,47464;118,2469;8,293909;-37,47465;118,2469;-0,379977;0;0;20,21797;11,45073;-0,259452;123,8621;11,20045;0,448688;-142,5206;10,41215;-0,161713;-142,487;10,27067;0,025755;-0,380045;6,036885;0;58,16203;7,353502;0,17767;161,6003;9,066605;-0,75475;-104,3383;9,360456;0,923697;-104,3473;9,571437;0,869018;-0,413454;12,60826;0;83,34498;12,07381;-1,420641;-173,3397;14,03063;-1,43514;-78,55447;13,04496;2,434527;-78,54193;13,30987;2,489643;-0,485496;22,00679;0;82,97962;13,36752;-1,190102;-173,7158;15,03487;-1,205828;-78,59131;14,0729;2,656634;-78,57709;14,35102;2,714563;0;0;0;0;0;0;-0,194594;-0,060305;-0,120565;-0,363886;-0,120074;-0,215516;-0,483759;-0,216454;-0,209302;0;0;0;0;0;0;-0,203664;0,000905;0,041306;-0,146337;0,000581;0,031203;-0,071313;0,000156;0,017256;0;0;0;0;0;0;-0,07703;-0,000268;0,009835;-0,010324;0,000089;-0,001118;0,007801;0,000246;-0,004694;0;0;0;0;0;0;0;0;0;0;0;0;0;0;0;0;0;0;0;0;0;0;0;0;0;0;0;0;0;0;0;0;0;0;0;0;-15,91086;8,765458;4,280805;-29,61695;15,76871;8,274613;-47,3611;10,20849;14,31226;0;0;0;0;0;0;-15,93031;0,071079;3,22938;-11,44633;0,046939;2,44081;-5,577653;0,01274;1,351833;0;0;0;0;0;0;-5,291662;-0,018775;0,670552;-0,709277;0,005364;-0,075102;0,535771;0,017434;-0,324547;0;0;0;0;0;0;0;0;0;0;0;0;0;0;0;0;0;0;0;0;0;0;0;0;0;0;0;0;0;0;5,274685;5,753081;8,265314;10,41049;45,9547;21,69308;3,413059;35,73248;-11,4525;20,64025;103,5062;93,73176;-7,35282;58,36723;103,5771;93,79085;-12,07378;83,49284;103,3227;93,87057;-13,36859;83,17056;103,3113;94,1456;1,582489;3,745422;-0,003448;0;2,44154;-0,177155;0,001373;-0,001831;1,362018;-0,085602;0,000458;0,002289;0;0;0;0;0;0;0;0;-112,7334;237,6068;0;-200,3631;191,0007;-13,87024;0,137329;-0,109863;93,50222;-5,90515;0,054932;0,219727;0;0;0;0;0;0;0;0
92;1533,333;00:00:01:533;0;0;0;-3,519914;0,050068;3,621712;-4,488482;-3,296669;6,861283;-5,097844;-6,133201;9,734478;-3,809752;-7,574871;12,18681;-2,370207;0;3,621712;-2,370207;0,05009;11,17456;-1,429415;-1,710411;15,84788;-1,705209;-3,959208;14,36922;-2,011379;-2,646879;12,68712;-0,895299;-0,03505;3,621712;-0,101118;0,01504;11,13133;0,294823;-4,770549;14,0764;-0,175567;-5,727541;11,21361;-0,316135;-3,294536;10,60061;0,443679;-0,000078;3,621712;1,958848;0,050012;10,3956;1,956898;-4,900703;10,96029;1,291642;-4,5595;8,264793;1,299567;-2,064208;8,756452;1,743431;-0,000171;3,621712;3,958467;0,049919;9,102249;3,988765;-3,889036;9,573995;3,469581;-3,655621;7,623217;3,475602;-1,393009;8,065563;0;0;0;-30,55107;-37,74788;117,8138;-27,13794;-37,74789;117,8138;8,334384;-37,46777;118,2395;8,334387;-37,46777;118,2395;-0,379977;0;0;20,21828;11,47539;-0,257925;123,8627;11,22511;0,450274;-142,5203;10,43681;-0,160184;-142,4866;10,29533;0,027297;-0,380045;6,036885;0;58,18559;7,371466;0,17878;161,6237;9,084951;-0,752973;-104,3143;9,378117;0,925681;-104,3233;9,589118;0,87109;-0,413454;12,60826;0;83,34498;12,07381;-1,420641;-173,3397;14,03063;-1,43514;-78,55447;13,04496;2,434527;-78,54193;13,30987;2,489643;-0,485496;22,00679;0;82,97962;13,36752;-1,190102;-173,7158;15,03487;-1,205828;-78,59131;14,0729;2,656634;-78,57709;14,35102;2,714563;0;0;0;0;0;0;0,145309;0,054583;0,099957;0,27182;0,107512;0,179082;0,362143;0,185251;0,177428;0;0;0;0;0;0;0,123398;-0,000559;-0,025034;0,088658;-0,000358;-0,018865;0,043217;-0,000112;-0,010461;0;0;0;0;0;0;0,046084;-0,072755;-0,124276;-0,00991;-0,001878;-0,138894;-0,016638;0,013389;-0,076845;0;0;0;0;0;0;0;0;0;0;0;0;0;0;0;0;0;0;0;0;0;0;0;0;0;0;0;0;0;0;0;0;0;0;0;0;20,39417;6,893277;13,23134;38,14235;13,65513;23,67586;50,75409;24,10233;23,20379;0;0;0;0;0;0;19,62371;-0,087842;-3,980398;14,0997;-0,056326;-3,004074;6,871819;-0,016093;-1,662969;0;0;0;0;0;0;7,386803;-4,349201;-8,046625;0,02481;-0,118017;-8,266566;-1,46633;0,78857;-4,329084;0;0;0;0;0;0;0;0;0;0;0;0;0;0;0;0;0;0;0;0;0;0;0;0;0;0;0;0;0;0;5,269683;5,748277;8,260747;10,4056;45,94164;21,70121;3,413001;35,78818;-11,4385;20,63924;103,5062;93,73177;-7,367269;58,39149;103,5771;93,79085;-12,07378;83,49284;103,3227;93,87057;-13,36859;83,17056;103,3113;94,1456;-0,783234;0,487862;-0,003448;3,341675;0,839481;-0,060539;-0,000458;0,000458;-0,866919;1,455459;-0,000458;0;0;0;0;0;0;0;0;0;-141,9433;-195,4536;0;200,5005;-96,12349;6,996917;-0,109863;0,137329;-133,7362;92,46367;-0,054932;-0,137329;0;0;0;0;0;0;0;0
93;1550;00:00:01:550;0;0;0;-3,519914;0,050068;3,621712;-4,491604;-3,296737;6,860278;-5,103672;-6,133445;9,732723;-3,81491;-7,574462;12,18509;-2,370207;0;3,621712;-2,370207;0,05009;11,17456;-1,432638;-1,710397;15,84853;-1,707524;-3,959199;14,36971;-2,012508;-2,646877;12,6874;-0,895299;-0,03505;3,621712;-0,101118;0,01504;11,13133;0,294623;-4,77055;14,07643;-0,175594;-5,727541;11,21361;-0,316115;-3,294535;10,60059;0,443679;-0,000078;3,621712;1,958848;0,050012;10,3956;1,956898;-4,900703;10,96029;1,291642;-4,5595;8,264793;1,299567;-2,064208;8,756452;1,743431;-0,000171;3,621712;3,958467;0,049919;9,102249;3,988765;-3,889036;9,573995;3,469581;-3,655621;7,623217;3,475602;-1,393009;8,065563;0;0;0;-30,58712;-37,74331;117,8089;-27,17401;-37,74333;117,8089;8,354175;-37,46299;118,2344;8,354176;-37,463;118,2344;-0,379977;0;0;20,2178;11,43675;-0,260318;123,8617;11,18648;0,447789;-142,5208;10,39817;-0,16258;-142,4872;10,2567;0,02488;-0,380045;6,036885;0;58,18556;7,367936;0,178562;161,6237;9,081421;-0,753183;-104,3144;9,374589;0,925456;-104,3234;9,58559;0,870864;-0,413454;12,60826;0;83,34498;12,07381;-1,420641;-173,3397;14,03063;-1,43514;-78,55447;13,04496;2,434527;-78,54193;13,30987;2,489643;-0,485496;22,00679;0;82,97962;13,36752;-1,190102;-173,7158;15,03487;-1,205828;-78,59131;14,0729;2,656634;-78,57709;14,35102;2,714563;0;0;0;0;0;0;-0,187285;-0,004046;-0,060305;-0,349671;-0,014685;-0,105277;-0,309505;0,024542;-0,103399;0;0;0;0;0;0;-0,193343;0,000872;0,03925;-0,138927;0,000536;0,029594;-0,067703;0,000168;0,016272;0;0;0;0;0;0;-0,011964;-0,000045;0,00152;-0,001593;0;-0,000134;0,001221;0,000045;-0,000715;0;0;0;0;0;0;0;0;0;0;0;0;0;0;0;0;0;0;0;0;0;0;0;0;0;0;0;0;0;0;0;0;0;0;0;0;-19,95563;-3,517717;-9,615719;-37,28941;-7,331818;-17,06153;-40,29884;-9,64254;-16,84964;0;0;0;0;0;0;-19,00445;0,085831;3,857016;-13,65512;0,053644;2,907514;-6,655231;0,016764;1,603961;0;0;0;0;0;0;-3,482848;4,362612;7,547735;0,499059;0,112653;8,325575;1,071542;-0,800639;4,567801;0;0;0;0;0;0;0;0;0;0;0;0;0;0;0;0;0;0;0;0;0;0;0;0;0;0;0;0;0;0;5,270869;5,75065;8,26295;10,40829;45,94164;21,70121;3,413001;35,78818;-11,4385;20,63924;103,5062;93,73177;-7,367269;58,39149;103,5771;93,79085;-12,07378;83,49284;103,3227;93,87057;-13,36859;83,17056;103,3113;94,1456;-0,783234;0,487862;-0,003448;3,341675;0,839481;-0,060539;-0,000458;0,000458;-0,866919;1,455459;-0,000458;0;0;0;0;0;0;0;0;0;-141,9433;-195,4536;0;200,5005;-96,12349;6,996917;-0,109863;0,137329;-133,7362;92,46367;-0,054932;-0,137329;0;0;0;0;0;0;0;0
94;1566,667;00:00:01:567;0;0;0;-3,519914;0,050068;3,621712;-4,491604;-3,296737;6,860278;-5,103672;-6,133445;9,732723;-3,81491;-7,574462;12,18509;-2,370207;0;3,621712;-2,370207;0,05009;11,17456;-1,432638;-1,710397;15,84853;-1,707524;-3,959199;14,36971;-2,012508;-2,646877;12,6874;-0,895299;-0,03505;3,621712;-0,101118;0,01504;11,13133;0,294623;-4,77055;14,07643;-0,175594;-5,727541;11,21361;-0,316115;-3,294535;10,60059;0,443679;-0,000078;3,621712;1,958848;0,050012;10,3956;1,956898;-4,900703;10,96029;1,291642;-4,5595;8,264793;1,299567;-2,064208;8,756452;1,743431;-0,000171;3,621712;3,958467;0,049919;9,102249;3,988765;-3,889036;9,573995;3,469581;-3,655621;7,623217;3,475602;-1,393009;8,065563;0;0;0;-30,58712;-37,74331;117,8089;-27,17401;-37,74333;117,8089;8,354175;-37,46299;118,2344;8,354176;-37,463;118,2344;-0,379977;0;0;20,2178;11,43675;-0,260318;123,8617;11,18648;0,447789;-142,5208;10,39817;-0,16258;-142,4872;10,2567;0,02488;-0,380045;6,036885;0;58,18556;7,367936;0,178562;161,6237;9,081421;-0,753183;-104,3144;9,374589;0,925456;-104,3234;9,58559;0,870864;-0,413454;12,60826;0;83,34498;12,07381;-1,420641;-173,3397;14,03063;-1,43514;-78,55447;13,04496;2,434527;-78,54193;13,30987;2,489643;-0,485496;22,00679;0;82,97962;13,36752;-1,190102;-173,7158;15,03487;-1,205828;-78,59131;14,0729;2,656634;-78,57709;14,35102;2,714563;0;0;0;0;0;0;0;0;0;0;0;0;0;0;0;0;0;0;0;0;0;0;0;0;0;0;0;0;0;0;0;0;0;0;0;0;0;0;0;0;0;0;0;0;0;0;0;0;0;0;0;0;0;0;0;0;0;0;0;0;0;0;0;0;0;0;0;0;0;0;0;0;0;0;0;0;0;0;0;0;0;11,23711;0,24274;3,618299;20,98024;0,881106;6,316602;18,57027;-1,472533;6,203949;0;0;0;0;0;0;11,60055;-0,052303;-2,354979;8,335633;-0,032187;-1,775622;4,062205;-0,010058;-0,976324;0;0;0;0;0;0;0,717826;0,002682;-0,091195;0,095554;0;0,008047;-0,073258;-0,002682;0,042915;0;0;0;0;0;0;0;0;0;0;0;0;0;0;0;0;0;0;0;0;0;0;0;0;0;0;0;0;0;0;5,270869;5,75065;8,26295;10,40829;45,94164;21,70121;3,413001;35,78818;-11,4385;20,63924;103,5062;93,73177;-7,367269;58,39149;103,5771;93,79085;-12,07378;83,49284;103,3227;93,87057;-13,36859;83,17056;103,3113;94,1456;0;0;0;0;0;0;0;0;0;0;0;0;0;0;0;0;0;0;0;0;46,99401;-29,27169;0,206852;-200,5005;-50,36887;3,632354;0,027466;-0,027466;52,01511;-87,32756;0,027466;0;0;0;0;0;0;0;0;0
95;1583,333;00:00:01:583;0;0;0;-3,519914;0,050068;3,621712;-4,504013;-3,299607;6,853557;-5,126869;-6,139281;9,720749;-3,843161;-7,584213;12,17346;-2,370207;0;3,621712;-2,370207;0,05009;11,17456;-1,434107;-1,710389;15,84883;-1,708579;-3,959194;14,36993;-2,013022;-2,646875;12,68752;-0,895299;-0,03505;3,621712;-0,101118;0,01504;11,13133;0,293694;-4,774194;14,07062;-0,176522;-5,727625;11,20662;-0,316619;-3,293852;10,59655;0,443679;-0,000078;3,621712;1,958848;0,050012;10,3956;1,956898;-4,900703;10,96029;1,291642;-4,5595;8,264793;1,299567;-2,064208;8,756452;1,743431;-0,000171;3,621712;3,958467;0,049919;9,102249;3,988765;-3,889036;9,573995;3,469581;-3,655621;7,623217;3,475602;-1,393009;8,065563;0;0;0;-30,769;-37,7577;117,8243;-27,35589;-37,75771;117,8243;8,228529;-37,47632;118,2487;8,228532;-37,47632;118,2487;-0,379977;0;0;20,21758;11,41914;-0,261409;123,8613;11,16887;0,446656;-142,5211;10,38056;-0,163672;-142,4875;10,23909;0,023777;-0,380045;6,036885;0;58,25587;7,364626;0,178357;161,6944;9,079244;-0,75125;-104,2438;9,370369;0,927734;-104,2528;9,581435;0,873409;-0,413454;12,60826;0;83,34498;12,07381;-1,420641;-173,3397;14,03063;-1,43514;-78,55447;13,04496;2,434527;-78,54193;13,30987;2,489643;-0,485496;22,00679;0;82,97962;13,36752;-1,190102;-173,7158;15,03487;-1,205828;-78,59131;14,0729;2,656634;-78,57709;14,35102;2,714563;0;0;0;0;0;0;-0,744559;-0,17222;-0,40327;-1,391798;-0,350118;-0,718474;-1,695022;-0,585034;-0,697687;0;0;0;0;0;0;-0,088127;0,000436;0,017792;-0,063311;0,000268;0,013411;-0,030857;0,000078;0,007421;0;0;0;0;0;0;-0,055745;-0,218645;-0,34833;-0,055695;-0,005007;-0,419632;-0,030222;0,040993;-0,242427;0;0;0;0;0;0;0;0;0;0;0;0;0;0;0;0;0;0;0;0;0;0;0;0;0;0;0;0;0;0;0;0;0;0;0;0;-44,67353;-10,33321;-24,19621;-83,50788;-21,00706;-43,10846;-101,7013;-35,10206;-41,86123;0;0;0;0;0;0;-5,287639;0,026152;1,067519;-3,798678;0,016093;0,804663;-1,851395;0,004694;0,445247;0;0;0;0;0;0;-3,344715;-13,11868;-20,89977;-3,341697;-0,300407;-25,1779;-1,813341;2,459585;-14,54562;0;0;0;0;0;0;0;0;0;0;0;0;0;0;0;0;0;0;0;0;0;0;0;0;0;0;0;0;0;0;5,290649;5,773243;8,282153;10,42929;46,02567;21,93555;3,413059;35,84384;-11,42091;20,63796;103,5062;93,73175;-7,363939;58,46138;103,5771;93,79082;-12,07378;83,49284;103,3227;93,87057;-13,36859;83,17056;103,3113;94,1456;5,04158;14,06032;0,003448;3,339615;1,055717;-0,076675;0,000458;-0,000916;0,199785;4,193344;0,000916;-0,001831;0;0;0;0;0;0;0;0;302,4948;843,6194;0,206852;200,3769;63,34304;-4,600524;0,027466;-0,054932;11,98711;251,6006;0,054932;-0,109863;0;0;0;0;0;0;0;0
96;1600;00:00:01:600;0;0;0;-3,519914;0,050068;3,621712;-4,504013;-3,299607;6,853557;-5,126869;-6,139281;9,720749;-3,843161;-7,584213;12,17346;-2,370207;0;3,621712;-2,370207;0,05009;11,17456;-1,434107;-1,710389;15,84883;-1,708579;-3,959194;14,36993;-2,013022;-2,646875;12,68752;-0,895299;-0,03505;3,621712;-0,101118;0,01504;11,13133;0,293694;-4,774194;14,07062;-0,176522;-5,727625;11,20662;-0,316619;-3,293852;10,59655;0,443679;-0,000078;3,621712;1,958848;0,050012;10,3956;1,956898;-4,900703;10,96029;1,291642;-4,5595;8,264793;1,299567;-2,064208;8,756452;1,743431;-0,000171;3,621712;3,958467;0,049919;9,102249;3,988765;-3,889036;9,573995;3,469581;-3,655621;7,623217;3,475602;-1,393009;8,065563;0;0;0;-30,769;-37,7577;117,8243;-27,35589;-37,75771;117,8243;8,228529;-37,47632;118,2487;8,228532;-37,47632;118,2487;-0,379977;0;0;20,21758;11,41914;-0,261409;123,8613;11,16887;0,446656;-142,5211;10,38056;-0,163672;-142,4875;10,23909;0,023777;-0,380045;6,036885;0;58,25587;7,364626;0,178357;161,6944;9,079244;-0,75125;-104,2438;9,370369;0,927734;-104,2528;9,581435;0,873409;-0,413454;12,60826;0;83,34498;12,07381;-1,420641;-173,3397;14,03063;-1,43514;-78,55447;13,04496;2,434527;-78,54193;13,30987;2,489643;-0,485496;22,00679;0;82,97962;13,36752;-1,190102;-173,7158;15,03487;-1,205828;-78,59131;14,0729;2,656634;-78,57709;14,35102;2,714563;0;0;0;0;0;0;0;0;0;0;0;0;0;0;0;0;0;0;0;0;0;0;0;0;0;0;0;0;0;0;0;0;0;0;0;0;0;0;0;0;0;0;0;0;0;0;0;0;0;0;0;0;0;0;0;0;0;0;0;0;0;0;0;0;0;0;0;0;0;0;0;0;0;0;0;0;0;0;0;0;0;44,67353;10,33321;24,19621;83,50788;21,00706;43,10846;101,7013;35,10206;41,86123;0;0;0;0;0;0;5,287639;-0,026152;-1,067519;3,798678;-0,016093;-0,804663;1,851395;-0,004694;-0,445247;0;0;0;0;0;0;3,344715;13,11868;20,89977;3,341697;0,300407;25,1779;1,813341;-2,459585;14,54562;0;0;0;0;0;0;0;0;0;0;0;0;0;0;0;0;0;0;0;0;0;0;0;0;0;0;0;0;0;0;5,290649;5,773243;8,282153;10,42929;46,02567;21,93555;3,413059;35,84384;-11,42091;20,63796;103,5062;93,73175;-7,363939;58,46138;103,5771;93,79082;-12,07378;83,49284;103,3227;93,87057;-13,36859;83,17056;103,3113;94,1456;5,04158;14,06032;0,003448;3,339615;1,055717;-0,076675;0,000458;-0,000916;0,199785;4,193344;0,000916;-0,001831;0;0;0;0;0;0;0;0;302,4948;843,6194;0,206852;200,3769;63,34304;-4,600524;0,027466;-0,054932;11,98711;251,6006;0,054932;-0,109863;0;0;0;0;0;0;0;0
97;1616,667;00:00:01:617;0;0;0;-3,519914;0,050068;3,621712;-4,503932;-3,299536;6,853655;-5,126715;-6,139143;9,720927;-3,842953;-7,584007;12,17365;-2,370207;0;3,621712;-2,370207;0,05009;11,17456;-1,43407;-1,71039;15,84882;-1,708553;-3,959194;14,36993;-2,013009;-2,646876;12,68752;-0,895299;-0,03505;3,621712;-0,101118;0,01504;11,13133;0,293803;-4,774194;14,07061;-0,176508;-5,727625;11,20662;-0,31663;-3,293852;10,59656;0,443679;-0,000078;3,621712;1,958848;0,050012;10,3956;1,956898;-4,900703;10,96029;1,291642;-4,5595;8,264793;1,299567;-2,064208;8,756452;1,743431;-0,000171;3,621712;3,958467;0,049919;9,102249;3,988765;-3,889036;9,573995;3,469581;-3,655621;7,623217;3,475602;-1,393009;8,065563;0;0;0;-30,76702;-37,75695;117,8235;-27,3539;-37,75697;117,8235;8,230503;-37,47559;118,2479;8,230507;-37,47557;118,248;-0,379977;0;0;20,21759;11,41958;-0,261381;123,8613;11,16931;0,446685;-142,5211;10,381;-0,163645;-142,4875;10,23952;0,023806;-0,380045;6,036885;0;58,25589;7,366559;0,178476;161,6943;9,081175;-0,751135;-104,2437;9,3723;0,927862;-104,2527;9,583369;0,873535;-0,413454;12,60826;0;83,34498;12,07381;-1,420641;-173,3397;14,03063;-1,43514;-78,55447;13,04496;2,434527;-78,54193;13,30987;2,489643;-0,485496;22,00679;0;82,97962;13,36752;-1,190102;-173,7158;15,03487;-1,205828;-78,59131;14,0729;2,656634;-78,57709;14,35102;2,714563;0;0;0;0;0;0;0,004895;0,004314;0,005901;0,009231;0,008248;0,010729;0,01245;0,012338;0,011489;0;0;0;0;0;0;0,002202;-0,000022;-0,000358;0,001576;0;-0,000358;0,000771;-0,000011;-0,000179;0;0;0;0;0;0;0,006538;0;-0,000894;0,000849;-0,000022;0;-0,000673;-0,000022;0,000447;0;0;0;0;0;0;0;0;0;0;0;0;0;0;0;0;0;0;0;0;0;0;0;0;0;0;0;0;0;0;0;0;0;0;0;0;0,293702;0,258833;0,354052;0,553876;0,494868;0,64373;0,746995;0,74029;0,689328;0;0;0;0;0;0;0,132099;-0,001341;-0,021458;0,094548;0;-0,021458;0,046268;-0,000671;-0,010729;0;0;0;0;0;0;0,392273;0;-0,053644;0,050962;-0,001341;0;-0,040401;-0,001341;0,026822;0;0;0;0;0;0;0;0;0;0;0;0;0;0;0;0;0;0;0;0;0;0;0;0;0;0;0;0;0;0;5,29037;5,773006;8,281966;10,4291;46,02418;21,93373;3,413116;35,84385;-11,42136;20,63799;103,5062;93,73176;-7,365883;58,4615;103,5771;93,79084;-12,07378;83,49284;103,3227;93,87057;-13,36859;83,17056;103,3113;94,1456;-0,089493;-0,109062;0,003448;0,000687;-0,026894;0,002174;-0,000458;0,000458;-0,116673;0,007324;0;0,001373;0;0;0;0;0;0;0;0;-307,8643;-850,1631;0;-200,3357;-64,95667;4,730987;-0,054932;0,082397;-18,98746;-251,1612;-0,054932;0,192261;0;0;0;0;0;0;0;0
98;1633,333;00:00:01:633;0;0;0;-3,519914;0,050068;3,621712;-4,504606;-3,300339;6,852616;-5,127983;-6,140671;9,719043;-3,844687;-7,58623;12,1716;-2,370207;0;3,621712;-2,370207;0,05009;11,17456;-1,43372;-1,710392;15,84875;-1,708302;-3,959195;14,36987;-2,012887;-2,646876;12,68749;-0,895299;-0,03505;3,621712;-0,101118;0,01504;11,13133;0,293936;-4,774195;14,07059;-0,17649;-5,727626;11,20662;-0,316644;-3,293853;10,59657;0,443679;-0,000078;3,621712;1,958848;0,050012;10,3956;1,956898;-4,900703;10,96029;1,291642;-4,5595;8,264793;1,299567;-2,064208;8,756452;1,743431;-0,000171;3,621712;3,958467;0,049919;9,102249;3,988765;-3,889036;9,573995;3,469581;-3,655621;7,623217;3,475602;-1,393009;8,065563;0;0;0;-30,78645;-37,76579;117,8329;-27,37335;-37,7658;117,833;8,211068;-37,48432;118,2573;8,211066;-37,48431;118,2573;-0,379977;0;0;20,21764;11,42377;-0,261121;123,8614;11,1735;0,446954;-142,521;10,38519;-0,163385;-142,4874;10,24372;0,024068;-0,380045;6,036885;0;58,2559;7,368909;0,178622;161,6943;9,083527;-0,750996;-104,2437;9,374653;0,92801;-104,2527;9,58572;0,873683;-0,413454;12,60826;0;83,34498;12,07381;-1,420641;-173,3397;14,03063;-1,43514;-78,55447;13,04496;2,434527;-78,54193;13,30987;2,489643;-0,485496;22,00679;0;82,97962;13,36752;-1,190102;-173,7158;15,03487;-1,205828;-78,59131;14,0729;2,656634;-78,57709;14,35102;2,714563;0;0;0;0;0;0;-0,040479;-0,048235;-0,062317;-0,076108;-0,091664;-0,113055;-0,104047;-0,133351;-0,123024;0;0;0;0;0;0;0,020966;-0,000112;-0,004292;0,015065;-0,000067;-0,003129;0,007331;-0,000011;-0,001788;0;0;0;0;0;0;0,007946;-0,000022;-0,000983;0,001051;-0,000045;0,000179;-0,000821;-0,000022;0,000492;0;0;0;0;0;0;0;0;0;0;0;0;0;0;0;0;0;0;0;0;0;0;0;0;0;0;0;0;0;0;0;0;0;0;0;0;-2,722442;-3,152936;-4,09305;-5,120336;-5,994736;-7,427036;-6,989837;-8,741318;-8,070765;0;0;0;0;0;0;1,125857;-0,005364;-0,236034;0,809357;-0,004023;-0,166297;0,393614;0;-0,09656;0;0;0;0;0;0;0,08449;-0,001341;-0,005364;0,01207;-0,001341;0,010729;-0,008885;0;0,002682;0;0;0;0;0;0;0;0;0;0;0;0;0;0;0;0;0;0;0;0;0;0;0;0;0;0;0;0;0;0;5,293283;5,775147;8,283679;10,43083;46,04025;21,94983;3,413174;35,84385;-11,42553;20,63829;103,5062;93,73176;-7,368227;58,46165;103,5771;93,79085;-12,07378;83,49284;103,3227;93,87057;-13,36859;83,17056;103,3113;94,1456;0,964508;0,96611;0,003448;-0,000229;-0,250397;0,017624;0;0;-0,140619;0,008698;-0,000458;0,000458;0;0;0;0;0;0;0;0;63,24004;64,51034;0;-0,054932;-13,41019;0,926971;0,027466;-0,027466;-1,436806;0,082397;-0,027466;-0,054932;0;0;0;0;0;0;0;0
99;1650;00:00:01:650;0;0;0;-3,519914;0,050068;3,621712;-4,504305;-3,300742;6,85229;-5,127426;-6,141412;9,718437;-3,843985;-7,587123;12,17083;-2,370207;0;3,621712;-2,370207;0,05009;11,17456;-1,433553;-1,710392;15,84872;-1,708182;-3,959196;14,36985;-2,012828;-2,646876;12,68747;-0,895299;-0,03505;3,621712;-0,101118;0,01504;11,13133;0,293666;-4,775407;14,06865;-0,176795;-5,727652;11,20429;-0,316816;-3,293624;10,59522;0,443679;-0,000078;3,621712;1,958848;0,050012;10,3956;1,956898;-4,900703;10,96029;1,291642;-4,5595;8,264793;1,299567;-2,064208;8,756452;1,743431;-0,000171;3,621712;3,958467;0,049919;9,102249;3,988765;-3,889036;9,573995;3,469581;-3,655621;7,623217;3,475602;-1,393009;8,065563;0;0;0;-30,78897;-37,77132;117,8388;-27,37586;-37,77132;117,8389;8,208494;-37,48981;118,2633;8,208498;-37,48983;118,2633;-0,379977;0;0;20,21767;11,42578;-0,260997;123,8615;11,1755;0,447082;-142,521;10,3872;-0,163261;-142,4874;10,24572;0,024193;-0,380045;6,036885;0;58,27935;7,368521;0,178598;161,7179;9,083512;-0,750309;-104,2202;9,373957;0,928817;-104,2291;9,585047;0,874577;-0,413454;12,60826;0;83,34498;12,07381;-1,420641;-173,3397;14,03063;-1,43514;-78,55447;13,04496;2,434527;-78,54193;13,30987;2,489643;-0,485496;22,00679;0;82,97962;13,36752;-1,190102;-173,7158;15,03487;-1,205828;-78,59131;14,0729;2,656634;-78,57709;14,35102;2,714563;0;0;0;0;0;0;0,018038;-0,024162;-0,01958;0,033461;-0,044458;-0,036344;0,042133;-0,053599;-0,046268;0;0;0;0;0;0;0,01003;-0,000045;-0,001967;0,007208;-0,000022;-0,001609;0,00352;-0,000011;-0,000805;0;0;0;0;0;0;-0,016177;-0,072733;-0,116497;-0,018256;-0,001542;-0,139833;-0,010324;0,013724;-0,080645;0;0;0;0;0;0;0;0;0;0;0;0;0;0;0;0;0;0;0;0;0;0;0;0;0;0;0;0;0;0;0;0;0;0;0;0;3,511011;1,444369;2,564191;6,574093;2,832412;4,60267;8,770823;4,78506;4,605352;0;0;0;0;0;0;-0,656135;0,004023;0,139475;-0,471398;0,002682;0,091195;-0,228658;0;0,059009;0;0;0;0;0;0;-1,447387;-4,362612;-6,930827;-1,158379;-0,089854;-8,400677;-0,570137;0,824779;-4,868208;0;0;0;0;0;0;0;0;0;0;0;0;0;0;0;0;0;0;0;0;0;0;0;0;0;0;0;0;0;0;5,293968;5,775604;8,283521;10,43056;46,04659;21,94657;3,413001;35,84384;-11,42755;20,63844;103,5062;93,73177;-7,367827;58,485;103,5771;93,79082;-12,07378;83,49284;103,3227;93,87057;-13,36859;83,17056;103,3113;94,1456;0,380402;-0,196037;-0,010343;-0,000458;-0,120964;0,009155;0;0,000916;0,023975;1,400986;0;-0,001373;0;0;0;0;0;0;0;0;-35,04638;-69,72884;-0,827408;-0,013733;7,765961;-0,508118;0;0,054932;9,875678;83,53728;0,027466;-0,109863;0;0;0;0;0;0;0;0
100;1666,667;00:00:01:667;0;0;0;-3,519914;0,050068;3,621712;-4,503928;-3,301038;6,852098;-5,126724;-6,14195;9,718076;-3,843085;-7,587722;12,17033;-2,370207;0;3,621712;-2,370207;0,05009;11,17456;-1,433284;-1,710393;15,84866;-1,707988;-3,959196;14,36981;-2,012734;-2,646876;12,68745;-0,895299;-0,03505;3,621712;-0,101118;0,01504;11,13133;0,29372;-4,775407;14,06864;-0,176788;-5,727652;11,20429;-0,316821;-3,293624;10,59523;0,443679;-0,000078;3,621712;1,958848;0,050012;10,3956;1,956898;-4,900703;10,96029;1,291642;-4,5595;8,264793;1,299567;-2,064208;8,756452;1,743431;-0,000171;3,621712;3,958467;0,049919;9,102249;3,988765;-3,889036;9,573995;3,469581;-3,655621;7,623217;3,475602;-1,393009;8,065563;0;0;0;-30,78908;-37,77563;117,8435;-27,37596;-37,77564;117,8435;8,208351;-37,49413;118,2679;8,208355;-37,49414;118,2679;-0,379977;0;0;20,2177;11,429;-0,260798;123,8615;11,17873;0,447291;-142,5209;10,39042;-0,163061;-142,4874;10,24894;0,024395;-0,380045;6,036885;0;58,27936;7,36948;0,178657;161,7179;9,084474;-0,750251;-104,2201;9,374914;0,928881;-104,2291;9,586006;0,87464;-0,413454;12,60826;0;83,34498;12,07381;-1,420641;-173,3397;14,03063;-1,43514;-78,55447;13,04496;2,434527;-78,54193;13,30987;2,489643;-0,485496;22,00679;0;82,97962;13,36752;-1,190102;-173,7158;15,03487;-1,205828;-78,59131;14,0729;2,656634;-78,57709;14,35102;2,714563;0;0;0;0;0;0;0,022642;-0,017747;-0,011489;0,042088;-0,032276;-0,021726;0,054024;-0,035942;-0,030175;0;0;0;0;0;0;0,016149;-0,000067;-0,003397;0,011612;-0,000045;-0,002414;0,005655;-0,000011;-0,001341;0;0;0;0;0;0;0,003247;-0,000022;-0,000447;0,000427;0;0,000045;-0,000341;0;0,000179;0;0;0;0;0;0;0;0;0;0;0;0;0;0;0;0;0;0;0;0;0;0;0;0;0;0;0;0;0;0;0;0;0;0;0;0;0,276268;0,384897;0,48548;0,517666;0,730902;0,877082;0,713468;1,059473;0,965595;0;0;0;0;0;0;0,367127;-0,001341;-0,085831;0,264198;-0,001341;-0,04828;0,128076;0;-0,032187;0;0;0;0;0;0;1,16542;4,362612;6,963014;1,120996;0,092536;8,392631;0,598971;-0,823438;4,849433;0;0;0;0;0;0;0;0;0;0;0;0;0;0;0;0;0;0;0;0;0;0;0;0;0;0;0;0;0;0;5,294295;5,775358;8,283154;10,43009;46,05081;21,94138;3,413174;35,84385;-11,43075;20,63868;103,5062;93,73177;-7,368813;58,48506;103,5771;93,79083;-12,07378;83,49284;103,3227;93,87057;-13,36859;83,17056;103,3113;94,1456;0,252914;-0,311508;0,010343;0,000458;-0,192318;0,014076;0;-0,000458;-0,059137;0,003662;0;0,000458;0;0;0;0;0;0;0;0;-7,649229;-6,928252;1,241112;0,054932;-4,281234;0,295258;0;-0,082397;-4,986763;-83,8394;0;0,109863;0;0;0;0;0;0;0;0
101;1683,333;00:00:01:683;0;0;0;-3,519914;0,050068;3,621712;-4,503928;-3,301038;6,852098;-5,126724;-6,14195;9,718076;-3,843085;-7,587722;12,17033;-2,370207;0;3,621712;-2,370207;0,05009;11,17456;-1,433284;-1,710393;15,84866;-1,707988;-3,959196;14,36981;-2,012734;-2,646876;12,68745;-0,895299;-0,03505;3,621712;-0,101118;0,01504;11,13133;0,29372;-4,775407;14,06864;-0,176788;-5,727652;11,20429;-0,316821;-3,293624;10,59523;0,443679;-0,000078;3,621712;1,958848;0,050012;10,3956;1,956898;-4,900703;10,96029;1,291642;-4,5595;8,264793;1,299567;-2,064208;8,756452;1,743431;-0,000171;3,621712;3,958467;0,049919;9,102249;3,988765;-3,889036;9,573995;3,469581;-3,655621;7,623217;3,475602;-1,393009;8,065563;0;0;0;-30,78908;-37,77563;117,8435;-27,37596;-37,77564;117,8435;8,208351;-37,49413;118,2679;8,208355;-37,49414;118,2679;-0,379977;0;0;20,2177;11,429;-0,260798;123,8615;11,17873;0,447291;-142,5209;10,39042;-0,163061;-142,4874;10,24894;0,024395;-0,380045;6,036885;0;58,27936;7,36948;0,178657;161,7179;9,084474;-0,750251;-104,2201;9,374914;0,928881;-104,2291;9,586006;0,87464;-0,413454;12,60826;0;83,34498;12,07381;-1,420641;-173,3397;14,03063;-1,43514;-78,55447;13,04496;2,434527;-78,54193;13,30987;2,489643;-0,485496;22,00679;0;82,97962;13,36752;-1,190102;-173,7158;15,03487;-1,205828;-78,59131;14,0729;2,656634;-78,57709;14,35102;2,714563;0;0;0;0;0;0;0;0;0;0;0;0;0;0;0;0;0;0;0;0;0;0;0;0;0;0;0;0;0;0;0;0;0;0;0;0;0;0;0;0;0;0;0;0;0;0;0;0;0;0;0;0;0;0;0;0;0;0;0;0;0;0;0;0;0;0;0;0;0;0;0;0;0;0;0;0;0;0;0;0;0;-1,358539;1,064837;0,689328;-2,525299;1,936555;1,303553;-3,24145;2,156496;1,810491;0;0;0;0;0;0;-0,968948;0,004023;0,203848;-0,696704;0,002682;0,144839;-0,339299;0,000671;0,080466;0;0;0;0;0;0;-0,194795;0,001341;0,026822;-0,025649;0;-0,002682;0,020452;0;-0,010729;0;0;0;0;0;0;0;0;0;0;0;0;0;0;0;0;0;0;0;0;0;0;0;0;0;0;0;0;0;0;5,294295;5,775358;8,283154;10,43009;46,05081;21,94138;3,413174;35,84385;-11,43075;20,63868;103,5062;93,73177;-7,368813;58,48506;103,5771;93,79083;-12,07378;83,49284;103,3227;93,87057;-13,36859;83,17056;103,3113;94,1456;0,252914;-0,311508;0,010343;0,000458;-0,192318;0,014076;0;-0,000458;-0,059137;0,003662;0;0,000458;0;0;0;0;0;0;0;0;-7,649229;-6,928252;1,241112;0,054932;-4,281234;0,295258;0;-0,082397;-4,986763;-83,8394;0;0,109863;0;0;0;0;0;0;0;0
102;1700;00:00:01:700;0;0;0;-3,519914;0,050068;3,621712;-4,504094;-3,30192;6,851134;-5,127042;-6,143604;9,716312;-3,843573;-7,589963;12,16831;-2,370207;0;3,621712;-2,370207;0,05009;11,17456;-1,433128;-1,710394;15,84863;-1,707876;-3,959197;14,36978;-2,012679;-2,646876;12,68744;-0,895299;-0,03505;3,621712;-0,101118;0,01504;11,13133;0,29372;-4,775407;14,06864;-0,176788;-5,727652;11,20429;-0,316821;-3,293624;10,59523;0,443679;-0,000078;3,621712;1,958848;0,050012;10,3956;1,956898;-4,900703;10,96029;1,291642;-4,5595;8,264793;1,299567;-2,064208;8,756452;1,743431;-0,000171;3,621712;3,958467;0,049919;9,102249;3,988765;-3,889036;9,573995;3,469581;-3,655621;7,623217;3,475602;-1,393009;8,065563;0;0;0;-30,80392;-37,7863;117,855;-27,39081;-37,78633;117,855;8,193477;-37,50472;118,2794;8,193475;-37,50473;118,2794;-0,379977;0;0;20,21773;11,43088;-0,260681;123,8616;11,1806;0,447411;-142,5209;10,39229;-0,162944;-142,4873;10,25082;0,024512;-0,380045;6,036885;0;58,27936;7,36948;0,178657;161,7179;9,084474;-0,750251;-104,2201;9,374914;0,928881;-104,2291;9,586006;0,87464;-0,413454;12,60826;0;83,34498;12,07381;-1,420641;-173,3397;14,03063;-1,43514;-78,55447;13,04496;2,434527;-78,54193;13,30987;2,489643;-0,485496;22,00679;0;82,97962;13,36752;-1,190102;-173,7158;15,03487;-1,205828;-78,59131;14,0729;2,656634;-78,57709;14,35102;2,714563;0;0;0;0;0;0;-0,009924;-0,052907;-0,057891;-0,019066;-0,099264;-0,105768;-0,029303;-0,134468;-0,121146;0;0;0;0;0;0;0,009371;-0,000045;-0,001788;0,006728;-0,000045;-0,001431;0,003275;0;-0,000805;0;0;0;0;0;0;0;0;0;0;0;0;0;0;0;0;0;0;0;0;0;0;0;0;0;0;0;0;0;0;0;0;0;0;0;0;0;0;0;0;0;0;0;0;0;0;0;0;0;0;0;-0,59545;-3,174394;-3,47346;-1,143962;-5,955845;-6,346107;-1,758188;-8,068083;-7,268785;0;0;0;0;0;0;0,562258;-0,002682;-0,107288;0,403673;-0,002682;-0,085831;0,196472;0;-0,04828;0;0;0;0;0;0;0;0;0;0;0;0;0;0;0;0;0;0;0;0;0;0;0;0;0;0;0;0;0;0;0;0;0;0;0;0;0;0;0;0;0;0;0;0;0;5,29677;5,776772;8,284121;10,43097;46,0669;21,94884;3,413174;35,84384;-11,43265;20,63882;103,5062;93,73177;-7,368813;58,48506;103,5771;93,79083;-12,07378;83,49284;103,3227;93,87057;-13,36859;83,17056;103,3113;94,1456;0,965424;0,447807;0;-0,000458;-0,113754;0,008698;0;0,000458;0;0;0;0;0;0;0;0;0;0;0;0;42,75054;45,55892;-0,620556;-0,054932;4,713821;-0,322723;0;0,054932;3,54824;-0,219727;0;-0,027466;0;0;0;0;0;0;0;0
103;1716,667;00:00:01:717;0;0;0;-3,519914;0,050068;3,621712;-4,504915;-3,302848;6,849918;-5,128584;-6,14537;9,714109;-3,841899;-7,590065;12,1654;-2,370207;0;3,621712;-2,370207;0,05009;11,17456;-1,433324;-1,710393;15,84867;-1,708017;-3,959196;14,36981;-2,012748;-2,646876;12,68745;-0,895299;-0,03505;3,621712;-0,101118;0,01504;11,13133;0,293564;-4,775407;14,06866;-0,176808;-5,727652;11,20429;-0,316805;-3,293623;10,59522;0,443679;-0,000078;3,621712;1,958848;0,050012;10,3956;1,956898;-4,900703;10,96029;1,291642;-4,5595;8,264793;1,299567;-2,064208;8,756452;1,743431;-0,000171;3,621712;3,958467;0,049919;9,102249;3,988765;-3,889036;9,573995;3,469581;-3,655621;7,623217;3,475602;-1,393009;8,065563;0;0;0;-30,82685;-37,79646;117,8658;-27,41374;-37,79648;117,8658;8,254048;-37,51474;118,2902;8,254049;-37,51475;118,2902;-0,379977;0;0;20,2177;11,42852;-0,260828;123,8615;11,17825;0,44726;-142,5209;10,38994;-0,163091;-142,4874;10,24847;0,024365;-0,380045;6,036885;0;58,27934;7,366705;0,178486;161,7179;9,081698;-0,750416;-104,2202;9,37214;0,928703;-104,2291;9,58323;0,874462;-0,413454;12,60826;0;83,34498;12,07381;-1,420641;-173,3397;14,03063;-1,43514;-78,55447;13,04496;2,434527;-78,54193;13,30987;2,489643;-0,485496;22,00679;0;82,97962;13,36752;-1,190102;-173,7158;15,03487;-1,205828;-78,59131;14,0729;2,656634;-78,57709;14,35102;2,714563;0;0;0;0;0;0;-0,049286;-0,055723;-0,072911;-0,092559;-0,10597;-0,132188;0,100426;-0,00608;-0,174344;0;0;0;0;0;0;-0,011774;0,000056;0,002325;-0,00846;0,000045;0,001788;-0,004124;0,000011;0,000983;0;0;0;0;0;0;-0,009382;0;0,001162;-0,001227;0;-0,000134;0,000975;0,000022;-0,000536;0;0;0;0;0;0;0;0;0;0;0;0;0;0;0;0;0;0;0;0;0;0;0;0;0;0;0;0;0;0;0;0;0;0;0;0;-2,361685;-0,168979;-0,901222;-4,409551;-0,402331;-1,585185;7,78377;7,703303;-3,191829;0;0;0;0;0;0;-1,268685;0,006035;0,246763;-0,91128;0,005364;0,193119;-0,443906;0,000671;0,107288;0;0;0;0;0;0;-0,562929;0;0,069737;-0,073593;0;-0,008047;0,058506;0,001341;-0,032187;0;0;0;0;0;0;0;0;0;0;0;0;0;0;0;0;0;0;0;0;0;0;0;0;0;0;0;0;0;0;5,29655;5,775048;8,281952;10,42871;46,08561;21,96819;3,413174;35,92737;-11,43029;20,63865;103,5062;93,73177;-7,366017;58,48489;103,5771;93,79083;-12,07378;83,49284;103,3227;93,87057;-13,36859;83,17056;103,3113;94,1456;1,122437;1,161232;0;5,011825;0,141678;-0,010414;0;-0,000458;0,16777;-0,010071;0;0;0;0;0;0;0;0;0;0;9,420779;42,80547;0;300,737;15,32593;-1,146698;0;-0,054932;10,06622;-0,604248;0;0;0;0;0;0;0;0;0;0
104;1733,333;00:00:01:733;0;0;0;-3,519914;0,050068;3,621712;-4,504499;-3,302858;6,850036;-5,127808;-6,145372;9,714313;-3,840878;-7,589942;12,16555;-2,370207;0;3,621712;-2,370207;0,05009;11,17456;-1,433249;-1,710393;15,84866;-1,707963;-3,959196;14,3698;-2,012722;-2,646876;12,68745;-0,895299;-0,03505;3,621712;-0,101118;0,01504;11,13133;0,293558;-4,775407;14,06866;-0,176809;-5,727652;11,20429;-0,316805;-3,293624;10,59522;0,443679;-0,000078;3,621712;1,958848;0,050012;10,3956;1,956898;-4,900703;10,96029;1,291642;-4,5595;8,264793;1,299567;-2,064208;8,756452;1,743431;-0,000171;3,621712;3,958467;0,049919;9,102249;3,988765;-3,889036;9,573995;3,469581;-3,655621;7,623217;3,475602;-1,393009;8,065563;0;0;0;-30,82231;-37,79729;117,8667;-27,40918;-37,79729;117,8667;8,258572;-37,51559;118,2911;8,258577;-37,5156;118,2911;-0,379977;0;0;20,2177;11,42942;-0,260772;123,8615;11,17915;0,447318;-142,5209;10,39084;-0,163035;-142,4874;10,24937;0,024423;-0,380045;6,036885;0;58,27934;7,366598;0,178479;161,7179;9,081593;-0,750423;-104,2202;9,372036;0,928695;-104,2291;9,583127;0,874455;-0,413454;12,60826;0;83,34498;12,07381;-1,420641;-173,3397;14,03063;-1,43514;-78,55447;13,04496;2,434527;-78,54193;13,30987;2,489643;-0,485496;22,00679;0;82,97962;13,36752;-1,190102;-173,7158;15,03487;-1,205828;-78,59131;14,0729;2,656634;-78,57709;14,35102;2,714563;0;0;0;0;0;0;0,024967;-0,000559;0,007018;0,046603;-0,000089;0,012159;0,061311;0,007376;0,008762;0;0;0;0;0;0;0,004487;0;-0,000894;0,00323;0;-0,000626;0,001576;0;-0,000358;0;0;0;0;0;0;-0,000363;-0,000022;0;-0,000053;0;-0,000045;0,000036;-0,000022;-0,000045;0;0;0;0;0;0;0;0;0;0;0;0;0;0;0;0;0;0;0;0;0;0;0;0;0;0;0;0;0;0;0;0;0;0;0;0;4,455149;3,309846;4,795789;8,349715;6,352812;8,660851;-2,346933;0,807345;10,98633;0;0;0;0;0;0;0,975653;-0,003353;-0,193119;0,701398;-0,002682;-0,144839;0,341982;-0,000671;-0,080466;0;0;0;0;0;0;0,541136;-0,001341;-0,069737;0,070408;0;0,005364;-0,056326;-0,002682;0,029504;0;0;0;0;0;0;0;0;0;0;0;0;0;0;0;0;0;0;0;0;0;0;0;0;0;0;0;0;0;0;5,296077;5,774373;8,281296;10,42798;46,08464;21,96086;3,413116;35,92736;-11,43118;20,6387;103,5062;93,73175;-7,36591;58,48488;103,5771;93,79084;-12,07378;83,49284;103,3227;93,87057;-13,36859;83,17056;103,3113;94,1456;-0,057678;-0,440254;-0,003448;-0,000458;-0,053787;0,003433;0,000458;-0,000916;0,006409;-0,000458;0,000458;0,000458;0;0;0;0;0;0;0;0;-70,80688;-96,08916;-0,206852;-300,737;-11,7279;0,830841;0,027466;-0,027466;-9,681701;0,576782;0,027466;0,027466;0;0;0;0;0;0;0;0
105;1750;00:00:01:750;0;0;0;-3,519914;0,050068;3,621712;-4,505151;-3,302862;6,849832;-5,129025;-6,145406;9,713957;-3,842481;-7,590181;12,16528;-2,370207;0;3,621712;-2,370207;0,05009;11,17456;-1,433278;-1,710393;15,84866;-1,707984;-3,959196;14,36981;-2,012732;-2,646876;12,68745;-0,895299;-0,03505;3,621712;-0,101118;0,01504;11,13133;0,293298;-4,775408;14,0687;-0,176843;-5,727651;11,20428;-0,316777;-3,293623;10,5952;0,443679;-0,000078;3,621712;1,958848;0,050012;10,3956;1,956898;-4,900703;10,96029;1,291642;-4,5595;8,264793;1,299567;-2,064208;8,756452;1,743431;-0,000171;3,621712;3,958467;0,049919;9,102249;3,988765;-3,889036;9,573995;3,469581;-3,655621;7,623217;3,475602;-1,393009;8,065563;0;0;0;-30,82974;-37,79623;117,8656;-27,41661;-37,79625;117,8656;8,25119;-37,5145;118,2899;8,251192;-37,51451;118,2899;-0,379977;0;0;20,2177;11,42908;-0,260793;123,8615;11,17881;0,447294;-142,521;10,3905;-0,163056;-142,4874;10,24902;0,024399;-0,380045;6,036885;0;58,27931;7,361979;0,178194;161,7179;9,076972;-0,750698;-104,2203;9,367414;0,928399;-104,2292;9,578504;0,87416;-0,413454;12,60826;0;83,34498;12,07381;-1,420641;-173,3397;14,03063;-1,43514;-78,55447;13,04496;2,434527;-78,54193;13,30987;2,489643;-0,485496;22,00679;0;82,97962;13,36752;-1,190102;-173,7158;15,03487;-1,205828;-78,59131;14,0729;2,656634;-78,57709;14,35102;2,714563;0;0;0;0;0;0;-0,039138;-0,000291;-0,012204;-0,073068;-0,002034;-0,021324;-0,096202;-0,014395;-0,016361;0;0;0;0;0;0;-0,00171;-0,000011;0,000358;-0,001229;0;0,000179;-0,000592;-0,000011;0,000179;0;0;0;0;0;0;-0,015618;-0,000022;0,002146;-0,00204;0,000045;-0,000179;0,001623;0,000067;-0,000939;0;0;0;0;0;0;0;0;0;0;0;0;0;0;0;0;0;0;0;0;0;0;0;0;0;0;0;0;0;0;0;0;0;0;0;0;-3,846287;0,016093;-1,15335;-7,180273;-0,116676;-2,008974;-9,450762;-1,306236;-1,507401;0;0;0;0;0;0;-0,371821;-0,000671;0,075102;-0,26755;0;0,04828;-0,130087;-0,000671;0,032187;0;0;0;0;0;0;-0,915304;0;0,128746;-0,119191;0,002682;-0,008047;0,095218;0,005364;-0,053644;0;0;0;0;0;0;0;0;0;0;0;0;0;0;0;0;0;0;0;0;0;0;0;0;0;0;0;0;0;0;5,296878;5,775477;8,282339;10,42914;46,08649;21,97245;3,413059;35,92736;-11,43084;20,63868;103,5061;93,73176;-7,3613;58,48458;103,5771;93,79082;-12,07378;83,49284;103,3227;93,87057;-13,36859;83,17056;103,3113;94,1456;0,11055;0,695801;-0,003448;0;0,020657;-0,001259;-0,000916;0,000458;0,276575;-0,018082;0;-0,000916;0;0;0;0;0;0;0;0;10,09369;68,16329;0;0,027466;4,466629;-0,281525;-0,082397;0,082397;16,20998;-1,057434;-0,027466;-0,082397;0;0;0;0;0;0;0;0
106;1766,667;00:00:01:767;0;0;0;-3,519914;0,050068;3,621712;-4,505151;-3,302862;6,849832;-5,129025;-6,145406;9,713957;-3,842481;-7,590181;12,16528;-2,370207;0;3,621712;-2,370207;0,05009;11,17456;-1,433278;-1,710393;15,84866;-1,707984;-3,959196;14,36981;-2,012732;-2,646876;12,68745;-0,895299;-0,03505;3,621712;-0,101118;0,01504;11,13133;0,293298;-4,775408;14,0687;-0,176843;-5,727651;11,20428;-0,316777;-3,293623;10,5952;0,443679;-0,000078;3,621712;1,958848;0,050012;10,3956;1,956898;-4,900703;10,96029;1,291642;-4,5595;8,264793;1,299567;-2,064208;8,756452;1,743431;-0,000171;3,621712;3,958467;0,049919;9,102249;3,988765;-3,889036;9,573995;3,469581;-3,655621;7,623217;3,475602;-1,393009;8,065563;0;0;0;-30,82974;-37,79623;117,8656;-27,41661;-37,79625;117,8656;8,25119;-37,5145;118,2899;8,251192;-37,51451;118,2899;-0,379977;0;0;20,2177;11,42908;-0,260793;123,8615;11,17881;0,447294;-142,521;10,3905;-0,163056;-142,4874;10,24902;0,024399;-0,380045;6,036885;0;58,27931;7,361979;0,178194;161,7179;9,076972;-0,750698;-104,2203;9,367414;0,928399;-104,2292;9,578504;0,87416;-0,413454;12,60826;0;83,34498;12,07381;-1,420641;-173,3397;14,03063;-1,43514;-78,55447;13,04496;2,434527;-78,54193;13,30987;2,489643;-0,485496;22,00679;0;82,97962;13,36752;-1,190102;-173,7158;15,03487;-1,205828;-78,59131;14,0729;2,656634;-78,57709;14,35102;2,714563;0;0;0;0;0;0;0;0;0;0;0;0;0;0;0;0;0;0;0;0;0;0;0;0;0;0;0;0;0;0;0;0;0;0;0;0;0;0;0;0;0;0;0;0;0;0;0;0;0;0;0;0;0;0;0;0;0;0;0;0;0;0;0;0;0;0;0;0;0;0;0;0;0;0;0;0;0;0;0;0;0;2,348274;0,017434;0,732243;4,38407;0,122041;1,279413;5,772113;0,863671;0,981688;0;0;0;0;0;0;0,102595;0,000671;-0,021458;0,073761;0;-0,010729;0,035539;0,000671;-0,010729;0;0;0;0;0;0;0,937097;0,001341;-0,128746;0,122376;-0,002682;0,010729;-0,097398;-0,004023;0,056326;0;0;0;0;0;0;0;0;0;0;0;0;0;0;0;0;0;0;0;0;0;0;0;0;0;0;0;0;0;0;5,296878;5,775477;8,282339;10,42914;46,08649;21,97245;3,413059;35,92736;-11,43084;20,63868;103,5061;93,73176;-7,3613;58,48458;103,5771;93,79082;-12,07378;83,49284;103,3227;93,87057;-13,36859;83,17056;103,3113;94,1456;0;0;0;0;0;0;0;0;0;0;0;0;0;0;0;0;0;0;0;0;-6,632995;-41,74804;0,206852;0;-1,239395;0,075531;0,054932;-0,027466;-16,59451;1,0849;0;0,054932;0;0;0;0;0;0;0;0
107;1783,333;00:00:01:783;0;0;0;-3,519914;0,050068;3,621712;-4,526689;-3,307009;6,838859;-5,169283;-6,153976;9,694438;-3,893324;-7,60631;12,14682;-2,370207;0;3,621712;-2,370207;0,05009;11,17456;-1,434856;-1,710386;15,84898;-1,709118;-3,959192;14,37005;-2,013284;-2,646875;12,68758;-0,895299;-0,03505;3,621712;-0,101118;0,01504;11,13133;0,293102;-4,775409;14,06872;-0,176868;-5,727651;11,20428;-0,316757;-3,293622;10,59519;0,443679;-0,000078;3,621712;1,958848;0,050012;10,3956;1,956898;-4,900703;10,96029;1,291642;-4,5595;8,264793;1,299567;-2,064208;8,756452;1,743431;-0,000171;3,621712;3,958467;0,049919;9,102249;3,988765;-3,889036;9,573995;3,469581;-3,655621;7,623217;3,475602;-1,393009;8,065563;0;0;0;-31,13461;-37,81174;117,8822;-27,7215;-37,81175;117,8823;8,003003;-37,52822;118,3047;8,003;-37,52823;118,3047;-0,379977;0;0;20,21747;11,41015;-0,261965;123,8611;11,15988;0,446079;-142,5212;10,37157;-0,16423;-142,4877;10,2301;0,023216;-0,380045;6,036885;0;58,27928;7,358513;0,177979;161,718;9,073503;-0,750904;-104,2204;9,36395;0,928173;-104,2293;9,575038;0,873936;-0,413454;12,60826;0;83,34498;12,07381;-1,420641;-173,3397;14,03063;-1,43514;-78,55447;13,04496;2,434527;-78,54193;13,30987;2,489643;-0,485496;22,00679;0;82,97962;13,36752;-1,190102;-173,7158;15,03487;-1,205828;-78,59131;14,0729;2,656634;-78,57709;14,35102;2,714563;0;0;0;0;0;0;-1,292266;-0,248775;-0,658393;-2,415441;-0,514247;-1,171142;-3,050565;-0,967696;-1,107216;0;0;0;0;0;0;-0,094699;0,000425;0,019133;-0,06805;0,000268;0,014484;-0,033159;0,000078;0,007868;0;0;0;0;0;0;-0,011723;-0,000067;0,001431;-0,001531;0;-0,000224;0,001213;0,000022;-0,000715;0;0;0;0;0;0;0;0;0;0;0;0;0;0;0;0;0;0;0;0;0;0;0;0;0;0;0;0;0;0;0;0;0;0;0;0;-77,53594;-14,92649;-39,50357;-144,9264;-30,85479;-70,2685;-183,0339;-58,06177;-66,43294;0;0;0;0;0;0;-5,681924;0,025481;1,147985;-4,082992;0,016093;0,869036;-1,989528;0,004694;0,472069;0;0;0;0;0;0;-0,703409;-0,004023;0,085831;-0,091866;0;-0,013411;0,072755;0,001341;-0,042915;0;0;0;0;0;0;0;0;0;0;0;0;0;0;0;0;0;0;0;0;0;0;0;0;0;0;0;0;0;0;5,331319;5,813662;8,317189;10,46723;46,21933;22,37703;3,413059;35,98304;-11,41192;20,63732;103,5061;93,73178;-7,357835;58,48437;103,5771;93,79082;-12,07378;83,49284;103,3227;93,87057;-13,36859;83,17056;103,3113;94,1456;7,970352;24,27486;0;3,34053;1,135139;-0,08194;0;0,001373;0,207939;-0,012589;-0,000458;0;0;0;0;0;0;0;0;0;478,2211;1456,492;0;200,4318;68,10837;-4,916381;0;0,082397;12,47635;-0,75531;-0,027466;0;0;0;0;0;0;0;0;0
108;1800;00:00:01:800;0;0;0;-3,519914;0,050068;3,621712;-4,526689;-3,307009;6,838859;-5,169283;-6,153976;9,694438;-3,893324;-7,60631;12,14682;-2,370207;0;3,621712;-2,370207;0,05009;11,17456;-1,434856;-1,710386;15,84898;-1,709118;-3,959192;14,37005;-2,013284;-2,646875;12,68758;-0,895299;-0,03505;3,621712;-0,101118;0,01504;11,13133;0,293102;-4,775409;14,06872;-0,176868;-5,727651;11,20428;-0,316757;-3,293622;10,59519;0,443679;-0,000078;3,621712;1,958848;0,050012;10,3956;1,956898;-4,900703;10,96029;1,291642;-4,5595;8,264793;1,299567;-2,064208;8,756452;1,743431;-0,000171;3,621712;3,958467;0,049919;9,102249;3,988765;-3,889036;9,573995;3,469581;-3,655621;7,623217;3,475602;-1,393009;8,065563;0;0;0;-31,13461;-37,81174;117,8822;-27,7215;-37,81175;117,8823;8,003003;-37,52822;118,3047;8,003;-37,52823;118,3047;-0,379977;0;0;20,21747;11,41015;-0,261965;123,8611;11,15988;0,446079;-142,5212;10,37157;-0,16423;-142,4877;10,2301;0,023216;-0,380045;6,036885;0;58,27928;7,358513;0,177979;161,718;9,073503;-0,750904;-104,2204;9,36395;0,928173;-104,2293;9,575038;0,873936;-0,413454;12,60826;0;83,34498;12,07381;-1,420641;-173,3397;14,03063;-1,43514;-78,55447;13,04496;2,434527;-78,54193;13,30987;2,489643;-0,485496;22,00679;0;82,97962;13,36752;-1,190102;-173,7158;15,03487;-1,205828;-78,59131;14,0729;2,656634;-78,57709;14,35102;2,714563;0;0;0;0;0;0;0;0;0;0;0;0;0;0;0;0;0;0;0;0;0;0;0;0;0;0;0;0;0;0;0;0;0;0;0;0;0;0;0;0;0;0;0;0;0;0;0;0;0;0;0;0;0;0;0;0;0;0;0;0;0;0;0;0;0;0;0;0;0;0;0;0;0;0;0;0;0;0;0;0;0;77,53594;14,92649;39,50357;144,9264;30,85479;70,2685;183,0339;58,06177;66,43294;0;0;0;0;0;0;5,681924;-0,025481;-1,147985;4,082992;-0,016093;-0,869036;1,989528;-0,004694;-0,472069;0;0;0;0;0;0;0,703409;0,004023;-0,085831;0,091866;0;0,013411;-0,072755;-0,001341;0,042915;0;0;0;0;0;0;0;0;0;0;0;0;0;0;0;0;0;0;0;0;0;0;0;0;0;0;0;0;0;0;5,331319;5,813662;8,317189;10,46723;46,21933;22,37703;3,413059;35,98304;-11,41192;20,63732;103,5061;93,73178;-7,357835;58,48437;103,5771;93,79082;-12,07378;83,49284;103,3227;93,87057;-13,36859;83,17056;103,3113;94,1456;7,970352;24,27486;0;3,34053;1,135139;-0,08194;0;0,001373;0,207939;-0,012589;-0,000458;0;0;0;0;0;0;0;0;0;478,2211;1456,492;0;200,4318;68,10837;-4,916381;0;0,082397;12,47635;-0,75531;-0,027466;0;0;0;0;0;0;0;0;0
109;1816,667;00:00:01:817;0;0;0;-3,519914;0,050068;3,621712;-4,529875;-3,309292;6,835475;-5,175255;-6,158365;9,688325;-3,901378;-7,613081;12,14038;-2,370207;0;3,621712;-2,370207;0,05009;11,17456;-1,435024;-1,710386;15,84902;-1,709238;-3,959192;14,37007;-2,013343;-2,646875;12,6876;-0,895299;-0,03505;3,621712;-0,101118;0,01504;11,13133;0,292906;-4,775409;14,06875;-0,176894;-5,72765;11,20428;-0,316737;-3,293622;10,59518;0,443679;-0,000078;3,621712;1,958848;0,050012;10,3956;1,956898;-4,900703;10,96029;1,291642;-4,5595;8,264793;1,299567;-2,064208;8,756452;1,743431;-0,000171;3,621712;3,958467;0,049919;9,102249;3,988765;-3,889036;9,573995;3,469581;-3,655621;7,623217;3,475602;-1,393009;8,065563;0;0;0;-31,20454;-37,83492;117,9071;-27,79142;-37,83493;117,9071;7,933124;-37,55099;118,3293;7,933125;-37,551;118,3293;-0,379977;0;0;20,21745;11,40814;-0,26209;123,861;11,15788;0,445949;-142,5212;10,36957;-0,164355;-142,4877;10,22809;0,02309;-0,380045;6,036885;0;58,27925;7,355022;0,177763;161,718;9,070017;-0,751112;-104,2205;9,360461;0,927949;-104,2294;9,57155;0,873712;-0,413454;12,60826;0;83,34498;12,07381;-1,420641;-173,3397;14,03063;-1,43514;-78,55447;13,04496;2,434527;-78,54193;13,30987;2,489643;-0,485496;22,00679;0;82,97962;13,36752;-1,190102;-173,7158;15,03487;-1,205828;-78,59131;14,0729;2,656634;-78,57709;14,35102;2,714563;0;0;0;0;0;0;-0,191152;-0,136972;-0,202999;-0,358321;-0,263281;-0,366747;-0,483267;-0,40631;-0,386596;0;0;0;0;0;0;-0,010053;0,000045;0,001967;-0,007231;0,000022;0,00152;-0,003532;0;0,000894;0;0;0;0;0;0;-0,011796;-0,000022;0,001609;-0,001548;0,000045;-0,000179;0,001227;0,000045;-0,000715;0;0;0;0;0;0;0;0;0;0;0;0;0;0;0;0;0;0;0;0;0;0;0;0;0;0;0;0;0;0;0;0;0;0;0;0;-11,46912;-8,218287;-12,17991;-21,49924;-15,79687;-22,00484;-28,99602;-24,3786;-23,19574;0;0;0;0;0;0;-0,603162;0,002682;0,118017;-0,433847;0,001341;0,091195;-0,211895;0;0,053644;0;0;0;0;0;0;-0,707768;-0,001341;0,09656;-0,092871;0,002682;-0,010729;0,073593;0,002682;-0,042915;0;0;0;0;0;0;0;0;0;0;0;0;0;0;0;0;0;0;0;0;0;0;0;0;0;0;0;0;0;0;5,341099;5,821944;8,32411;10,47441;46,26891;22,44594;3,413174;35,98305;-11,4099;20,63717;103,5061;93,73177;-7,354341;58,48416;103,5771;93,79082;-12,07378;83,49284;103,3227;93,87057;-13,36859;83,17056;103,3113;94,1456;2,975006;4,134521;0,006895;0,000687;0,121136;-0,008698;0;-0,000458;0,209656;-0,012817;0;0;0;0;0;0;0;0;0;0;-299,7207;-1208,42;0,413704;-200,3906;-60,84022;4,394531;0;-0,109863;0,102997;-0,013733;0,027466;0;0;0;0;0;0;0;0;0
110;1833,333;00:00:01:833;0;0;0;-3,519914;0,050068;3,621712;-4,528;-3,309527;6,835817;-5,171756;-6,158733;9,6889;-3,896785;-7,61301;12,14065;-2,370207;0;3,621712;-2,370207;0,05009;11,17456;-1,433356;-1,710393;15,84868;-1,70804;-3,959196;14,36982;-2,012759;-2,646876;12,68746;-0,895299;-0,03505;3,621712;-0,101118;0,01504;11,13133;0,292998;-4,775409;14,06874;-0,176882;-5,727651;11,20428;-0,316746;-3,293622;10,59518;0,443679;-0,000078;3,621712;1,958848;0,050012;10,3956;1,956898;-4,900703;10,96029;1,291642;-4,5595;8,264793;1,299567;-2,064208;8,756452;1,743431;-0,000171;3,621712;3,958467;0,049919;9,102249;3,988765;-3,889036;9,573995;3,469581;-3,655621;7,623217;3,475602;-1,393009;8,065563;0;0;0;-31,18674;-37,84094;117,9136;-27,77363;-37,84096;117,9136;7,950794;-37,55712;118,3359;7,950798;-37,55713;118,3359;-0,379977;0;0;20,21769;11,42814;-0,260852;123,8615;11,17787;0,447235;-142,521;10,38956;-0,163115;-142,4874;10,24808;0,024341;-0,380045;6,036885;0;58,27925;7,356659;0,177864;161,718;9,071652;-0,751014;-104,2204;9,362096;0,928057;-104,2293;9,573185;0,87382;-0,413454;12,60826;0;83,34498;12,07381;-1,420641;-173,3397;14,03063;-1,43514;-78,55447;13,04496;2,434527;-78,54193;13,30987;2,489643;-0,485496;22,00679;0;82,97962;13,36752;-1,190102;-173,7158;15,03487;-1,205828;-78,59131;14,0729;2,656634;-78,57709;14,35102;2,714563;0;0;0;0;0;0;0,112474;-0,014149;0,020474;0,209928;-0,022128;0,034511;0,275552;0,004292;0,016004;0;0;0;0;0;0;0,100058;-0,000425;-0,020206;0,071894;-0,000291;-0,015289;0,035036;-0,000078;-0,008404;0;0;0;0;0;0;0,005532;0;-0,000715;0,000726;-0,000045;0,000089;-0,000576;-0,000022;0,000358;0;0;0;0;0;0;0;0;0;0;0;0;0;0;0;0;0;0;0;0;0;0;0;0;0;0;0;0;0;0;0;0;0;0;0;0;18,21756;7,369369;13,40836;34,0949;14,46918;24,0755;45,52915;24,63609;24,15597;0;0;0;0;0;0;6,606616;-0,028163;-1,330375;4,747509;-0,018775;-1,00851;2,314075;-0,004694;-0,557899;0;0;0;0;0;0;1,039691;0,001341;-0,139475;0,136457;-0,005364;0,016093;-0,108127;-0,004023;0,064373;0;0;0;0;0;0;0;0;0;0;0;0;0;0;0;0;0;0;0;0;0;0;0;0;0;0;0;0;0;0;5,339573;5,819128;8,321302;10,47124;46,26787;22,41376;3,413116;35,98304;-11,42991;20,63861;103,5062;93,73176;-7,355994;58,48425;103,5771;93,79082;-12,07378;83,49284;103,3227;93,87057;-13,36859;83,17056;103,3113;94,1456;-0,062256;-1,931076;-0,003448;-0,000687;-1,200428;0,08606;0,000458;-0,000916;-0,09922;0,005722;0,000458;-0,000458;0;0;0;0;0;0;0;0;-182,2357;-363,9358;-0,620556;-0,082397;-79,29381;5,685424;0,027466;-0,027466;-18,53256;1,112366;0,027466;-0,027466;0;0;0;0;0;0;0;0
111;1850;00:00:01:850;0;0;0;-3,519914;0,050068;3,621712;-4,528665;-3,308142;6,837057;-5,172984;-6,156168;9,691191;-3,898292;-7,609807;12,14346;-2,370207;0;3,621712;-2,370207;0,05009;11,17456;-1,433337;-1,710393;15,84868;-1,708026;-3,959196;14,36982;-2,012752;-2,646876;12,68746;-0,895299;-0,03505;3,621712;-0,101118;0,01504;11,13133;0,292856;-4,775409;14,06875;-0,176901;-5,72765;11,20428;-0,316732;-3,293621;10,59518;0,443679;-0,000078;3,621712;1,958848;0,050012;10,3956;1,956898;-4,900703;10,96029;1,291642;-4,5595;8,264793;1,299567;-2,064208;8,756452;1,743431;-0,000171;3,621712;3,958467;0,049919;9,102249;3,988765;-3,889036;9,573995;3,469581;-3,655621;7,623217;3,475602;-1,393009;8,065563;0;0;0;-31,17379;-37,82258;117,8939;-27,76068;-37,8226;117,8939;7,963882;-37,53883;118,3162;7,963886;-37,53883;118,3162;-0,379977;0;0;20,21769;11,42837;-0,260837;123,8615;11,1781;0,44725;-142,521;10,38979;-0,163101;-142,4874;10,24831;0,024355;-0,380045;6,036885;0;58,27923;7,354144;0,177708;161,718;9,069139;-0,751164;-104,2204;9,359584;0,927895;-104,2293;9,57067;0,873658;-0,413454;12,60826;0;83,34498;12,07381;-1,420641;-173,3397;14,03063;-1,43514;-78,55447;13,04496;2,434527;-78,54193;13,30987;2,489643;-0,485496;22,00679;0;82,97962;13,36752;-1,190102;-173,7158;15,03487;-1,205828;-78,59131;14,0729;2,656634;-78,57709;14,35102;2,714563;0;0;0;0;0;0;-0,039876;0,083148;0,074387;-0,073649;0,153892;0,137419;-0,090368;0,19218;0,168845;0;0;0;0;0;0;0,001146;-0,000011;-0,000179;0,000838;0;-0,000179;0,000414;0,000011;-0,000089;0;0;0;0;0;0;-0,008505;0;0,001073;-0,001115;0,000045;-0,000134;0,000883;0,000045;-0,000536;0;0;0;0;0;0;0;0;0;0;0;0;0;0;0;0;0;0;0;0;0;0;0;0;0;0;0;0;0;0;0;0;0;0;0;0;-9,140966;5,837827;3,234744;-17,01459;10,5612;6,174444;-21,95522;11,27332;9,170471;0;0;0;0;0;0;-5,934722;0,02481;1,201629;-4,263371;0,017434;0,906587;-2,07737;0,005364;0,498891;0;0;0;0;0;0;-0,842214;0;0,107288;-0,110474;0,005364;-0,013411;0,087507;0,004023;-0,053644;0;0;0;0;0;0;0;0;0;0;0;0;0;0;0;0;0;0;0;0;0;0;0;0;0;0;0;0;0;0;5,336841;5,818438;8,321253;10,47149;46,24501;22,41823;3,413059;35,98305;-11,43013;20,63863;103,5062;93,73176;-7,35346;58,48409;103,5771;93,79082;-12,07378;83,49284;103,3227;93,87057;-13,36859;83,17056;103,3113;94,1456;-1,37146;0,268364;-0,003448;0,000687;-0,013447;0,001144;0,000458;0;0,152035;-0,009842;0;0,000458;0;0;0;0;0;0;0;0;-78,55224;131,9664;0;0,082397;71,21886;-5,094909;0;0,054932;15,0753;-0,933838;-0,027466;0,054932;0;0;0;0;0;0;0;0
112;1866,667;00:00:01:867;0;0;0;-3,519914;0,050068;3,621712;-4,528665;-3,308142;6,837057;-5,172984;-6,156168;9,691191;-3,898292;-7,609807;12,14346;-2,370207;0;3,621712;-2,370207;0,05009;11,17456;-1,433337;-1,710393;15,84868;-1,708026;-3,959196;14,36982;-2,012752;-2,646876;12,68746;-0,895299;-0,03505;3,621712;-0,101118;0,01504;11,13133;0,292856;-4,775409;14,06875;-0,176901;-5,72765;11,20428;-0,316732;-3,293621;10,59518;0,443679;-0,000078;3,621712;1,958848;0,050012;10,3956;1,956898;-4,900703;10,96029;1,291642;-4,5595;8,264793;1,299567;-2,064208;8,756452;1,743431;-0,000171;3,621712;3,958467;0,049919;9,102249;3,988765;-3,889036;9,573995;3,469581;-3,655621;7,623217;3,475602;-1,393009;8,065563;0;0;0;-31,17379;-37,82258;117,8939;-27,76068;-37,8226;117,8939;7,963882;-37,53883;118,3162;7,963886;-37,53883;118,3162;-0,379977;0;0;20,21769;11,42837;-0,260837;123,8615;11,1781;0,44725;-142,521;10,38979;-0,163101;-142,4874;10,24831;0,024355;-0,380045;6,036885;0;58,27923;7,354144;0,177708;161,718;9,069139;-0,751164;-104,2204;9,359584;0,927895;-104,2293;9,57067;0,873658;-0,413454;12,60826;0;83,34498;12,07381;-1,420641;-173,3397;14,03063;-1,43514;-78,55447;13,04496;2,434527;-78,54193;13,30987;2,489643;-0,485496;22,00679;0;82,97962;13,36752;-1,190102;-173,7158;15,03487;-1,205828;-78,59131;14,0729;2,656634;-78,57709;14,35102;2,714563;0;0;0;0;0;0;0;0;0;0;0;0;0;0;0;0;0;0;0;0;0;0;0;0;0;0;0;0;0;0;0;0;0;0;0;0;0;0;0;0;0;0;0;0;0;0;0;0;0;0;0;0;0;0;0;0;0;0;0;0;0;0;0;0;0;0;0;0;0;0;0;0;0;0;0;0;0;0;0;0;0;2,39253;-4,988908;-4,463195;4,418939;-9,233503;-8,245109;5,422085;-11,53082;-10,1307;0;0;0;0;0;0;-0,068732;0,000671;0,010729;-0,050291;0;0,010729;-0,02481;-0,000671;0,005364;0;0;0;0;0;0;0,51029;0;-0,064373;0,066888;-0,002682;0,008047;-0,052974;-0,002682;0,032187;0;0;0;0;0;0;0;0;0;0;0;0;0;0;0;0;0;0;0;0;0;0;0;0;0;0;0;0;0;0;5,336841;5,818438;8,321253;10,47149;46,24501;22,41823;3,413059;35,98305;-11,43013;20,63863;103,5062;93,73176;-7,35346;58,48409;103,5771;93,79082;-12,07378;83,49284;103,3227;93,87057;-13,36859;83,17056;103,3113;94,1456;-1,37146;0,268364;-0,003448;0,000687;-0,013447;0,001144;0,000458;0;0,152035;-0,009842;0;0,000458;0;0;0;0;0;0;0;0;-78,55224;131,9664;0;0,082397;71,21886;-5,094909;0;0,054932;15,0753;-0,933838;-0,027466;0,054932;0;0;0;0;0;0;0;0
113;1883,333;00:00:01:883;0;0;0;-3,519914;0,050068;3,621712;-4,533188;-3,306214;6,837646;-5,181411;-6,15274;9,692393;-3,909247;-7,606614;12,14584;-2,370207;0;3,621712;-2,370207;0,05009;11,17456;-1,437155;-1,710376;15,84944;-1,71077;-3,959185;14,3704;-2,014089;-2,646873;12,68778;-0,895299;-0,03505;3,621712;-0,101118;0,01504;11,13133;0,292726;-4,77541;14,06877;-0,176918;-5,72765;11,20428;-0,316718;-3,293621;10,59517;0,443679;-0,000078;3,621712;1,958848;0,050012;10,3956;1,956898;-4,900703;10,96029;1,291642;-4,5595;8,264793;1,299567;-2,064208;8,756452;1,743431;-0,000171;3,621712;3,958467;0,049919;9,102249;3,988765;-3,889036;9,573995;3,469581;-3,655621;7,623217;3,475602;-1,393009;8,065563;0;0;0;-31,1967;-37,79115;117,8601;-27,78358;-37,79116;117,8601;7,941324;-37,50727;118,2821;7,941323;-37,50729;118,2822;-0,379977;0;0;20,21713;11,38259;-0,263671;123,8604;11,13233;0,444308;-142,5216;10,34402;-0,165939;-142,4882;10,20254;0,021493;-0,380045;6,036885;0;58,27922;7,351839;0,177566;161,718;9,066831;-0,751301;-104,2205;9,357275;0,927746;-104,2295;9,568367;0,873506;-0,413454;12,60826;0;83,34498;12,07381;-1,420641;-173,3397;14,03063;-1,43514;-78,55447;13,04496;2,434527;-78,54193;13,30987;2,489643;-0,485496;22,00679;0;82,97962;13,36752;-1,190102;-173,7158;15,03487;-1,205828;-78,59131;14,0729;2,656634;-78,57709;14,35102;2,714563;0;0;0;0;0;0;-0,271395;0,115648;0,035405;-0,505641;0,205725;0,072151;-0,657298;0,191599;0,142559;0;0;0;0;0;0;-0,229066;0,001039;0,046134;-0,164598;0,000693;0,034869;-0,08022;0,00019;0,019223;0;0;0;0;0;0;-0,007801;-0,000045;0,000983;-0,001014;0;-0,000089;0,000805;0,000022;-0,000536;0;0;0;0;0;0;0;0;0;0;0;0;0;0;0;0;0;0;0;0;0;0;0;0;0;0;0;0;0;0;0;0;0;0;0;0;-16,28369;6,938874;2,124309;-30,33846;12,34352;4,329084;-39,43785;11,49595;8,553563;0;0;0;0;0;0;-13,74397;0,062361;2,768039;-9,875892;0,041574;2,092123;-4,813223;0,011399;1,15335;0;0;0;0;0;0;-0,468045;-0,002682;0,059009;-0,060853;0;-0,005364;0,04828;0,001341;-0,032187;0;0;0;0;0;0;0;0;0;0;0;0;0;0;0;0;0;0;0;0;0;0;0;0;0;0;0;0;0;0;5,337073;5,823465;8,326941;10,47824;46,22335;22,48859;3,413116;35,98305;-11,38437;20,63533;103,5062;93,73177;-7,351164;58,48396;103,5771;93,79083;-12,07378;83,49284;103,3227;93,87057;-13,36859;83,17056;103,3113;94,1456;-1,29982;4,221382;0,003448;0;2,745437;-0,19764;-0,000458;0,000458;0,137758;-0,007782;-0,000458;0,000458;0;0;0;0;0;0;0;0;4,298401;237,1811;0,413704;-0,041199;165,533;-11,92703;-0,054932;0,027466;-0,856589;0,123596;-0,027466;0;0;0;0;0;0;0;0;0
114;1900;00:00:01:900;0;0;0;-3,519914;0,050068;3,621712;-4,545958;-3,302459;6,837515;-5,205222;-6,14621;9,692499;-3,940343;-7,601772;12,14871;-2,370207;0;3,621712;-2,370207;0,05009;11,17456;-1,431981;-1,710399;15,8484;-1,707052;-3,9592;14,36961;-2,012278;-2,646877;12,68734;-0,895299;-0,03505;3,621712;-0,101118;0,01504;11,13133;0,292701;-4,77541;14,06877;-0,176921;-5,72765;11,20427;-0,316716;-3,293621;10,59517;0,443679;-0,000078;3,621712;1,958848;0,050012;10,3956;1,956898;-4,900703;10,96029;1,291642;-4,5595;8,264793;1,299567;-2,064208;8,756452;1,743431;-0,000171;3,621712;3,958467;0,049919;9,102249;3,988765;-3,889036;9,573995;3,469581;-3,655621;7,623217;3,475602;-1,393009;8,065563;0;0;0;-31,2868;-37,72362;117,7878;-27,87367;-37,72364;117,7878;7,852216;-37,43922;118,2088;7,852221;-37,43922;118,2088;-0,379977;0;0;20,2179;11,44463;-0,25983;123,8619;11,19435;0,448296;-142,5207;10,40605;-0,162092;-142,4871;10,26457;0,025372;-0,380045;6,036885;0;58,27921;7,351396;0,177539;161,718;9,066388;-0,751327;-104,2205;9,356835;0,927717;-104,2294;9,567926;0,873479;-0,413454;12,60826;0;83,34498;12,07381;-1,420641;-173,3397;14,03063;-1,43514;-78,55447;13,04496;2,434527;-78,54193;13,30987;2,489643;-0,485496;22,00679;0;82,97962;13,36752;-1,190102;-173,7158;15,03487;-1,205828;-78,59131;14,0729;2,656634;-78,57709;14,35102;2,714563;0;0;0;0;0;0;-0,766173;0,225328;-0,007868;-1,428634;0,391781;0,006348;-1,865789;0,290483;0,172198;0;0;0;0;0;0;0,310443;-0,001431;-0,062585;0,223059;-0,000916;-0,047207;0,108708;-0,000268;-0,026107;0;0;0;0;0;0;-0,001486;0;0,000268;-0,000196;0;-0,000045;0,000156;0;-0,000089;0;0;0;0;0;0;0;0;0;0;0;0;0;0;0;0;0;0;0;0;0;0;0;0;0;0;0;0;0;0;0;0;0;0;0;0;-29,68669;6,580799;-2,596378;-55,37957;11,16335;-3,948211;-72,50948;5,933045;1,778305;0;0;0;0;0;0;32,37057;-0,148192;-6,523131;23,25945;-0,09656;-4,924535;11,33568;-0,027493;-2,71976;0;0;0;0;0;0;0,378862;0,002682;-0,042915;0,049118;0;0,002682;-0,038892;-0,001341;0,026822;0;0;0;0;0;0;0;0;0;0;0;0;0;0;0;0;0;0;0;0;0;0;0;0;0;0;0;0;0;0;5,34402;5,839892;8,34438;10,49843;46,19247;22,69598;3,413059;35,98305;-11,44639;20,63981;103,5061;93,73177;-7,350711;58,48393;103,5771;93,79082;-12,07378;83,49284;103,3227;93,87057;-13,36859;83,17056;103,3113;94,1456;-1,852569;12,44385;-0,003448;0;-3,720875;0,268478;-0,000458;0;0,02718;-0,001602;0,000458;-0,000916;0;0;0;0;0;0;0;0;-33,16498;493,3478;-0,413704;0;-387,9787;27,96707;0;-0,027466;-6,634712;0,370789;0,054932;-0,082397;0;0;0;0;0;0;0;0
115;1916,667;00:00:01:917;0;0;0;-3,519914;0,050068;3,621712;-4,545958;-3,302459;6,837515;-5,205222;-6,14621;9,692499;-3,940343;-7,601772;12,14871;-2,370207;0;3,621712;-2,370207;0,05009;11,17456;-1,431981;-1,710399;15,8484;-1,707052;-3,9592;14,36961;-2,012278;-2,646877;12,68734;-0,895299;-0,03505;3,621712;-0,101118;0,01504;11,13133;0,292701;-4,77541;14,06877;-0,176921;-5,72765;11,20427;-0,316716;-3,293621;10,59517;0,443679;-0,000078;3,621712;1,958848;0,050012;10,3956;1,956898;-4,900703;10,96029;1,291642;-4,5595;8,264793;1,299567;-2,064208;8,756452;1,743431;-0,000171;3,621712;3,958467;0,049919;9,102249;3,988765;-3,889036;9,573995;3,469581;-3,655621;7,623217;3,475602;-1,393009;8,065563;0;0;0;-31,2868;-37,72362;117,7878;-27,87367;-37,72364;117,7878;7,852216;-37,43922;118,2088;7,852221;-37,43922;118,2088;-0,379977;0;0;20,2179;11,44463;-0,25983;123,8619;11,19435;0,448296;-142,5207;10,40605;-0,162092;-142,4871;10,26457;0,025372;-0,380045;6,036885;0;58,27921;7,351396;0,177539;161,718;9,066388;-0,751327;-104,2205;9,356835;0,927717;-104,2294;9,567926;0,873479;-0,413454;12,60826;0;83,34498;12,07381;-1,420641;-173,3397;14,03063;-1,43514;-78,55447;13,04496;2,434527;-78,54193;13,30987;2,489643;-0,485496;22,00679;0;82,97962;13,36752;-1,190102;-173,7158;15,03487;-1,205828;-78,59131;14,0729;2,656634;-78,57709;14,35102;2,714563;0;0;0;0;0;0;0;0;0;0;0;0;0;0;0;0;0;0;0;0;0;0;0;0;0;0;0;0;0;0;0;0;0;0;0;0;0;0;0;0;0;0;0;0;0;0;0;0;0;0;0;0;0;0;0;0;0;0;0;0;0;0;0;0;0;0;0;0;0;0;0;0;0;0;0;0;0;0;0;0;0;45,97038;-13,51967;0,472069;85,71803;-23,50688;-0,380874;111,9473;-17,42899;-10,33187;0;0;0;0;0;0;-18,6266;0,085831;3,755092;-13,38355;0,054985;2,832412;-6,522462;0,016093;1,56641;0;0;0;0;0;0;0,089183;0;-0,016093;0,011735;0;0,002682;-0,009388;0;0,005364;0;0;0;0;0;0;0;0;0;0;0;0;0;0;0;0;0;0;0;0;0;0;0;0;0;0;0;0;0;0;5,34402;5,839892;8,34438;10,49843;46,25214;23,81422;3,413174;33,05998;-10,96173;20,60538;103,5062;93,73175;-7,216674;58,47566;103,5771;93,79081;-12,07378;83,49284;103,3227;93,87057;-13,36859;83,17056;103,3113;94,1456;3,580169;67,09396;0,006895;-175,3839;29,07972;-2,065773;0,000916;-0,000916;8,04225;-0,496216;-0,000916;-0,000458;0;0;0;0;0;0;0;0;325,9643;3279,007;0,620556;-10523,03;1968,036;-140,0551;0,082397;-0,054932;480,9042;-29,67682;-0,082397;0,027466;0;0;0;0;0;0;0;0
116;1933,333;00:00:01:933;0;0;0;-3,519914;0,050068;3,621712;-4,610871;-3,295105;6,823778;-5,326413;-6,134951;9,669082;-4,235244;-7,689193;12,14804;-2,370207;0;3,621712;-2,370207;0,05009;11,17456;-1,472438;-1,710205;15,85641;-1,736123;-3,959078;14,37566;-2,026446;-2,646842;12,69069;-0,895299;-0,03505;3,621712;-0,101118;0,01504;11,13133;0,285143;-4,775433;14,06974;-0,177909;-5,727638;11,20416;-0,315931;-3,293596;10,5947;0,443679;-0,000078;3,621712;1,958848;0,050012;10,3956;1,956898;-4,900703;10,96029;1,291642;-4,5595;8,264793;1,299567;-2,064208;8,756452;1,743431;-0,000171;3,621712;3,958467;0,049919;9,102249;3,988765;-3,889036;9,573995;3,469581;-3,655621;7,623217;3,475602;-1,393009;8,065563;0;0;0;-31,9262;-37,5314;117,5829;-28,5131;-37,53141;117,5829;4,293969;-37,2433;117,9988;4,293973;-37,24331;117,9988;-0,379977;0;0;20,21207;10,95991;-0,289798;123,85;10,70974;0,417195;-142,5274;9,921341;-0,192102;-142,4953;9,779887;-0,004899;-0,380045;6,036885;0;58,27816;7,217299;0,169248;161,7192;8,932294;-0,759306;-104,2233;9,222764;0,919103;-104,2321;9,433847;0,864876;-0,413454;12,60826;0;83,34498;12,07381;-1,420641;-173,3397;14,03063;-1,43514;-78,55447;13,04496;2,434527;-78,54193;13,30987;2,489643;-0,485496;22,00679;0;82,97962;13,36752;-1,190102;-173,7158;15,03487;-1,205828;-78,59131;14,0729;2,656634;-78,57709;14,35102;2,714563;0;0;0;0;0;0;-3,894813;0,441246;-0,824243;-7,271468;0,675559;-1,40503;-17,69406;-5,245238;-0,040144;0;0;0;0;0;0;-2,427466;0,011645;0,480741;-1,744296;0,007309;0,362813;-0,850126;0,002146;0,200808;0;0;0;0;0;0;-0,4535;-0,001363;0,057936;-0,059294;0,000715;-0,006884;0,047067;0,001475;-0,028029;0;0;0;0;0;0;0;0;0;0;0;0;0;0;0;0;0;0;0;0;0;0;0;0;0;0;0;0;0;0;0;0;0;0;0;0;-233,6888;26,47474;-49,45457;-436,2881;40,53354;-84,30182;-1061,644;-314,7143;-2,408623;0;0;0;0;0;0;-145,6479;0,698715;28,84447;-104,6578;0,438541;21,7688;-51,00757;0,128746;12,04848;0;0;0;0;0;0;-27,21;-0,081807;3,476142;-3,557615;0,042915;-0,41306;2,82403;0,088513;-1,681745;0;0;0;0;0;0;0;0;0;0;0;0;0;0;0;0;0;0;0;0;0;0;0;0;0;0;0;0;0;0;5,531597;6,090579;8,58938;10,75945;46,25214;23,81422;3,413174;33,05998;-10,96173;20,60538;103,5062;93,73175;-7,216674;58,47566;103,5771;93,79081;-12,07378;83,49284;103,3227;93,87057;-13,36859;83,17056;103,3113;94,1456;3,580169;67,09396;0,006895;-175,3839;29,07972;-2,065773;0,000916;-0,000916;8,04225;-0,496216;-0,000916;-0,000458;0;0;0;0;0;0;0;0;325,9643;3279,007;0,620556;-10523,03;1968,036;-140,0551;0,082397;-0,054932;480,9042;-29,67682;-0,082397;0,027466;0;0;0;0;0;0;0;0
117;1950;00:00:01:950;0;0;0;-3,519914;0,050068;3,621712;-4,674696;-3,293716;6,802777;-5,445687;-6,134808;9,63231;-4,498451;-7,765631;12,12122;-2,370207;0;3,621712;-2,370207;0,05009;11,17456;-1,441967;-1,710354;15,85041;-1,714228;-3,959172;14,37113;-2,015774;-2,646869;12,68818;-0,895299;-0,03505;3,621712;-0,101118;0,01504;11,13133;0,288042;-4,740561;14,12547;-0,170094;-5,726512;11,27054;-0,310701;-3,299881;10,63277;0,443679;-0,000078;3,621712;1,958848;0,050012;10,3956;1,956898;-4,900703;10,96029;1,291642;-4,5595;8,264793;1,299567;-2,064208;8,756452;1,743431;-0,000171;3,621712;3,958467;0,049919;9,102249;3,988765;-3,889036;9,573995;3,469581;-3,655621;7,623217;3,475602;-1,393009;8,065563;0;0;0;-32,65377;-37,42343;117,4684;-29,24064;-37,42344;117,4684;1,37094;-37,13118;117,8791;1,370942;-37,13117;117,8791;-0,379977;0;0;20,21643;11,32491;-0,267241;123,859;11,07466;0,440599;-142,5224;10,28633;-0,169514;-142,4892;10,14486;0,017884;-0,380045;6,036885;0;57,60949;7,147625;0,164942;161,0489;8,851762;-0,783611;-104,8962;9,161641;0,890903;-104,9054;9,372086;0,834177;-0,413454;12,60826;0;83,34498;12,07381;-1,420641;-173,3397;14,03063;-1,43514;-78,55447;13,04496;2,434527;-78,54193;13,30987;2,489643;-0,485496;22,00679;0;82,97962;13,36752;-1,190102;-173,7158;15,03487;-1,205828;-78,59131;14,0729;2,656634;-78,57709;14,35102;2,714563;0;0;0;0;0;0;-3,829479;0,083283;-1,260057;-7,15649;0,008561;-2,206295;-15,7924;-4,586309;-1,608834;0;0;0;0;0;0;1,828266;-0,008896;-0,360042;1,313746;-0,005588;-0,271797;0,64031;-0,001654;-0,150561;0;0;0;0;0;0;0,173936;2,092346;3,344089;0,468895;0,067547;3,982678;0,31383;-0,377119;2,284214;0;0;0;0;0;0;0;0;0;0;0;0;0;0;0;0;0;0;0;0;0;0;0;0;0;0;0;0;0;0;0;0;0;0;0;0;3,920048;-21,47779;-26,14885;6,898642;-40,01989;-48,0759;114,0998;39,53576;-94,12139;0;0;0;0;0;0;255,3439;-1,232475;-50,44698;183,4825;-0,773817;-38,07663;89,42619;-0,227988;-21,08216;0;0;0;0;0;0;37,64614;125,6226;197,1692;31,6913;4,009902;239,3737;16,00574;-22,71563;138,7346;0;0;0;0;0;0;0;0;0;0;0;0;0;0;0;0;0;0;0;0;0;0;0;0;0;0;0;0;0;0;5,717241;6,30045;8,800281;10,98382;46,42856;24,95181;3,413059;30,8607;-11,32669;20,63118;103,5061;93,73177;-7,147044;57,80535;103,5771;93,79082;-12,07378;83,49284;103,3227;93,87057;-13,36859;83,17056;103,3113;94,1456;10,5851;68,25542;-0,006895;-131,9567;-21,89758;1,548386;-0,000916;0,001373;4,17778;-40,21888;0,000916;0,000458;0;0;0;0;0;0;0;0;420,2957;69,68765;-0,827408;2605,634;-3058,638;216,8495;-0,109863;0,137329;-231,8682;-2383,36;0,109863;0,054932;0;0;0;0;0;0;0;0
118;1966,667;00:00:01:967;0;0;0;-3,519914;0,050068;3,621712;-4,611884;-3,308475;6,809404;-5,333395;-6,160789;9,640695;-4,419024;-7,82294;12,12116;-2,370207;0;3,621712;-2,370207;0,05009;11,17456;-1,448941;-1,71032;15,8518;-1,719239;-3,959151;14,37218;-2,018217;-2,646863;12,68876;-0,895299;-0,03505;3,621712;-0,101118;0,01504;11,13133;0,289425;-4,703787;14,18292;-0,162418;-5,724523;11,33923;-0,305268;-3,305908;10,67218;0,443679;-0,000078;3,621712;1,958848;0,050012;10,3956;1,956898;-4,900703;10,96029;1,291642;-4,5595;8,264793;1,299567;-2,064208;8,756452;1,743431;-0,000171;3,621712;3,958467;0,049919;9,102249;3,988765;-3,889036;9,573995;3,469581;-3,655621;7,623217;3,475602;-1,393009;8,065563;0;0;0;-32,13465;-37,69669;117,759;-28,79773;-37,6967;117,759;0,389874;-37,40696;118,174;0,389876;-37,40696;118,174;-0,379977;0;0;20,21542;11,24133;-0,272411;123,8569;10,9911;0,435233;-142,5235;10,20275;-0,17469;-142,4906;10,06129;0,012662;-0,380045;6,036885;0;56,91718;7,051045;0,158976;160,3555;8,743697;-0,810075;-105,5932;9,073622;0,86006;-105,6027;9,283369;0,800756;-0,413454;12,60826;0;83,34498;12,07381;-1,420641;-173,3397;14,03063;-1,43514;-78,55447;13,04496;2,434527;-78,54193;13,30987;2,489643;-0,485496;22,00679;0;82,97962;13,36752;-1,190102;-173,7158;15,03487;-1,205828;-78,59131;14,0729;2,656634;-78,57709;14,35102;2,714563;0;0;0;0;0;0;3,768704;-0,885509;0,397638;6,737508;-1,5589;0,503048;4,765615;-3,438503;-0,003755;0;0;0;0;0;0;-0,418441;0,001989;0,083506;-0,300676;0,001229;0,062943;-0,146538;0,000369;0,034869;0;0;0;0;0;0;0,082981;2,206385;3,446907;0,460591;0,119381;4,121572;0,325967;-0,361606;2,364769;0;0;0;0;0;0;0;0;0;0;0;0;0;0;0;0;0;0;0;0;0;0;0;0;0;0;0;0;0;0;0;0;0;0;0;0;455,891;-58,12749;99,46167;833,6398;-94,04762;162,5606;1233,481;68,86838;96,30471;0;0;0;0;0;0;-134,8024;0,653118;26,61287;-96,86528;0,409037;20,08438;-47,21089;0,12137;11,1258;0;0;0;0;0;0;-5,457289;6,842315;6,16908;-0,49822;3,110021;8,333623;0,72822;0,930726;4,83334;0;0;0;0;0;0;0;0;0;0;0;0;0;0;0;0;0;0;0;0;0;0;0;0;0;0;0;0;0;0;5,733918;6,279021;8,785588;10,95979;46,49503;23,90934;3,33695;29,44092;-11,24311;20,6252;103,5062;93,73177;-7,050489;57,10989;103,5771;93,79082;-12,07378;83,49284;103,3227;93,87057;-13,36859;83,17056;103,3113;94,1456;3,988037;-62,54779;-4,566536;-85,18729;5,014629;-0,358887;0,000458;0;5,793314;-41,72721;-0,000916;0;0;0;0;0;0;0;0;0;-395,8236;-7848,193;-273,5784;2806,162;1614,733;-114,4363;0,082397;-0,082397;96,932;-90,49987;-0,109863;-0,027466;0;0;0;0;0;0;0;0
119;1983,333;00:00:01:983;0;0;0;-3,519914;0,050068;3,621712;-4,810061;-3,305084;6,738131;-5,707592;-6,16244;9,513457;-5,215781;-8,012687;11,98049;-2,370207;0;3,621712;-2,370207;0,05009;11,17456;-1,610639;-1,578976;15,92783;-1,699126;-4,203572;15,27725;-2,000353;-4,149752;13,14377;-0,895299;-0,03505;3,621712;-0,101118;0,01504;11,13133;0,281538;-4,586732;14,35768;-0,142676;-5,713193;11,54987;-0,288991;-3,321348;10,79309;0,443679;-0,000078;3,621712;1,958848;0,050012;10,3956;1,956898;-4,900703;10,96029;1,291642;-4,5595;8,264793;1,299567;-2,064208;8,756452;1,743431;-0,000171;3,621712;3,958467;0,049919;9,102249;3,988765;-3,889036;9,573995;3,465375;-3,752625;7,615162;3,41865;-1,460336;7,856723;0;0;0;-34,4518;-37,4022;117,446;-31,17203;-37,40222;117,446;-7,902053;-37,09913;117,844;-7,902023;-37,09914;117,844;-0,379977;0;0;18,63431;9,211506;-0,397114;104,0904;8,980681;0,312872;-178,5675;8,036216;0,011399;-178,5347;8,030349;0,246066;-0,380045;6,036885;0;54,79211;6,580975;0,129971;158,2306;8,236877;-0,900592;-107,7341;8,627983;0,753858;-107,7442;8,835394;0,686741;-0,413454;12,60826;0;83,34498;12,07381;-1,420641;-173,3397;14,03063;-1,43514;-78,55447;13,04496;2,434527;-78,54193;13,30987;2,489643;-0,485496;22,00679;0;82,97962;13,36752;-1,190102;-176,4631;15,03487;-1,205828;-83,7939;14,25268;2,701303;-83,78606;14,53475;2,732988;0;0;0;0;0;0;-11,89066;0,203468;-4,276424;-22,45181;-0,098996;-7,634237;-47,80541;-11,38481;-8,440419;0;0;0;0;0;0;-9,701874;7,880676;4,561543;1,20677;-14,66529;54,30436;1,071833;-90,17332;27,30042;0;0;0;0;0;0;-0,473237;7,023297;10,48547;1,184472;0,679784;12,63861;0,976623;-0,926413;7,254346;0;0;0;0;0;0;0;0;0;0;0;0;0;0;0;0;0;0;0;0;0;0;0;0;-0,252351;-5,820237;-0,483245;-3,417089;-4,039608;-12,53043;0;0;0;0;0;0;-939,5616;65,33861;-280,4437;-1751,359;87,59423;-488,2371;-3154,261;-476,7787;-506,1998;0;0;0;0;0;0;-557,0059;472,7212;268,6822;90,44676;-879,991;3254,485;73,10226;-5410,422;1635,933;0;0;0;0;0;0;-33,37305;289,0147;422,3138;43,43284;33,62416;511,0225;39,03938;-33,88836;293,3746;0;0;0;0;0;0;0;0;0;0;0;0;0;0;0;0;0;0;0;0;0;0;0;0;-15,14107;-349,2142;-28,99468;-205,0254;-242,3764;-751,8258;5,15892;6,905928;9,393006;11,59707;47,11265;27,4888;3,279785;23,51124;-9,21322;18,91787;85,34353;77,38437;-6,580553;54,96531;103,5771;93,79084;-12,07378;83,49284;103,3227;93,87057;-13,36859;83,17056;100,5629;91,66754;37,05734;214,7675;-3,429909;-355,7804;121,7934;-102,4401;-1089,758;-980,8442;28,19615;-128,6749;0,000916;0,001373;0;0;0;0;0;0;-164,9034;-148,6835;1984,158;16638,92;68,19764;-16235,59;7006,726;-6124,87;-65385,48;-58850,65;1344,17;-5216,858;0,109863;0,082397;0;0;0;0;0;0;-9894,203;-8921,007
120;2000;00:00:02:000;0;0;0;-3,519914;0,050068;3,621712;-4,810061;-3,305084;6,738131;-5,707592;-6,16244;9,513457;-5,215781;-8,012687;11,98049;-2,370207;0;3,621712;-2,370207;0,05009;11,17456;-1,610639;-1,578976;15,92783;-1,699126;-4,203572;15,27725;-2,000353;-4,149752;13,14377;-0,895299;-0,03505;3,621712;-0,101118;0,01504;11,13133;0,281538;-4,586732;14,35768;-0,142676;-5,713193;11,54987;-0,288991;-3,321348;10,79309;0,443679;-0,000078;3,621712;1,958848;0,050012;10,3956;1,956898;-4,900703;10,96029;1,291642;-4,5595;8,264793;1,299567;-2,064208;8,756452;1,743431;-0,000171;3,621712;3,958467;0,049919;9,102249;3,988765;-3,889036;9,573995;3,465375;-3,752625;7,615162;3,41865;-1,460336;7,856723;0;0;0;-34,4518;-37,4022;117,446;-31,17203;-37,40222;117,446;-7,902053;-37,09913;117,844;-7,902023;-37,09914;117,844;-0,379977;0;0;18,63431;9,211506;-0,397114;104,0904;8,980681;0,312872;-178,5675;8,036216;0,011399;-178,5347;8,030349;0,246066;-0,380045;6,036885;0;54,79211;6,580975;0,129971;158,2306;8,236877;-0,900592;-107,7341;8,627983;0,753858;-107,7442;8,835394;0,686741;-0,413454;12,60826;0;83,34498;12,07381;-1,420641;-173,3397;14,03063;-1,43514;-78,55447;13,04496;2,434527;-78,54193;13,30987;2,489643;-0,485496;22,00679;0;82,97962;13,36752;-1,190102;-176,4631;15,03487;-1,205828;-83,7939;14,25268;2,701303;-83,78606;14,53475;2,732988;0;0;0;0;0;0;0;0;0;0;0;0;0;0;0;0;0;0;0;0;0;0;0;0;0;0;0;0;0;0;0;0;0;0;0;0;0;0;0;0;0;0;0;0;0;0;0;0;0;0;0;0;0;0;0;0;0;0;0;0;0;0;0;0;0;0;0;0;0;0;0;0;0;0;0;0;0;0;0;0;0;713,4394;-12,20807;256,5854;1347,108;5,939752;458,0542;2868,324;683,0888;506,4251;0;0;0;0;0;0;582,1124;-472,8405;-273,6926;-72,40622;879,9174;-3258,261;-64,30997;5410,399;-1638,025;0;0;0;0;0;0;28,3942;-421,3978;-629,1281;-71,06831;-40,78701;-758,3168;-58,59737;55,58475;-435,2608;0;0;0;0;0;0;0;0;0;0;0;0;0;0;0;0;0;0;0;0;0;0;0;0;15,14107;349,2142;28,99468;205,0254;242,3764;751,8258;5,15892;6,905928;9,393006;11,59707;47,11265;27,4888;3,279785;23,51124;-9,21322;18,91787;85,34353;77,38437;-6,580553;54,96531;103,5771;93,79084;-12,07378;83,49284;103,3227;93,87057;-13,36859;83,17056;100,5629;91,66754;37,05734;214,7675;-3,429909;-355,7804;121,7934;-102,4401;-1089,758;-980,8442;28,19615;-128,6749;0,000916;0,001373;0;0;0;0;0;0;-164,9034;-148,6835;1984,158;16638,92;68,19764;-16235,59;7006,726;-6124,87;-65385,48;-58850,65;1344,17;-5216,858;0,109863;0,082397;0;0;0;0;0;0;-9894,203;-8921,007
121;2016,667;00:00:02:017;0;0;0;-3,519914;0,050068;3,621712;-4,833857;-3,306004;6,727179;-5,752126;-6,165059;9,493958;-5,336188;-8,046104;11,95164;-2,370207;0;3,621712;-2,370207;0,05009;11,17456;-1,628516;-1,48595;15,96151;-1,601367;-4,189962;16,04622;-1,85315;-5,194757;14,15615;-0,895299;-0,03505;3,621712;-0,101118;0,01504;11,13133;0,27854;-4,545175;14,4165;-0,136619;-5,707507;11,62199;-0,283878;-3,325589;10,8347;0,443679;-0,000078;3,621712;1,958848;0,050012;10,3956;1,956898;-4,900703;10,96029;1,291642;-4,5595;8,264793;1,299567;-2,064208;8,756452;1,743431;-0,000171;3,621712;3,958467;0,049919;9,102249;3,988765;-3,889036;9,573995;3,462117;-3,860592;7,611495;3,356228;-1,557632;7,628338;0;0;0;-34,7586;-37,38914;117,4321;-31,47883;-37,38914;117,4321;-9,404545;-37,08437;117,828;-9,404548;-37,08437;117,828;-0,379977;0;0;17,52983;8,936824;-0,413873;88,18472;8,719575;0,299966;152,2486;7,729567;0,271411;152,2767;7,837758;0,479048;-0,380045;6,036885;0;54,06431;6,427143;0,120491;157,5031;8,069934;-0,930817;-108,4669;8,481867;0,717801;-108,4773;8,688414;0,64803;-0,413454;12,60826;0;83,34498;12,07381;-1,420641;-173,3397;14,03063;-1,43514;-78,55447;13,04496;2,434527;-78,54193;13,30987;2,489643;-0,485496;22,00679;0;82,97962;13,36752;-1,190102;-179,5107;15,03487;-1,205828;-89,56777;14,45429;2,740493;-89,56722;14,73802;2,742701;0;0;0;0;0;0;-1,427717;-0,055209;-0,657096;-2,672016;-0,157155;-1,169935;-7,224418;-2,00504;-1,730785;0;0;0;0;0;0;-1,072593;5,581582;2,020597;5,865555;0,816643;46,13828;8,832145;-62,70032;60,74282;0;0;0;0;0;0;-0,179842;2,493426;3,529429;0,36347;0,341155;4,327297;0,306744;-0,25443;2,496779;0;0;0;0;0;0;0;0;0;0;0;0;0;0;0;0;0;0;0;0;0;0;0;0;-0,195444;-6,478049;-0,220031;-3,745347;-5,837783;-13,70309;0;0;0;0;0;0;-85,66304;-3,312528;-39,42579;-160,321;-9,429304;-70,19608;-433,465;-120,3024;-103,8471;0;0;0;0;0;0;-64,35557;334,8949;121,2358;351,9333;48,99859;2768,297;529,9286;-3762,019;3644,569;0;0;0;0;0;0;-10,79053;149,6055;211,7658;21,8082;20,46927;259,6378;18,40464;-15,26579;149,8067;0;0;0;0;0;0;0;0;0;0;0;0;0;0;0;0;0;0;0;0;0;0;0;0;-11,72662;-388,6829;-13,20183;-224,7208;-350,267;-822,1855;5,012142;7,004045;9,48818;11,67687;47,22104;27,93354;3,279785;22,31417;-8,938439;17,79043;70,54388;64,06432;-6,426784;54,23108;103,5771;93,79082;-12,07378;83,49284;103,3227;93,87057;-13,36859;83,17056;97,51398;88,91863;6,503448;26,68442;0;-71,82461;16,48682;-67,64637;-887,9791;-799,2027;9,226169;-44,05403;-0,000458;-0,001373;0;0;0;0;0;0;-182,9342;-164,9345;-1833,233;-11284,98;205,7945;17037,35;-6318,395;2087,622;12106,72;10898,49;-1138,199;5077,249;-0,082397;-0,164795;0;0;0;0;0;0;-1081,851;-975,064
122;2033,333;00:00:02:033;0;0;0;-3,519914;0,050068;3,621712;-4,895665;-3,30618;6,700105;-5,872703;-6,16828;9,443506;-5,606102;-8,104043;11,87934;-2,370207;0;3,621712;-2,370207;0,05009;11,17456;-1,676439;-1,370165;16,00425;-1,473396;-3,705982;17,35419;-1,49152;-5,832168;17,0015;-0,895299;-0,03505;3,621712;-0,101118;0,01504;11,13133;0,271979;-4,445828;14,55091;-0,123592;-5,690755;11,78933;-0,272859;-3,33337;10,93171;0,443679;-0,000078;3,621712;1,958848;0,050012;10,3956;1,956898;-4,900703;10,96029;1,291642;-4,5595;8,264793;1,299567;-2,064208;8,756452;1,743431;-0,000171;3,621712;3,958467;0,049919;9,102249;3,988765;-3,889036;9,573995;3,46032;-4,112644;7,624555;3,216891;-1,8761;7,120837;0;0;0;-35,53206;-37,33306;117,3729;-32,32846;-37,33308;117,3729;-12,31032;-37,02367;117,7628;-12,31032;-37,02367;117,7628;-0,379977;0;0;16,16436;8,304461;-0,452358;59,7352;8,10413;0,265357;99,49402;7,219953;0,71565;99,49897;7,44921;0,754306;-0,380045;6,036885;0;52,37418;6,097477;0,100196;155,8135;7,708802;-0,998666;-110,1681;8,168823;0,63554;-110,179;8,373232;0,559662;-0,413454;12,60826;0;83,34498;12,07381;-1,420641;-173,3397;14,03063;-1,43514;-78,55447;13,04496;2,434527;-78,54193;13,30987;2,489643;-0,485496;22,00679;0;82,97962;13,36752;-1,190102;173,3685;15,03487;-1,205828;-103,069;14,93109;2,78885;-103,0863;15,20746;2,722356;0;0;0;0;0;0;-3,708467;-0,010572;-1,62448;-7,23461;-0,193276;-3,027096;-16,19489;-3,476322;-4,337981;0;0;0;0;0;0;-2,875406;6,947089;2,564728;7,678247;29,03878;78,47812;21,69781;-38,24466;170,7213;0;0;0;0;0;0;-0,393681;5,960829;8,064418;0,781604;1,005113;10,04004;0,661165;-0,466861;5,820527;0;0;0;0;0;0;0;0;0;0;0;0;0;0;0;0;0;0;0;0;0;0;0;0;-0,107825;-15,12312;0,783563;-8,360221;-19,10807;-30,45004;0;0;0;0;0;0;-136,8449;2,678185;-58,043;-273,7556;-2,167225;-111,4297;-538,2281;-88,27687;-156,4318;0;0;0;0;0;0;-108,1688;81,93044;32,64785;108,7615;1693,328;1940,39;771,94;1467,34;6598,706;0;0;0;0;0;0;-12,83035;208,0442;272,0993;25,08804;39,8375;342,7648;21,26522;-12,74586;199,4249;0;0;0;0;0;0;0;0;0;0;0;0;0;0;0;0;0;0;0;0;0;0;0;0;5,257129;-518,7042;60,21559;-276,8925;-796,217;-1004,817;6,951814;7,21809;9,691251;11,80152;47,47257;29,08015;3,203691;20,25408;-8,305934;16,38688;43,46604;39,69469;-6,097186;52,52722;103,5771;93,79083;-12,07378;83,49284;103,3227;93,87057;-13,36859;83,17056;90,39011;82,49656;15,09155;68,79673;-4,565635;-123,605;37,95032;-84,21283;-1624,67;-1462,178;19,77585;-102,2314;-0,000458;0,000916;0;0;0;0;0;0;-427,4322;-385,3244;515,2862;2526,739;-273,9381;-3106,823;1287,81;-993,9875;-44201,47;-39778,51;632,9807;-3490,645;0;0,137329;0;0;0;0;0;0;-14669,88;-13223,39
123;2050;00:00:02:050;0;0;0;-3,519914;0,050068;3,621712;-4,954954;-3,301422;6,678142;-5,988534;-6,162073;9,402269;-5,890001;-8,150436;11,80815;-2,370207;0;3,621712;-2,370207;0,05009;11,17456;-1,72292;-1,293723;16,0325;-1,449508;-3,080635;18,0454;-1,31076;-5,038875;18,93503;-0,895299;-0,03505;3,621712;-0,101118;0,01504;11,13133;0,272281;-4,33967;14,68508;-0,109529;-5,66839;11,96086;-0,26245;-3,338363;11,03207;0,443679;-0,000078;3,621712;1,958848;0,050012;10,3956;1,956898;-4,900703;10,96029;1,291642;-4,5595;8,264793;1,299567;-2,064208;8,756452;1,743431;-0,000171;3,621712;3,958467;0,049919;9,102249;3,988765;-3,889036;9,573995;3,468259;-4,396542;7,676343;3,076848;-2,38769;6,61501;0;0;0;-36,21342;-37,22468;117,2588;-33,08603;-37,2247;117,2588;-15,51366;-36,91122;117,643;-15,51365;-36,91122;117,643;-0,379977;0;0;15,26858;7,721825;-0,487707;41,36732;7,53267;0,232084;65,43591;6,833989;0,939622;65,42413;7,045376;0,842249;-0,380045;6,036885;0;50,63805;5,892012;0,087559;154,076;7,469535;-1,05946;-111,9137;7,978536;0,559043;-111,9253;8,180559;0,476948;-0,413454;12,60826;0;83,34498;12,07381;-1,420641;-173,3397;14,03063;-1,43514;-78,55447;13,04496;2,434527;-78,54193;13,30987;2,489643;-0,485496;22,00679;0;82,97962;13,36752;-1,190102;165,222;15,03487;-1,205827;-118,5342;15,47874;2,768921;-118,5721;15,72796;2,628118;0;0;0;0;0;0;-3,557369;0,285476;-1,317769;-6,949894;0,372425;-2,474248;-17,03388;-2,783596;-4,27173;0;0;0;0;0;0;-2,788815;4,586499;1,694798;1,433283;37,52083;41,47285;10,84562;47,59758;116,0115;0;0;0;0;0;0;0,018133;6,369486;8,050292;0,843748;1,341931;10,2919;0,62455;-0,29958;6,021827;0;0;0;0;0;0;0;0;0;0;0;0;0;0;0;0;0;0;0;0;0;0;0;0;0,476293;-17,03388;3,107339;-8,402577;-30,69538;-30,34964;0;0;0;0;0;0;9,065844;17,76293;18,40264;17,08294;33,94201;33,17088;-50,3397;41,56352;3,975033;0;0;0;0;0;0;5,195438;-141,6354;-52,19577;-374,6978;508,923;-2220,316;-651,1313;5150,534;-3282,583;0;0;0;0;0;0;24,70884;24,51943;-0,847578;3,728606;20,2091;15,11156;-2,196897;10,03682;12,07799;0;0;0;0;0;0;0;0;0;0;0;0;0;0;0;0;0;0;0;0;0;0;0;0;35,04708;-114,6456;139,4266;-2,541393;-695,2385;6,024241;9,024616;7,444976;9,901763;11,85674;47,63639;30,15079;3,127438;17,80429;-7,723165;15,46261;26,00132;23,97727;-5,891756;50,78313;103,5771;93,79084;-12,07378;83,49284;103,3227;93,87057;-13,36859;83,17056;82,24038;75,15153;9,829329;64,23798;-4,57519;-146,9872;34,96616;-55,45652;-1047,883;-943,045;12,32583;-104,6457;0,000916;0,000458;0;0;0;0;0;0;-488,984;-440,7019;-315,7333;-273,5252;-0,57332;-1402,933;-179,0494;1725,379;34607,22;31147,97;-447,001;-144,8547;0,082397;-0,027466;0;0;0;0;0;0;-3693,109;-3322,65
124;2066,667;00:00:02:067;0;0;0;-3,519914;0,050068;3,621712;-5,062031;-3,305889;6,620549;-6,191268;-6,174556;9,297872;-6,328172;-8,23259;11,6425;-2,370207;0;3,621712;-2,370207;0,05009;11,17456;-1,752054;-1,217084;16,05683;-1,461874;-2,668445;18,32154;-1,271762;-4,300467;19,71644;-0,895299;-0,03505;3,621712;-0,101118;0,01504;11,13133;0,272755;-4,24614;14,79666;-0,098181;-5,645245;12,10639;-0,254095;-3,340196;11,1177;0,443679;-0,000078;3,621712;1,958848;0,050012;10,3956;1,956898;-4,900703;10,96029;1,291642;-4,5595;8,264793;1,299567;-2,064208;8,756452;1,743431;-0,000171;3,621712;3,958467;0,049919;9,102249;3,988765;-3,889036;9,573995;3,488076;-4,685521;7,772747;2,962785;-3,075505;6,208446;0;0;0;-37,67249;-37,21497;117,2486;-34,57843;-37,21499;117,2486;-20,1455;-36,89365;117,6224;-20,14549;-36,89366;117,6224;-0,379977;0;0;14,37476;7,346025;-0,510455;32,46917;7,168046;0,211622;49,34595;6,586296;1,018996;49,32824;6,762608;0,866495;-0,380045;6,036885;0;49,16016;5,734549;0,07788;152,597;7,282156;-1,109322;-113,3993;7,832476;0,494727;-113,4114;8,032327;0,407397;-0,413454;12,60826;0;83,34498;12,07381;-1,420641;-173,3397;14,03063;-1,43514;-78,55447;13,04496;2,434527;-78,54193;13,30987;2,489643;-0,485496;22,00679;0;82,97962;13,36752;-1,190102;156,6065;15,03487;-1,205828;-134,9135;16,0487;2,660346;-134,9715;16,24953;2,451682;0;0;0;0;0;0;-6,424583;-0,267975;-3,455534;-12,16404;-0,748962;-6,263852;-26,2903;-4,929229;-9,938612;0;0;0;0;0;0;-1,74804;4,598334;1,459658;-0,741966;24,7314;16,56854;2,339847;44,30448;46,88501;0;0;0;0;0;0;0,028459;5,611807;6,694704;0,680879;1,388714;8,731618;0,50128;-0,109971;5,137815;0;0;0;0;0;0;0;0;0;0;0;0;0;0;0;0;0;0;0;0;0;0;0;0;1,189023;-17,33871;5,784184;-6,843746;-41,26888;-24,39382;0;0;0;0;0;0;-172,0329;-33,20708;-128,2659;-312,8488;-67,2832;-227,3762;-555,3849;-128,738;-340,0128;0;0;0;0;0;0;62,44651;0,710115;-14,10842;-130,5149;-767,3659;-1494,259;-510,3465;-197,5862;-4147,59;0;0;0;0;0;0;0,61959;-45,46078;-81,33526;-9,772128;2,806931;-93,61713;-7,396191;11,37659;-53,04068;0;0;0;0;0;0;0;0;0;0;0;0;0;0;0;0;0;0;0;0;0;0;0;0;42,76379;-18,28998;160,6107;93,52992;-634,4102;357,3492;10,30618;7,816991;10,22549;11,93509;48,21645;32,21399;3,094147;14,65849;-7,347267;14,54985;18,00179;16,77818;-5,734324;49,29895;103,5771;93,79082;-12,07378;83,49284;103,3227;93,87057;-13,36859;83,17056;73,62209;67,38704;34,80377;123,7921;-1,997437;-188,7481;22,55384;-54,76524;-479,9717;-431,9459;9,445867;-89,05059;0;-0,001373;0;0;0;0;0;0;-517,0976;-465,8693;1498,466;3573,248;154,6652;-2505,652;-744,7392;41,47682;34074,7;30665,94;-172,7978;935,7055;-0,054932;-0,109863;0;0;0;0;0;0;-1686,813;-1510,043
125;2083,333;00:00:02:083;0;0;0;-3,519914;0,050068;3,621712;-5,062031;-3,305889;6,620549;-6,191268;-6,174556;9,297872;-6,328172;-8,23259;11,6425;-2,370207;0;3,621712;-2,370207;0,05009;11,17456;-1,752054;-1,217084;16,05683;-1,461874;-2,668445;18,32154;-1,271762;-4,300467;19,71644;-0,895299;-0,03505;3,621712;-0,101118;0,01504;11,13133;0,272755;-4,24614;14,79666;-0,098181;-5,645245;12,10639;-0,254095;-3,340196;11,1177;0,443679;-0,000078;3,621712;1,958848;0,050012;10,3956;1,956898;-4,900703;10,96029;1,291642;-4,5595;8,264793;1,299567;-2,064208;8,756452;1,743431;-0,000171;3,621712;3,958467;0,049919;9,102249;3,988765;-3,889036;9,573995;3,488076;-4,685521;7,772747;2,962785;-3,075505;6,208446;0;0;0;-37,67249;-37,21497;117,2486;-34,57843;-37,21499;117,2486;-20,1455;-36,89365;117,6224;-20,14549;-36,89366;117,6224;-0,379977;0;0;14,37476;7,346025;-0,510455;32,46917;7,168046;0,211622;49,34595;6,586296;1,018996;49,32824;6,762608;0,866495;-0,380045;6,036885;0;49,16016;5,734549;0,07788;152,597;7,282156;-1,109322;-113,3993;7,832476;0,494727;-113,4114;8,032327;0,407397;-0,413454;12,60826;0;83,34498;12,07381;-1,420641;-173,3397;14,03063;-1,43514;-78,55447;13,04496;2,434527;-78,54193;13,30987;2,489643;-0,485496;22,00679;0;82,97962;13,36752;-1,190102;156,6065;15,03487;-1,205828;-134,9135;16,0487;2,660346;-134,9715;16,24953;2,451682;0;0;0;0;0;0;0;0;0;0;0;0;0;0;0;0;0;0;0;0;0;0;0;0;0;0;0;0;0;0;0;0;0;0;0;0;0;0;0;0;0;0;0;0;0;0;0;0;0;0;0;0;0;0;0;0;0;0;0;0;0;0;0;0;0;0;0;0;0;0;0;0;0;0;0;0;0;0;0;0;0;385,475;16,0785;207,3321;729,8424;44,93773;375,8311;1577,418;295,7538;596,3167;0;0;0;0;0;0;104,8824;-275,9;-87,57948;44,51796;-1483,884;-994,1124;-140,3908;-2658,269;-2813,1;0;0;0;0;0;0;-1,707561;-336,7084;-401,6822;-40,85272;-83,32281;-523,897;-30,07678;6,598234;-308,2689;0;0;0;0;0;0;0;0;0;0;0;0;0;0;0;0;0;0;0;0;0;0;0;0;-71,34138;1040,323;-347,051;410,6248;2476,133;1463,629;10,30618;7,816991;10,22549;11,93509;48,21645;32,21399;3,094147;14,65849;-7,347267;14,54985;18,00179;16,77818;-5,734324;49,29895;103,5771;93,79082;-12,07378;83,49284;103,3227;93,87057;-13,36859;83,17056;73,62209;67,38704;34,80377;123,7921;-1,997437;-188,7481;22,55384;-54,76524;-479,9717;-431,9459;9,445867;-89,05059;0;-0,001373;0;0;0;0;0;0;-517,0976;-465,8693;1498,466;3573,248;154,6652;-2505,652;-744,7392;41,47682;34074,7;30665,94;-172,7978;935,7055;-0,054932;-0,109863;0;0;0;0;0;0;-1686,813;-1510,043
126;2100;00:00:02:100;0;0;0;-3,519914;0,050068;3,621712;-5,209308;-3,292083;6,555919;-6,467267;-6,15414;9,182446;-6,915632;-8,272286;11,43277;-2,370207;0;3,621712;-2,370207;0,05009;11,17456;-1,748796;-1,126263;16,07909;-1,440138;-2,303369;18,49544;-1,216447;-3,616371;20,18995;-0,895299;-0,03505;3,621712;-0,101118;0,01504;11,13133;0,292281;-4,165232;14,88668;-0,082205;-5,622881;12,22817;-0,246138;-3,340056;11,19043;0,443679;-0,000078;3,621712;1,958848;0,050012;10,3956;1,956898;-4,900703;10,96029;1,291642;-4,5595;8,264793;1,299567;-2,064208;8,756452;1,743431;-0,000171;3,621712;3,958467;0,049919;9,102249;3,988765;-3,889036;9,573995;3,533604;-5,052039;7,970928;2,882402;-4,194586;5,932342;0;0;0;-39,45208;-36,98947;117,0127;-36,35801;-36,98948;117,0127;-26,06363;-36,65906;117,3727;-26,06364;-36,65906;117,3727;-0,379977;0;0;13,31978;7,341245;-0,510744;25,81756;7,176485;0,214515;37,6653;6,691431;1,084398;37,64349;6,833419;0,899078;-0,380045;6,036885;0;47,9186;5,884404;0,087091;151,3487;7,406018;-1,134008;-114,6453;7,990821;0,458102;-114,6582;8,188743;0,366369;-0,413454;12,60826;0;83,34498;12,07381;-1,420641;-173,3397;14,03063;-1,43514;-78,55447;13,04496;2,434527;-78,54193;13,30987;2,489643;-0,485496;22,00679;0;82,97962;13,36752;-1,190102;144,7677;15,03487;-1,205828;-157,4633;16,7932;2,367844;-157,5427;16,90176;2,093943;0;0;0;0;0;0;-8,836649;0,828356;-3,877848;-16,55991;1,22492;-6,925508;-35,24758;-2,381801;-12,58394;0;0;0;0;0;0;0,195466;5,449248;1,335919;1,30414;21,90458;10,4337;3,318943;41,04575;28,41049;0;0;0;0;0;0;1,171538;4,854463;5,401074;0,958594;1,341797;7,306873;0,477458;0,00836;4,363864;0;0;0;0;0;0;0;0;0;0;0;0;0;0;0;0;0;0;0;0;0;0;0;0;2,731718;-21,99109;11,89086;-4,823014;-67,14491;-16,56624;0;0;0;0;0;0;-530,1989;49,70133;-232,6709;-993,5947;73,49519;-415,5305;-2114,854;-142,9081;-755,0364;0;0;0;0;0;0;11,72796;326,9549;80,15512;78,24841;1314,275;626,0222;199,1366;2462,745;1704,63;0;0;0;0;0;0;70,2923;291,2678;324,0645;57,5156;80,50784;438,4124;28,6475;0,501573;261,8318;0;0;0;0;0;0;0;0;0;0;0;0;0;0;0;0;0;0;0;0;0;0;0;0;163,9031;-1319,466;713,4514;-289,3808;-4028,694;-993,9742;11,43882;8,298661;10,63919;11,9534;48,71881;34,93157;3,094084;10,51051;-7,342432;13,48762;12,4051;11,7415;-5,884132;48,06507;103,5771;93,79083;-12,07378;83,49284;103,3227;93,87057;-13,36859;83,17056;61,78059;56,72432;30,14145;163,0549;-0,003805;-248,8791;0,290108;-63,73386;-335,8012;-302,2004;-8,988447;-74,03297;0;0,000916;0;0;0;0;0;0;-710,4899;-639,7634;-279,7395;2355,77;119,6179;-3607,862;-1335,824;-538,1172;8650,231;7784,727;-1106,059;901,0574;0;0,137329;0;0;0;0;0;0;-11603,54;-10433,65
127;2116,667;00:00:02:117;0;0;0;-3,519914;0,050068;3,621712;-5,209308;-3,292083;6,555919;-6,467267;-6,15414;9,182446;-6,915632;-8,272286;11,43277;-2,370207;0;3,621712;-2,370207;0,05009;11,17456;-1,748796;-1,126263;16,07909;-1,440138;-2,303369;18,49544;-1,216447;-3,616371;20,18995;-0,895299;-0,03505;3,621712;-0,101118;0,01504;11,13133;0,292281;-4,165232;14,88668;-0,082205;-5,622881;12,22817;-0,246138;-3,340056;11,19043;0,443679;-0,000078;3,621712;1,958848;0,050012;10,3956;1,956898;-4,900703;10,96029;1,291642;-4,5595;8,264793;1,299567;-2,064208;8,756452;1,743431;-0,000171;3,621712;3,958467;0,049919;9,102249;3,988765;-3,889036;9,573995;3,533604;-5,052039;7,970928;2,882402;-4,194586;5,932342;0;0;0;-39,45208;-36,98947;117,0127;-36,35801;-36,98948;117,0127;-26,06363;-36,65906;117,3727;-26,06364;-36,65906;117,3727;-0,379977;0;0;13,31978;7,341245;-0,510744;25,81756;7,176485;0,214515;37,6653;6,691431;1,084398;37,64349;6,833419;0,899078;-0,380045;6,036885;0;47,9186;5,884404;0,087091;151,3487;7,406018;-1,134008;-114,6453;7,990821;0,458102;-114,6582;8,188743;0,366369;-0,413454;12,60826;0;83,34498;12,07381;-1,420641;-173,3397;14,03063;-1,43514;-78,55447;13,04496;2,434527;-78,54193;13,30987;2,489643;-0,485496;22,00679;0;82,97962;13,36752;-1,190102;144,7677;15,03487;-1,205828;-157,4633;16,7932;2,367844;-157,5427;16,90176;2,093943;0;0;0;0;0;0;0;0;0;0;0;0;0;0;0;0;0;0;0;0;0;0;0;0;0;0;0;0;0;0;0;0;0;0;0;0;0;0;0;0;0;0;0;0;0;0;0;0;0;0;0;0;0;0;0;0;0;0;0;0;0;0;0;0;0;0;0;0;0;0;0;0;0;0;0;0;0;0;0;0;0;530,1989;-49,70133;232,6709;993,5947;-73,49519;415,5305;2114,854;142,9081;755,0364;0;0;0;0;0;0;-11,72796;-326,9549;-80,15512;-78,24841;-1314,275;-626,0222;-199,1366;-2462,745;-1704,63;0;0;0;0;0;0;-70,2923;-291,2678;-324,0645;-57,5156;-80,50784;-438,4124;-28,6475;-0,501573;-261,8318;0;0;0;0;0;0;0;0;0;0;0;0;0;0;0;0;0;0;0;0;0;0;0;0;-163,9031;1319,466;-713,4514;289,3808;4028,694;993,9742;11,43882;8,298661;10,63919;11,9534;48,71881;34,93157;3,094084;10,51051;-7,342432;13,48762;12,4051;11,7415;-5,884132;48,06507;103,5771;93,79083;-12,07378;83,49284;103,3227;93,87057;-13,36859;83,17056;61,78059;56,72432;0;0;0;0;0;0;0;0;0;0;0;0;0;0;0;0;0;0;0;0;-1808,487;-9783,296;0,22831;14932,75;-17,40646;3824,031;20148,07;18132,03;539,3068;4441,978;0;-0,054932;0;0;0;0;0;0;42629,39;38385,8
128;2133,333;00:00:02:133;0;0;0;-3,519914;0,050068;3,621712;-5,206182;-3,26977;6,582923;-6,461185;-6,112174;9,23211;-7,001212;-8,231829;11,46078;-2,370207;0;3,621712;-2,370207;0,05009;11,17456;-1,675977;-1,068122;16,08292;-1,326249;-2,153524;18,53633;-1,06789;-3,361085;20,3028;-0,895299;-0,03505;3,621712;-0,101118;0,01504;11,13133;0,296895;-4,146638;14,90679;-0,078451;-5,617449;12,25566;-0,244273;-3,339806;11,2069;0,443679;-0,000078;3,621712;1,958848;0,050012;10,3956;1,956898;-4,900703;10,96029;1,291642;-4,5595;8,264793;1,299567;-2,064208;8,756452;1,743431;-0,000171;3,621712;3,958467;0,049919;9,102249;3,988765;-3,889036;9,573995;3,580081;-5,292985;8,162799;2,890127;-5,086149;5,972753;0;0;0;-39,07328;-36,7022;116,7149;-35,97923;-36,70221;116,7149;-27,57726;-36,37371;117,0763;-27,57726;-36,37371;117,0763;-0,379977;0;0;12,64656;8,153226;-0,461544;23,68983;7,996862;0,266998;34,23409;7,544089;1,156035;34,20841;7,674801;0,962123;-0,380045;6,036885;0;47,63751;5,920557;0,089314;151,066;7,436185;-1,13939;-114,9275;8,028756;0,449919;-114,9405;8,226229;0,357194;-0,413454;12,60826;0;83,34498;12,07381;-1,420641;-173,3397;14,03063;-1,43514;-78,55447;13,04496;2,434527;-78,54193;13,30987;2,489643;-0,485496;22,00679;0;82,97962;13,36752;-1,190102;135,9765;15,03487;-1,205828;-174,2402;17,29985;2,04905;-174,3282;17,32811;1,753326;0;0;0;0;0;0;0,187554;1,33878;1,620278;0,364915;2,518013;2,9798;-5,13482;2,427444;1,680583;0;0;0;0;0;0;4,369128;3,488459;0,229776;6,833341;8,990674;2,453059;8,913422;15,31718;6,770968;0;0;0;0;0;0;0,276815;1,115665;1,206726;0,225239;0,325955;1,649514;0,111884;0,015043;0,987947;0;0;0;0;0;0;0;0;0;0;0;0;0;0;0;0;0;0;0;0;0;0;0;0;2,788581;-14,45677;11,51226;0,463508;-53,49375;2,424605;0;0;0;0;0;0;11,25321;80,32678;97,21666;21,89487;151,0808;178,788;-308,0892;145,6466;100,835;0;0;0;0;0;0;262,1477;209,3075;13,78655;410,0004;539,4404;147,1835;534,8052;919,0306;406,2581;0;0;0;0;0;0;16,60891;66,93988;72,40354;13,51431;19,55732;98,97083;6,713066;0,902563;59,27681;0;0;0;0;0;0;0;0;0;0;0;0;0;0;0;0;0;0;0;0;0;0;0;0;167,3148;-867,4062;690,7358;27,81048;-3209,625;145,4763;11,70939;8,345813;10,68905;11,74105;48,26785;34,65946;3,094084;8,61744;-8,154444;12,83395;10,94001;10,42302;-5,920298;47,78581;103,5771;93,79083;-12,07378;83,49284;103,3227;93,87057;-13,36859;83,17056;52,98863;48,81214;-27,05772;-16,3266;0;-113,584;-48,7207;-39,22021;-87,90538;-79,10899;-2,169971;-16,75552;-0,000916;0;0;0;0;0;0;0;-527,5175;-474,7307;-1623,463;-979,5959;0;-6815,042;-2923,242;-2353,213;-5274,323;-4746,54;-130,1983;-1005,331;-0,054932;0;0;0;0;0;0;0;-31651,04;-28483,84
129;2150;00:00:02:150;0;0;0;-3,519914;0,050068;3,621712;-5,306517;-3,267872;6,52566;-6,649463;-6,112382;9,129069;-7,274768;-8,243894;11,32388;-2,370207;0;3,621712;-2,370207;0,05009;11,17456;-1,670362;-1,047869;16,0867;-1,317065;-2,115518;18,54737;-1,055341;-3,305321;20,32536;-0,895299;-0,03505;3,621712;-0,101118;0,01504;11,13133;0,302269;-4,146631;14,90623;-0,076494;-5,617454;12,25559;-0,2439;-3,339818;11,20707;0,443679;-0,000078;3,621712;1,958848;0,050012;10,3956;1,956898;-4,900703;10,96029;1,291642;-4,5595;8,264793;1,299567;-2,064208;8,756452;1,743431;-0,000171;3,621712;3,958467;0,049919;9,102249;3,988765;-3,889036;9,573995;3,593428;-5,348995;8,216866;2,9018;-5,312004;6,017912;0;0;0;-40,44539;-36,67159;116,6833;-37,35132;-36,6716;116,6833;-29,24944;-36,33625;117,0347;-29,24945;-36,33625;117,0347;-0,379977;0;0;12,4126;8,208611;-0,458181;23,28087;8,05519;0,271101;33,66829;7,608703;1,163503;33,64222;7,737511;0,968269;-0,380045;6,036885;0;47,63801;5,996999;0,094015;151,0649;7,51262;-1,134891;-114,9265;8,105194;0,454707;-114,9397;8,302668;0,361968;-0,413454;12,60826;0;83,34498;12,07381;-1,420641;-173,3397;14,03063;-1,43514;-78,55447;13,04496;2,434527;-78,54193;13,30987;2,489643;-0,485496;22,00679;0;82,97962;13,36752;-1,190102;133,7494;15,03487;-1,205828;-178,4946;17,42023;1,955423;-178,5836;17,42747;1,658141;0;0;0;0;0;0;-6,020106;0,113837;-3,43582;-11,29666;-0,012495;-6,182402;-16,41333;-0,723884;-8,213996;0;0;0;0;0;0;0,336874;1,215197;0,226557;0,551065;2,280347;0,662506;0,752902;3,345832;1,353443;0;0;0;0;0;0;0,322474;0,000425;-0,033706;0,117425;-0,000335;-0,004113;0,022385;-0,000738;0,010148;0;0;0;0;0;0;0;0;0;0;0;0;0;0;0;0;0;0;0;0;0;0;0;0;0,800841;-3,360607;3,244087;0,700347;-13,55132;2,70959;0;0;0;0;0;0;-372,4596;-73,49654;-303,3659;-699,6944;-151,8304;-549,7321;-676,7104;-189,0796;-593,6747;0;0;0;0;0;0;-241,9352;-136,3957;-0,193119;-376,9365;-402,6196;-107,4332;-489,6312;-718,2807;-325,0515;0;0;0;0;0;0;2,739541;-66,9144;-74,42593;-6,468817;-19,57744;-99,21759;-5,369949;-0,94682;-58,66795;0;0;0;0;0;0;0;0;0;0;0;0;0;0;0;0;0;0;0;0;0;0;0;0;-119,2644;665,7698;-496,0906;14,21034;2396,545;17,09908;12,00406;8,573022;10,87655;11,84533;48,80673;36,6012;3,09402;8,311251;-8,209826;12,59963;10,76419;10,26479;-5,996721;47,78999;103,5771;93,79084;-12,07378;83,49284;103,3227;93,87057;-13,36859;83,17056;50,7615;46,80851;32,33299;116,5041;-0,003791;-18,37137;-3,322963;-14,05924;-10,54922;-9,493445;-4,585361;0,250626;0,000458;0,000458;0;0;0;0;0;0;-133,6276;-120,2179;3563,443;7969,838;-0,227451;5712,76;2723,864;1509,659;4641,369;4176,933;-144,9234;1020,369;0,082397;0,027466;0;0;0;0;0;0;23633,39;21270,77
130;2166,667;00:00:02:167;0;0;0;-3,519914;0,050068;3,621712;-5,254309;-3,243258;6,584729;-6,551226;-6,064243;9,236622;-7,168353;-8,177691;11,45113;-2,370207;0;3,621712;-2,370207;0,05009;11,17456;-1,694211;-1,007024;16,09898;-1,351769;-2,04142;18,57534;-1,096739;-3,198793;20,37557;-0,895299;-0,03505;3,621712;-0,101118;0,01504;11,13133;0,301696;-4,194438;14,85291;-0,041626;-6,196146;12,57081;-0,330172;-4,539106;10,70372;0,443679;-0,000078;3,621712;1,958848;0,050012;10,3956;1,956898;-4,900703;10,96029;1,282807;-4,757157;8,249261;1,210371;-2,220051;8,410883;1,743431;-0,000171;3,621712;3,958467;0,049919;9,102249;3,988765;-3,889036;9,573995;3,623649;-5,460263;8,338072;2,93961;-5,782617;6,160161;0;0;0;-39,34618;-36,35446;116,3583;-36,25211;-36,35447;116,3584;-28,73714;-36,0246;116,7162;-28,73714;-36,02459;116,7162;-0,379977;0;0;11,94125;7,91638;-0,475915;22,51294;7,768925;0,254105;32,633;7,334357;1,151889;32,60759;7,459649;0,954465;-0,380045;6,036885;0;48,36518;6,067511;0,098352;138,9063;7,598506;-1,111274;-138,6986;8,509683;0,317424;-138,7233;8,653385;0,151955;-0,413454;12,60826;0;83,34498;12,07381;-1,420641;-177,4056;14,03063;-1,43514;-86,25578;13,3135;2,498743;-86,25156;13,5832;2,516905;-0,485496;22,00679;0;82,97962;13,36752;-1,190102;129,0315;15,03487;-1,205827;172,4874;17,66314;1,740927;172,3979;17,62582;1,445771;0;0;0;0;0;0;3,132507;1,476891;3,544182;5,894243;2,888337;6,453127;6,384909;3,972217;7,634728;0;0;0;0;0;0;-1,430891;2,450701;0,736982;-2,08226;4,445884;1,678348;-2,483843;6,391659;3,012746;0;0;0;0;0;0;-0,034411;-2,868466;-3,199428;2,092056;-34,72153;18,91306;-5,176353;-71,9573;-30,20064;0;0;0;0;0;0;0;0;0;-0,530094;-11,85943;-0,931978;-5,351783;-9,350627;-20,7341;0;0;0;0;0;0;0;0;0;1,81324;-6,676063;7,272273;2,268646;-28,23678;8,534923;0;0;0;0;0;0;549,1568;81,78323;418,8001;1031,454;174,0499;758,1317;1367,894;281,766;950,9235;0;0;0;0;0;0;-106,0659;74,13021;30,62546;-157,9995;129,9322;60,95051;-194,2046;182,7496;99,55823;0;0;0;0;0;0;-21,41308;-172,1334;-189,9433;118,4778;-2083,271;1135,03;-311,9243;-4317,393;-1812,647;0;0;0;0;0;0;0;0;0;-31,80563;-711,5659;-55,91869;-321,107;-561,0376;-1244,046;0;0;0;0;0;0;0;0;0;60,74398;-198,9274;241,6911;94,09792;-881,1271;349,52;11,88695;7,781941;10,72099;11,65768;48,02216;35,34248;3,094084;7,726594;-7,917528;12,11567;10,47118;10,00111;-6,067211;48,52032;90,68334;82,18835;-12,07378;83,49284;99,25444;90,20293;-13,36859;83,17056;46,04377;42,565;-47,07435;-75,52299;0,003791;-35,07937;17,5379;-29,03744;-17,58087;-15,82106;-4,229422;43,81988;-773,6251;-696,1491;0;0;-244,0956;-220,0584;0;0;-283,0641;-254,6104;-4764,44;-11521,62;0,454903;-1002,48;1251,652;-898,6918;-421,8991;-379,6566;21,35636;2614,155;-46417,53;-41768,97;0;0;-14645,74;-13203,5;0;0;-8966,189;-8063,552
131;2183,333;00:00:02:183;0;0;0;-3,519914;0,050068;3,621712;-5,22271;-3,22143;6,626937;-6,491726;-6,022153;9,313577;-7,098739;-8,11935;11,54625;-2,370207;0;3,621712;-2,370207;0,05009;11,17456;-1,677807;-0,986807;16,101;-1,326867;-2,013591;18,57933;-1,065512;-3,167101;20,38114;-0,895299;-0,03505;3,621712;-0,101118;0,01504;11,13133;0,30432;-4,276089;14,75816;-0,018028;-6,521914;12,71243;-0,365282;-5,342587;10,52071;0,443679;-0,000078;3,621712;1,958848;0,050012;10,3956;1,956898;-4,900703;10,96029;1,275512;-5,235421;8,268011;1,007742;-2,786839;7,634748;1,743431;-0,000171;3,621712;3,958467;0,049919;9,102249;3,988765;-3,889036;9,573995;3,63818;-5,507249;8,395841;2,962565;-5,990472;6,245221;0;0;0;-38,59306;-36,07975;116,0797;-35,49899;-36,07976;116,0797;-28,23558;-35,7537;116,4416;-28,23558;-35,7537;116,4416;-0,379977;0;0;11,70834;8,096091;-0,465013;22,34105;7,951564;0,265925;32,51694;7,519642;1,165395;32,49084;7,644535;0,967632;-0,380045;6,036885;0;49,63233;6,250401;0,109607;132,5251;7,807579;-1,066113;-151,9723;8,870437;0,252316;-152,0025;8,97272;0,057718;-0,413454;12,60826;0;83,34498;12,07381;-1,420641;172,7775;14,03063;-1,435142;-104,8678;13,97461;2,572631;-104,8853;14,23584;2,501083;-0,485496;22,00679;0;82,97962;13,36752;-1,190102;126,8923;15,03487;-1,205825;168,3961;17,76748;1,636735;168,3072;17,71019;1,344973;0;0;0;0;0;0;1,895919;1,309633;2,532452;3,569975;2,525411;4,617288;4,176825;3,500372;5,707517;0;0;0;0;0;0;0,984192;1,213051;0,121146;1,494124;1,669765;0,2397;1,873618;1,90153;0,334114;0;0;0;0;0;0;0,157462;-4,89901;-5,684584;1,415893;-19,54601;8,497237;-2,106601;-48,20886;-10,98105;0;0;0;0;0;0;0;0;0;-0,437686;-28,69583;1,125008;-12,15774;-34,00728;-46,56806;0;0;0;0;0;0;0;0;0;0,871874;-2,819136;3,466129;1,377281;-12,47131;5,103618;0;0;0;0;0;0;-74,19527;-10,03548;-60,70376;-139,4561;-21,77551;-110,1503;-132,485;-28,31069;-115,6327;0;0;0;0;0;0;144,905;-74,25896;-36,9501;214,5831;-166,5672;-86,31885;261,4476;-269,4078;-160,7179;0;0;0;0;0;0;11,51237;-121,8326;-149,1093;-40,56974;910,5308;-624,9493;184,1851;1424,906;1153,175;0;0;0;0;0;0;0;0;0;5,544458;-1010,184;123,4192;-408,3576;-1479,399;-1550,038;0;0;0;0;0;0;0;0;0;-56,48195;231,4156;-228,3686;-53,4819;945,928;-205,8783;11,78897;7,355378;10,46186;11,56991;47,42916;34,53644;3,093957;7,476089;-8,09723;11,88589;10,52979;10,05383;-6,25006;49,79576;83,0307;75,30254;-12,07378;83,49284;89,43189;81,34916;-13,36859;83,17056;43,90479;40,64136;-35,57991;-48,3625;-0,007596;-15,0303;-10,78211;-13,78687;3,516941;3,163261;-10,97093;76,52641;-459,1584;-413,1486;0;0;-589,3528;-531,226;0;0;-128,3384;-115,4182;689,6665;1629,629;-0,683212;1202,944;-1699,2;915,034;1265,869;1139,059;-404,4908;1962,391;18868;16980,03;0;0;-20715,43;-18670,05;0;0;9283,543;8351,531
132;2200;00:00:02:200;0;0;0;-3,519914;0,050068;3,621712;-5,22271;-3,22143;6,626937;-6,491726;-6,022153;9,313577;-7,098739;-8,11935;11,54625;-2,370207;0;3,621712;-2,370207;0,05009;11,17456;-1,677807;-0,986807;16,101;-1,326867;-2,013591;18,57933;-1,065512;-3,167101;20,38114;-0,895299;-0,03505;3,621712;-0,101118;0,01504;11,13133;0,30432;-4,276089;14,75816;-0,018028;-6,521914;12,71243;-0,365282;-5,342587;10,52071;0,443679;-0,000078;3,621712;1,958848;0,050012;10,3956;1,956898;-4,900703;10,96029;1,275512;-5,235421;8,268011;1,007742;-2,786839;7,634748;1,743431;-0,000171;3,621712;3,958467;0,049919;9,102249;3,988765;-3,889036;9,573995;3,63818;-5,507249;8,395841;2,962565;-5,990472;6,245221;0;0;0;-38,59306;-36,07975;116,0797;-35,49899;-36,07976;116,0797;-28,23558;-35,7537;116,4416;-28,23558;-35,7537;116,4416;-0,379977;0;0;11,70834;8,096091;-0,465013;22,34105;7,951564;0,265925;32,51694;7,519642;1,165395;32,49084;7,644535;0,967632;-0,380045;6,036885;0;49,63233;6,250401;0,109607;132,5251;7,807579;-1,066113;-151,9723;8,870437;0,252316;-152,0025;8,97272;0,057718;-0,413454;12,60826;0;83,34498;12,07381;-1,420641;172,7775;14,03063;-1,435142;-104,8678;13,97461;2,572631;-104,8853;14,23584;2,501083;-0,485496;22,00679;0;82,97962;13,36752;-1,190102;126,8923;15,03487;-1,205825;168,3961;17,76748;1,636735;168,3072;17,71019;1,344973;0;0;0;0;0;0;0;0;0;0;0;0;0;0;0;0;0;0;0;0;0;0;0;0;0;0;0;0;0;0;0;0;0;0;0;0;0;0;0;0;0;0;0;0;0;0;0;0;0;0;0;0;0;0;0;0;0;0;0;0;0;0;0;0;0;0;0;0;0;0;0;0;0;0;0;0;0;0;0;0;0;-113,7552;-78,57798;-151,9471;-214,1985;-151,5247;-277,0373;-250,6095;-210,0223;-342,451;0;0;0;0;0;0;-59,05151;-72,78307;-7,268785;-89,64746;-100,1859;-14,382;-112,4171;-114,0918;-20,04683;0;0;0;0;0;0;-9,447744;293,9406;341,075;-84,9536;1172,761;-509,8342;126,3961;2892,531;658,8631;0;0;0;0;0;0;0;0;0;26,26117;1721,75;-67,50046;729,4646;2040,437;2794,083;0;0;0;0;0;0;0;0;0;-52,31246;169,1481;-207,9678;-82,63684;748,2786;-306,217;11,78897;7,355378;10,46186;11,56991;47,42916;34,53644;3,093957;7,476089;-8,09723;11,88589;10,52979;10,05383;-6,25006;49,79576;83,0307;75,30254;-12,07378;83,49284;89,43189;81,34916;-13,36859;83,17056;43,90479;40,64136;-35,57991;-48,3625;-0,007596;-15,0303;-10,78211;-13,78687;3,516941;3,163261;-10,97093;76,52641;-459,1584;-413,1486;0;0;-589,3528;-531,226;0;0;-128,3384;-115,4182;689,6665;1629,629;-0,683212;1202,944;-1699,2;915,034;1265,869;1139,059;-404,4908;1962,391;18868;16980,03;0;0;-20715,43;-18670,05;0;0;9283,543;8351,531
133;2216,667;00:00:02:217;0;0;0;-3,519914;0,050068;3,621712;-5,22271;-3,22143;6,626937;-6,491726;-6,022153;9,313577;-7,098739;-8,11935;11,54625;-2,370207;0;3,621712;-2,370207;0,05009;11,17456;-1,677807;-0,986807;16,101;-1,326867;-2,013591;18,57933;-1,065512;-3,167101;20,38114;-0,895299;-0,03505;3,621712;-0,101118;0,01504;11,13133;0,30432;-4,276089;14,75816;-0,018028;-6,521914;12,71243;-0,365282;-5,342587;10,52071;0,443679;-0,000078;3,621712;1,958848;0,050012;10,3956;1,956898;-4,900703;10,96029;1,275512;-5,235421;8,268011;1,007742;-2,786839;7,634748;1,743431;-0,000171;3,621712;3,958467;0,049919;9,102249;3,988765;-3,889036;9,573995;3,63818;-5,507249;8,395841;2,962565;-5,990472;6,245221;0;0;0;-38,59306;-36,07975;116,0797;-35,49899;-36,07976;116,0797;-28,23558;-35,7537;116,4416;-28,23558;-35,7537;116,4416;-0,379977;0;0;11,70834;8,096091;-0,465013;22,34105;7,951564;0,265925;32,51694;7,519642;1,165395;32,49084;7,644535;0,967632;-0,380045;6,036885;0;49,63233;6,250401;0,109607;132,5251;7,807579;-1,066113;-151,9723;8,870437;0,252316;-152,0025;8,97272;0,057718;-0,413454;12,60826;0;83,34498;12,07381;-1,420641;172,7775;14,03063;-1,435142;-104,8678;13,97461;2,572631;-104,8853;14,23584;2,501083;-0,485496;22,00679;0;82,97962;13,36752;-1,190102;126,8923;15,03487;-1,205825;168,3961;17,76748;1,636735;168,3072;17,71019;1,344973;0;0;0;0;0;0;0;0;0;0;0;0;0;0;0;0;0;0;0;0;0;0;0;0;0;0;0;0;0;0;0;0;0;0;0;0;0;0;0;0;0;0;0;0;0;0;0;0;0;0;0;0;0;0;0;0;0;0;0;0;0;0;0;0;0;0;0;0;0;0;0;0;0;0;0;0;0;0;0;0;0;0;0;0;0;0;0;0;0;0;0;0;0;0;0;0;0;0;0;0;0;0;0;0;0;0;0;0;0;0;0;0;0;0;0;0;0;0;0;0;0;0;0;0;0;0;0;0;0;0;0;0;0;0;0;0;0;0;0;0;0;0;0;0;0;0;0;0;0;0;11,78897;7,355378;10,46186;11,56991;47,42916;34,53644;3,093957;7,476089;-8,09723;11,88589;10,52979;10,05383;-6,25006;49,79576;83,0307;75,30254;-12,07378;83,49284;89,43189;81,34916;-13,36859;83,17056;43,90479;40,64136;0;0;0;0;0;0;0;0;0;0;0;0;0;0;0;0;0;0;0;0;2134,794;2901,75;0,455761;901,8178;646,9264;827,212;-211,0164;-189,7957;658,256;-4591,584;27549,51;24788,92;0;0;35361,17;31873,56;0;0;7700,303;6925,094
134;2233,333;00:00:02:233;0;0;0;-3,519914;0,050068;3,621712;-5,072803;-3,167541;6,763227;-6,210156;-5,915864;9,560659;-6,730258;-7,965382;11,85859;-2,370207;0;3,621712;-2,370207;0,05009;11,17456;-1,775861;-0,969657;16,11736;-1,474932;-1,994219;18,60318;-1,250596;-3,150309;20,40831;-0,895299;-0,03505;3,621712;-0,101118;0,01504;11,13133;0,277794;-4,558666;14,39778;-0,009967;-7,052831;12,65739;-0,412788;-6,628881;10,2134;0,443679;-0,000078;3,621712;1,958848;0,050012;10,3956;1,956898;-4,900703;10,96029;1,300605;-5,912152;8,436218;0,78021;-4,04541;6,789181;1,743431;-0,000171;3,621712;3,958467;0,049919;9,102249;3,988765;-3,889036;9,573995;3,66248;-5,577823;8,491817;3,006771;-6,313487;6,4076;0;0;0;-35,83529;-35,46031;115,4607;-32,74123;-35,46032;115,4608;-25,84585;-35,14872;115,8387;-25,84585;-35,14873;115,8388;-0,379977;0;0;11,51181;6,96479;-0,533493;22,27658;6,822836;0,196073;32,56657;6,392055;1,093873;32,54441;6,517126;0,896701;-0,380045;6,036885;0;54,29889;6,448432;0,121803;125,1301;8,095483;-0,922764;-170,2474;9,31754;0,247416;-170,2826;9,354374;0,029911;-0,413454;12,60826;0;83,34498;12,07381;-1,420641;158,4479;14,03063;-1,435145;-132,087;14,93893;2,470581;-132,1357;15,13945;2,282915;-0,485496;22,00679;0;82,97962;13,36752;-1,190102;123,4637;15,03487;-1,205826;161,8358;17,92667;1,461195;161,7488;17,83801;1,177986;0;0;0;0;0;0;8,99443;3,233358;8,177428;16,89416;6,37731;14,82497;22,10882;9,238109;18,74064;0;0;0;0;0;0;-5,883224;1,028946;0,98151;-8,883906;1,16229;1,43069;-11,10503;1,007527;1,630515;0;0;0;0;0;0;-1,591589;-16,95464;-21,62271;0,483669;-31,85507;-3,302693;-2,850347;-77,17759;-18,43826;0;0;0;0;0;0;0;0;0;1,505602;-40,60384;10,09248;-13,65192;-75,51424;-50,73407;0;0;0;0;0;0;0;0;0;1,457982;-4,234447;5,758613;2,652369;-19,38084;9,742722;0;0;0;0;0;0;539,6658;194,0015;490,6457;1013,65;382,6385;889,4982;1326,529;554,2865;1124,438;0;0;0;0;0;0;-352,9934;61,73673;58,89058;-533,0343;69,73742;85,84141;-666,3019;60,45162;97,83089;0;0;0;0;0;0;-95,49535;-1017,279;-1297,363;29,02016;-1911,304;-198,1616;-171,0208;-4630,655;-1106,296;0;0;0;0;0;0;0;0;0;90,33612;-2436,23;605,5488;-819,1154;-4530,854;-3044,044;0;0;0;0;0;0;0;0;0;87,4789;-254,0668;345,5168;159,1422;-1162,85;584,5632;11,23874;6,663582;9,872805;11,2806;45,68558;31,30377;3,09402;7,114195;-6,965818;11,65712;10,67629;10,18569;-6,448075;54,4663;70,95166;64,43405;-12,07378;83,49284;75,09492;68,4317;-13,36859;83,17056;40,47668;37,55883;-104,615;-193,9603;0,003805;-21,71367;67,88469;-13,72604;8,789635;7,911357;-11,88088;280,2328;-724,7424;-652,1095;0;0;-860,218;-775,0474;0;0;-205,6865;-184,9516;-6276,9;-11637,62;0,22831;-1302,82;4073,081;-823,5625;527,3781;474,6814;-712,853;16813,97;-43484,54;-39126,57;0;0;-51613,08;-46502,84;0;0;-12341,19;-11097,1
135;2250;00:00:02:250;0;0;0;-3,519914;0,050068;3,621712;-5,027434;-3,140921;6,812098;-6,124918;-5,864491;9,649381;-6,624401;-7,894005;11,96954;-2,370207;0;3,621712;-2,370207;0,05009;11,17456;-1,836033;-1,01386;16,11491;-1,566067;-2,056807;18,59664;-1,364726;-3,223745;20,3975;-0,895299;-0,03505;3,621712;-0,101118;0,01504;11,13133;0,245671;-4,689368;14,21035;-0,028407;-7,219998;12,52113;-0,429299;-6,987041;10,0513;0,443679;-0,000078;3,621712;1,958848;0,050012;10,3956;1,956898;-4,900703;10,96029;1,316509;-6,107703;8,519441;0,734777;-4,509214;6,628755;1,743431;-0,000171;3,621712;3,958467;0,049919;9,102249;3,988765;-3,889036;9,573995;3,673442;-5,606708;8,534886;3,02884;-6,449632;6,488161;0;0;0;-34,89001;-35,15877;115,164;-31,79594;-35,15878;115,164;-25,12443;-34,85232;115,5468;-25,12442;-34,85232;115,5468;-0,379977;0;0;12,02289;6,292976;-0,573999;22,69097;6,144624;0,153289;32,89077;5,707489;1,046803;32,87105;5,833671;0,850601;-0,380045;6,036885;0;56,64193;6,259809;0,110187;123,9389;7,947937;-0,865095;-174,6364;9,193839;0,278649;-174,6715;9,214141;0,059007;-0,413454;12,60826;0;83,34498;12,07381;-1,420641;154,0816;14,03063;-1,435145;-140,3939;15,22465;2,390182;-140,4509;15,39685;2,174195;-0,485496;22,00679;0;82,97962;13,36752;-1,190102;121,9692;15,03487;-1,205825;158,975;17,99284;1,381516;158,8893;17,89083;1,103214;0;0;0;0;0;0;2,722129;1,597188;2,932235;5,114324;3,08235;5,32329;6,351471;4,282638;6,656617;0;0;0;0;0;0;-3,610331;-2,652179;-0,146985;-5,468096;-3,755282;-0,392586;-6,847847;-4,406154;-0,649005;0;0;0;0;0;0;-1,927379;-7,84213;-11,24605;-1,106439;-10,03003;-8,175104;-0,99066;-21,48963;-9,726047;0;0;0;0;0;0;0;0;0;0,954252;-11,73305;4,993334;-2,725999;-27,82823;-9,625553;0;0;0;0;0;0;0;0;0;0,657767;-1,733109;2,584129;1,324139;-8,168712;4,833653;0;0;0;0;0;0;-376,338;-98,17018;-314,7116;-706,7901;-197,6976;-570,1007;-945,441;-297,3282;-725,0412;0;0;0;0;0;0;136,3736;-220,8675;-67,70967;204,9486;-295,0544;-109,3966;255,4311;-324,8208;-136,7712;0;0;0;0;0;0;-20,1474;546,7508;622,5997;-95,40649;1309,503;-292,3446;111,5812;3341,277;522,733;0;0;0;0;0;0;0;0;0;-33,08102;1732,247;-305,9488;655,5554;2861,16;2466,511;0;0;0;0;0;0;0;0;0;-48,01288;150,0803;-190,469;-79,69378;672,7274;-294,5441;10,97752;6,548397;9,702488;11,1945;45,00541;30,29168;3,094147;6,891449;-6,293949;12,15356;10,5884;10,10657;-6,259463;56,79541;67,40452;61,2424;-12,07378;83,49284;70,72687;64,4978;-13,36859;83,17056;38,98243;36,21537;-40,80986;-60,72509;0,007596;-13,36475;40,31218;29,78611;-5,272979;-4,746952;11,31669;139,7466;-212,8285;-191,499;0;0;-262,0834;-236,0339;0;0;-89,6553;-80,60783;3828,309;7994,112;0,227451;500,9353;-1654,35;2610,729;-843,7568;-759,4985;1391,854;-8429,178;30714,83;27636,63;0;0;35888,07;32340,81;0;0;6961,871;6260,627
136;2266,667;00:00:02:267;0;0;0;-3,519914;0,050068;3,621712;-5,027434;-3,140921;6,812098;-6,124918;-5,864491;9,649381;-6,624401;-7,894005;11,96954;-2,370207;0;3,621712;-2,370207;0,05009;11,17456;-1,836033;-1,01386;16,11491;-1,566067;-2,056807;18,59664;-1,364726;-3,223745;20,3975;-0,895299;-0,03505;3,621712;-0,101118;0,01504;11,13133;0,245671;-4,689368;14,21035;-0,028407;-7,219998;12,52113;-0,429299;-6,987041;10,0513;0,443679;-0,000078;3,621712;1,958848;0,050012;10,3956;1,956898;-4,900703;10,96029;1,316509;-6,107703;8,519441;0,734777;-4,509214;6,628755;1,743431;-0,000171;3,621712;3,958467;0,049919;9,102249;3,988765;-3,889036;9,573995;3,673442;-5,606708;8,534886;3,02884;-6,449632;6,488161;0;0;0;-34,89001;-35,15877;115,164;-31,79594;-35,15878;115,164;-25,12443;-34,85232;115,5468;-25,12442;-34,85232;115,5468;-0,379977;0;0;12,02289;6,292976;-0,573999;22,69097;6,144624;0,153289;32,89077;5,707489;1,046803;32,87105;5,833671;0,850601;-0,380045;6,036885;0;56,64193;6,259809;0,110187;123,9389;7,947937;-0,865095;-174,6364;9,193839;0,278649;-174,6715;9,214141;0,059007;-0,413454;12,60826;0;83,34498;12,07381;-1,420641;154,0816;14,03063;-1,435145;-140,3939;15,22465;2,390182;-140,4509;15,39685;2,174195;-0,485496;22,00679;0;82,97962;13,36752;-1,190102;121,9692;15,03487;-1,205825;158,975;17,99284;1,381516;158,8893;17,89083;1,103214;0;0;0;0;0;0;0;0;0;0;0;0;0;0;0;0;0;0;0;0;0;0;0;0;0;0;0;0;0;0;0;0;0;0;0;0;0;0;0;0;0;0;0;0;0;0;0;0;0;0;0;0;0;0;0;0;0;0;0;0;0;0;0;0;0;0;0;0;0;0;0;0;0;0;0;0;0;0;0;0;0;-163,3277;-95,8313;-175,9341;-306,8594;-184,941;-319,3974;-381,0882;-256,9583;-399,397;0;0;0;0;0;0;216,6198;159,1308;8,819101;328,0858;225,3169;23,55516;410,8708;264,3692;38,9403;0;0;0;0;0;0;115,6428;470,5278;674,7632;66,38634;601,8018;490,5062;59,43959;1289,378;583,5627;0;0;0;0;0;0;0;0;0;-57,2551;703,9832;-299,6;163,5599;1669,694;577,5331;0;0;0;0;0;0;0;0;0;-39,46602;103,9866;-155,0477;-79,44836;490,1227;-290,0192;10,97752;6,548397;9,702488;11,1945;45,00541;30,29168;3,094147;6,891449;-6,293949;12,15356;10,5884;10,10657;-6,259463;56,79541;67,40452;61,2424;-12,07378;83,49284;70,72687;64,4978;-13,36859;83,17056;38,98243;36,21537;-40,80986;-60,72509;0,007596;-13,36475;40,31218;29,78611;-5,272979;-4,746952;11,31669;139,7466;-212,8285;-191,499;0;0;-262,0834;-236,0339;0;0;-89,6553;-80,60783;3828,309;7994,112;0,227451;500,9353;-1654,35;2610,729;-843,7568;-759,4985;1391,854;-8429,178;30714,83;27636,63;0;0;35888,07;32340,81;0;0;6961,871;6260,627
137;2283,333;00:00:02:283;0;0;0;-3,519914;0,050068;3,621712;-5,041956;-3,126787;6,819301;-6,151994;-5,838558;9,662994;-6,669505;-7,861222;11,98518;-2,370207;0;3,621712;-2,370207;0,05009;11,17456;-1,845807;-1,171829;16,07928;-1,582309;-2,288838;18,52927;-1,386853;-3,506081;20,29718;-0,895299;-0,03505;3,621712;-0,101118;0,01504;11,13133;0,230592;-4,76767;14,08899;-0,03457;-7,333312;12,45197;-0,436897;-7,257515;9,972569;0,443679;-0,000078;3,621712;1,958848;0,050012;10,3956;1,956898;-4,900703;10,96029;1,331471;-6,255151;8,594069;0,70877;-4,888978;6,541244;1,743431;-0,000171;3,621712;3,958467;0,049919;9,102249;3,988765;-3,889036;9,573995;3,682633;-5,629619;8,570888;3,048263;-6,559334;6,558842;0;0;0;-34,89125;-34,97346;114,9831;-31,79718;-34,97348;114,9831;-25,29119;-34,667;115,365;-25,29119;-34,66702;115,365;-0,379977;0;0;13,85114;6,244498;-0,576917;24,40068;6,073162;0,145159;34,4923;5,609727;1,025041;34,47326;5,741316;0,832492;-0,380045;6,036885;0;58,11863;6,226399;0,10813;122,7547;7,938953;-0,822859;-178,2244;9,207998;0,294569;-178,2597;9,214691;0,074066;-0,413454;12,60826;0;83,34498;12,07381;-1,420641;150,6823;14,03063;-1,435146;-146,8653;15,44248;2,311986;-146,9282;15,5901;2,077014;-0,485496;22,00679;0;82,97962;13,36752;-1,190102;120,7384;15,03486;-1,205826;156,6186;18,0458;1,314513;156,5341;17,933;1,04078;0;0;0;0;0;0;-0,871316;0,84807;0,432193;-1,624547;1,556016;0,816822;-2,706259;1,966998;0,938684;0;0;0;0;0;0;-0,586431;-9,478132;-2,137631;-0,974502;-13,92185;-4,041731;-1,327626;-16,94018;-6,019055;0;0;0;0;0;0;-0,904726;-4,69809;-7,28175;-0,36977;-6,798819;-4,149779;-0,455881;-16,22844;-4,723951;0;0;0;0;0;0;0;0;0;0,897668;-8,846864;4,477679;-1,560408;-22,78581;-5,250647;0;0;0;0;0;0;0;0;0;0,551417;-1,374632;2,160072;1,165353;-6,582141;4,240885;0;0;0;0;0;0;-52,27893;50,88419;25,9316;-97,47281;93,36098;49,00932;-162,3755;118,0199;56,32102;0;0;0;0;0;0;-35,18588;-568,6879;-128,2579;-58,47013;-835,3109;-242,5039;-79,65757;-1016,411;-361,1433;0;0;0;0;0;0;-54,28354;-281,8854;-436,905;-22,18622;-407,9291;-248,9867;-27,35283;-973,7062;-283,437;0;0;0;0;0;0;0;0;0;53,86009;-530,8118;268,6607;-93,62451;-1367,149;-315,0388;0;0;0;0;0;0;0;0;0;33,08504;-82,47791;129,6043;69,92115;-394,9284;254,4531;10,76861;6,57727;9,638966;11,20603;44,81363;30,45432;3,09402;6,724383;-6,245573;13,98938;10,47116;10,00107;-6,226079;58,26712;64,73698;58,84214;-12,07378;83,49284;67,32646;61,43595;-13,36859;83,17056;37,7519;35,10908;-11,50703;9,758262;-0,007596;-10,02394;2,902565;110,1493;-7,034797;-6,330013;2,003059;88,30238;-160,0525;-144,0157;0;0;-204,0243;-183,7113;0;0;-73,83201;-66,37756;1758,169;4229,001;-0,911522;200,449;-2244,577;4821,789;-105,7091;-94,98367;-558,8177;-3086,65;3166,562;2849,001;0;0;3483,546;3139,357;0;0;949,3972;853,8157
138;2300;00:00:02:300;0;0;0;-3,519914;0,050068;3,621712;-5,056612;-3,121608;6,817432;-6,179402;-5,829377;9,659932;-6,711046;-7,850486;11,98028;-2,370207;0;3,621712;-2,370207;0,05009;11,17456;-1,835677;-1,25252;16,05737;-1,568084;-2,412271;18,48697;-1,370489;-3,66192;20,23189;-0,895299;-0,03505;3,621712;-0,101118;0,01504;11,13133;0,225544;-4,797862;14,04017;-0,034594;-7,386169;12,43841;-0,437881;-7,399444;9,958036;0,443679;-0,000078;3,621712;1,958848;0,050012;10,3956;1,956898;-4,900703;10,96029;1,33978;-6,327119;8,634522;0,699027;-5,083801;6,510406;1,743431;-0,000171;3,621712;3,958467;0,049919;9,102249;3,988765;-3,889036;9,573995;3,687947;-5,642351;8,591668;3,05986;-6,620975;6,600961;0;0;0;-35,01317;-34,89943;114,911;-31,91909;-34,89944;114,9111;-25,49557;-34,59231;115,2919;-25,49557;-34,59231;115,2919;-0,379977;0;0;14,78988;6,39672;-0,56775;25,39956;6,213636;0,151605;35,54512;5,735003;1,023436;35,5259;5,870089;0,833306;-0,380045;6,036885;0;58,70473;6,23031;0,108371;121,9656;7,95224;-0,804903;179,7446;9,236405;0,294778;179,7092;9,23538;0,074158;-0,413454;12,60826;0;83,34498;12,07381;-1,420641;148,9827;14,03063;-1,435147;-150,1025;15,54962;2,267843;-150,168;15,68421;2,024472;-0,485496;22,00679;0;82,97962;13,36752;-1,190102;120,0351;15,03487;-1,205827;155,2719;18,07544;1,275675;155,1881;17,95656;1,004762;0;0;0;0;0;0;-0,879318;0,310745;-0,112161;-1,644507;0,550881;-0,183776;-2,492443;0,644132;-0,294283;0;0;0;0;0;0;0,6078;-4,841443;-1,314461;0,853524;-7,405947;-2,537906;0,981867;-9,350314;-3,917545;0;0;0;0;0;0;-0,302883;-1,811519;-2,929061;-0,001403;-3,171444;-0,813961;-0,059056;-8,515744;-0,871986;0;0;0;0;0;0;0;0;0;0,498561;-4,318132;2,42722;-0,584596;-11,68942;-1,850232;0;0;0;0;0;0;0;0;0;0,31887;-0,76396;1,246869;0,695866;-3,698498;2,527133;0;0;0;0;0;0;-0,480115;-32,23948;-32,66125;-1,197606;-60,30812;-60,03588;12,82901;-79,37191;-73,978;0;0;0;0;0;0;71,65386;278,2014;49,39019;109,6816;390,9541;90,22949;138,5696;455,3921;126,0906;0;0;0;0;0;0;36,11057;173,1942;261,1613;22,10207;217,6425;200,1491;23,80946;462,7614;231,1179;0;0;0;0;0;0;0;0;0;-23,94642;271,7238;-123,0275;58,54877;665,7832;204,0249;0;0;0;0;0;0;0;0;0;-13,95285;36,64031;-54,79216;-28,16923;173,0186;-102,8251;10,68432;6,606474;9,616819;11,22138;44,78366;30,68112;3,09402;6,640921;-6,397856;14,93717;10,52981;10,05383;-6,230014;58,85194;63,35927;57,60249;-12,07378;83,49284;65,62631;59,90528;-13,36859;83,17056;37,04873;34,47694;-1,798324;13,60828;0;-5,007762;-9,13702;56,86758;3,519287;3,165607;-0,23612;35,08942;-82,66227;-74,37904;0;0;-102,009;-91,83997;0;0;-42,18979;-37,92846;582,5225;231,0013;0,455761;300,9704;-722,3751;-3196,901;633,245;569,7372;-134,3508;-3192,777;4643,412;4178,197;0;0;6120,922;5512,279;0;0;1898,533;1706,946
139;2316,667;00:00:02:317;0;0;0;-3,519914;0,050068;3,621712;-5,095295;-3,110954;6,809141;-6,251791;-5,810783;9,645675;-6,815353;-7,828791;11,96118;-2,370207;0;3,621712;-2,370207;0,05009;11,17456;-1,869659;-1,477896;15,99525;-1,621895;-2,754136;18,36789;-1,440977;-4,090109;20,04951;-0,895299;-0,03505;3,621712;-0,101118;0,01504;11,13133;0,214619;-4,857891;13,9397;-0,03528;-7,488614;12,40689;-0,438544;-7,676411;9,933601;0,443679;-0,000078;3,621712;1,958848;0,050012;10,3956;1,956898;-4,900703;10,96029;1,356034;-6,452981;8,71216;0,687226;-5,43958;6,477437;1,743431;-0,000171;3,621712;3,958467;0,049919;9,102249;3,988765;-3,889036;9,573995;3,697809;-5,665006;8,630148;3,08205;-6,731898;6,68138;0;0;0;-35,37821;-34,74324;114,7598;-32,28415;-34,74327;114,7598;-25,96936;-34,43415;115,1375;-25,96937;-34,43415;115,1375;-0,379977;0;0;17,43709;6,111034;-0,584949;28,15921;5,89515;0,124736;38,40271;5,375381;0,97191;38,38534;5,519731;0,788901;-0,380045;6,036885;0;59,90034;6,229032;0,108293;120,4403;7,969528;-0,768526;175,762;9,282221;0,296232;175,7265;9,266075;0,076193;-0,413454;12,60826;0;83,34498;12,07381;-1,420641;145,935;14,03063;-1,435147;-155,9095;15,73837;2,180406;-155,9794;15,84854;1,923917;-0,485496;22,00679;0;82,97962;13,36752;-1,190102;118,7458;15,03487;-1,205819;152,8026;18,12857;1,20346;152,7203;17,9987;0,938113;0;0;0;0;0;0;-2,321005;0,639193;-0,49746;-4,343345;1,115642;-0,855401;-6,258443;1,301721;-1,145661;0;0;0;0;0;0;-2,038903;-13,52257;-3,727197;-3,228676;-20,51194;-7,144867;-4,229262;-25,69134;-10,9427;0;0;0;0;0;0;-0,655487;-3,601759;-6,028175;-0,0412;-6,146684;-1,890912;-0,039783;-16,61798;-1,466095;0;0;0;0;0;0;0;0;0;0,97524;-7,551669;4,658237;-0,70807;-21,34672;-1,978218;0;0;0;0;0;0;0;0;0;0,591695;-1,359276;2,308756;1,33137;-6,655365;4,82516;0;0;0;0;0;0;-86,50122;19,70686;-23,11795;-161,9303;33,88568;-40,2975;-225,96;39,45529;-51,08266;0;0;0;0;0;0;-158,8022;-520,8679;-144,7641;-244,9319;-786,3593;-276,4177;-312,6678;-980,4612;-421,5091;0;0;0;0;0;0;-21,15626;-107,4144;-185,9468;-2,387836;-178,5144;-64,61709;1,156367;-486,1342;-35,64655;0;0;0;0;0;0;0;0;0;28,60073;-194,0122;133,861;-7,408428;-579,4376;-7,679163;0;0;0;0;0;0;0;0;0;16,36952;-35,71897;63,71319;38,13028;-177,412;137,8816;10,4059;6,693131;9,595233;11,27112;44,76168;31,30081;3,09402;6,529517;-6,112215;17,58672;10,64699;10,15929;-6,228724;60,04431;60,63328;55,14964;-12,07378;83,49284;62,57792;57,16112;-13,36859;83,17056;35,75962;33,31811;-1,318817;37,18139;0;-6,684207;17,13847;158,9729;7,030792;6,327724;0,077448;71,54205;-163,5596;-147,1712;0;0;-182,9038;-164,6498;0;0;-77,34695;-69,52972;28,77044;1414,386;0;-100,5867;1576,529;6126,319;210,6903;189,727;18,81409;2187,158;-4853,841;-4367,532;0;0;-4853,69;-4368,589;0;0;-2109,43;-1896,076
140;2333,333;00:00:02:333;0;0;0;-3,519914;0,050068;3,621712;-5,07467;-3,100967;6,829094;-6,213053;-5,791397;9,681839;-6,767808;-7,801917;12,00597;-2,370207;0;3,621712;-2,370207;0,05009;11,17456;-1,860606;-1,751125;15,899;-1,611915;-3,166902;18,19101;-1,433315;-4,60474;19,78666;-0,895299;-0,03505;3,621712;-0,101118;0,01504;11,13133;0,205421;-4,901241;13,86415;-0,034667;-7,568999;12,39511;-0,435477;-7,90736;9,937485;0,443679;-0,000078;3,621712;1,958848;0,050012;10,3956;1,956898;-4,900703;10,96029;1,367934;-6,535245;8,768011;0,683498;-5,682568;6,471761;1,743431;-0,000171;3,621712;3,958467;0,049919;9,102249;3,988765;-3,889036;9,573995;3,706216;-5,683362;8,662878;3,101624;-6,822979;6,752156;0;0;0;-34,97979;-34,6324;114,6529;-31,88573;-34,63242;114,6529;-25,6829;-34,32548;115,0327;-25,6829;-34,32548;115,0327;-0,379977;0;0;20,6974;6,37058;-0,569323;31,56756;6,114895;0,127176;41,94251;5,545925;0,942082;41,92549;5,70125;0,768323;-0,380045;6,036885;0;60,79104;6,20972;0,107103;119,0489;7,963559;-0,742263;172,3086;9,301471;0,289901;172,2734;9,272269;0,07124;-0,413454;12,60826;0;83,34498;12,07381;-1,420641;143,8837;14,03063;-1,435146;-159,8199;15,86276;2,115657;-159,8922;15,95584;1,851802;-0,485496;22,00679;0;82,97962;13,36752;-1,190102;117,6615;15,03487;-1,205825;150,7258;18,17203;1,141742;150,6449;18,03311;0,881459;0;0;0;0;0;0;1,237482;0,59925;1,197204;2,32429;1,16314;2,169817;2,852708;1,61241;2,68726;0;0;0;0;0;0;0,543159;-16,39375;-5,775422;0,59877;-24,76595;-10,61305;0,459686;-30,87786;-15,77076;0;0;0;0;0;0;-0,551904;-2,600983;-4,533201;0,036813;-4,823059;-0,706941;0,184047;-13,85696;0,232995;0;0;0;0;0;0;0;0;0;0,714026;-4,935845;3,351063;-0,223638;-14,57926;-0,340506;0;0;0;0;0;0;0;0;0;0,504412;-1,10136;1,963824;1,174428;-5,464866;4,246518;0;0;0;0;0;0;213,5092;-2,396554;101,6798;400,0581;2,849847;181,5131;546,6691;18,64136;229,9753;0;0;0;0;0;0;154,9237;-172,2705;-122,8934;229,6467;-255,241;-208,0911;281,3369;-311,1911;-289,6839;0;0;0;0;0;0;6,215013;60,0466;89,69843;4,680789;79,41752;71,03829;13,42982;165,6612;101,9454;0;0;0;0;0;0;0;0;0;-15,67282;156,9494;-78,43045;29,06593;406,0475;98,26271;0;0;0;0;0;0;0;0;0;-5,237013;15,475;-20,69592;-9,416565;71,42992;-34,71851;9,96082;6,662445;9,520561;11,22348;44,49227;30,86148;3,09402;6,418205;-6,371968;20,86959;10,79352;10,29119;-6,209431;60,93161;58,34708;53,09246;-12,07378;83,49284;60,52621;55,31441;-13,36859;83,17056;34,67563;32,3437;-16,16455;-26,35975;0;-6,678743;-15,58519;196,9719;8,79158;7,913761;1,15757;53,23814;-137,1721;-123,4302;0;0;-123,102;-110,8024;0;0;-65,03906;-58,46443;-890,744;-3812,468;0;0,327873;-1963,42;2279,941;105,6473;95,16219;64,80731;-1098,235;1583,252;1424,459;0;0;3588,107;3230,845;0;0;738,473;663,9177
141;2350;00:00:02:350;0;0;0;-3,519914;0,050068;3,621712;-5,07467;-3,100967;6,829094;-6,213053;-5,791397;9,681839;-6,767808;-7,801917;12,00597;-2,370207;0;3,621712;-2,370207;0,05009;11,17456;-1,860606;-1,751125;15,899;-1,611915;-3,166902;18,19101;-1,433315;-4,60474;19,78666;-0,895299;-0,03505;3,621712;-0,101118;0,01504;11,13133;0,205421;-4,901241;13,86415;-0,034667;-7,568999;12,39511;-0,435477;-7,90736;9,937485;0,443679;-0,000078;3,621712;1,958848;0,050012;10,3956;1,956898;-4,900703;10,96029;1,367934;-6,535245;8,768011;0,683498;-5,682568;6,471761;1,743431;-0,000171;3,621712;3,958467;0,049919;9,102249;3,988765;-3,889036;9,573995;3,706216;-5,683362;8,662878;3,101624;-6,822979;6,752156;0;0;0;-34,97979;-34,6324;114,6529;-31,88573;-34,63242;114,6529;-25,6829;-34,32548;115,0327;-25,6829;-34,32548;115,0327;-0,379977;0;0;20,6974;6,37058;-0,569323;31,56756;6,114895;0,127176;41,94251;5,545925;0,942082;41,92549;5,70125;0,768323;-0,380045;6,036885;0;60,79104;6,20972;0,107103;119,0489;7,963559;-0,742263;172,3086;9,301471;0,289901;172,2734;9,272269;0,07124;-0,413454;12,60826;0;83,34498;12,07381;-1,420641;143,8837;14,03063;-1,435146;-159,8199;15,86276;2,115657;-159,8922;15,95584;1,851802;-0,485496;22,00679;0;82,97962;13,36752;-1,190102;117,6615;15,03487;-1,205825;150,7258;18,17203;1,141742;150,6449;18,03311;0,881459;0;0;0;0;0;0;0;0;0;0;0;0;0;0;0;0;0;0;0;0;0;0;0;0;0;0;0;0;0;0;0;0;0;0;0;0;0;0;0;0;0;0;0;0;0;0;0;0;0;0;0;0;0;0;0;0;0;0;0;0;0;0;0;0;0;0;0;0;0;0;0;0;0;0;0;0;0;0;0;0;0;-74,2489;-35,95501;-71,83223;-139,4574;-69,78838;-130,189;-171,1625;-96,74459;-161,2356;0;0;0;0;0;0;-32,5895;983,6249;346,5253;-35,92617;1485,957;636,7831;-27,58115;1852,671;946,2457;0;0;0;0;0;0;33,11421;156,0589;271,992;-2,208799;289,3835;42,41645;-11,04282;831,4177;-13,97967;0;0;0;0;0;0;0;0;0;-42,84158;296,1507;-201,0638;13,41825;874,7554;20,43038;0;0;0;0;0;0;0;0;0;-30,2647;66,08157;-117,8294;-70,46564;327,892;-254,791;9,96082;6,662445;9,520561;11,22348;44,49227;30,86148;3,09402;6,418205;-6,371968;20,86959;10,79352;10,29119;-6,209431;60,93161;58,34708;53,09246;-12,07378;83,49284;60,52621;55,31441;-13,36859;83,17056;34,67563;32,3437;0;0;0;0;0;0;0;0;0;0;0;0;0;0;0;0;0;0;0;0;969,873;1581,585;0;400,7245;935,1115;-11818,31;-527,4948;-474,8256;-69,45419;-3194,288;8230,325;7405,814;0;0;7386,121;6648,142;0;0;3902,344;3507,865
142;2366,667;00:00:02:367;0;0;0;-3,519914;0,050068;3,621712;-5,07467;-3,100967;6,829094;-6,213053;-5,791397;9,681839;-6,767808;-7,801917;12,00597;-2,370207;0;3,621712;-2,370207;0,05009;11,17456;-1,860606;-1,751125;15,899;-1,611915;-3,166902;18,19101;-1,433315;-4,60474;19,78666;-0,895299;-0,03505;3,621712;-0,101118;0,01504;11,13133;0,205421;-4,901241;13,86415;-0,034667;-7,568999;12,39511;-0,435477;-7,90736;9,937485;0,443679;-0,000078;3,621712;1,958848;0,050012;10,3956;1,956898;-4,900703;10,96029;1,367934;-6,535245;8,768011;0,683498;-5,682568;6,471761;1,743431;-0,000171;3,621712;3,958467;0,049919;9,102249;3,988765;-3,889036;9,573995;3,706216;-5,683362;8,662878;3,101624;-6,822979;6,752156;0;0;0;-34,97979;-34,6324;114,6529;-31,88573;-34,63242;114,6529;-25,6829;-34,32548;115,0327;-25,6829;-34,32548;115,0327;-0,379977;0;0;20,6974;6,37058;-0,569323;31,56756;6,114895;0,127176;41,94251;5,545925;0,942082;41,92549;5,70125;0,768323;-0,380045;6,036885;0;60,79104;6,20972;0,107103;119,0489;7,963559;-0,742263;172,3086;9,301471;0,289901;172,2734;9,272269;0,07124;-0,413454;12,60826;0;83,34498;12,07381;-1,420641;143,8837;14,03063;-1,435146;-159,8199;15,86276;2,115657;-159,8922;15,95584;1,851802;-0,485496;22,00679;0;82,97962;13,36752;-1,190102;117,6615;15,03487;-1,205825;150,7258;18,17203;1,141742;150,6449;18,03311;0,881459;0;0;0;0;0;0;0;0;0;0;0;0;0;0;0;0;0;0;0;0;0;0;0;0;0;0;0;0;0;0;0;0;0;0;0;0;0;0;0;0;0;0;0;0;0;0;0;0;0;0;0;0;0;0;0;0;0;0;0;0;0;0;0;0;0;0;0;0;0;0;0;0;0;0;0;0;0;0;0;0;0;0;0;0;0;0;0;0;0;0;0;0;0;0;0;0;0;0;0;0;0;0;0;0;0;0;0;0;0;0;0;0;0;0;0;0;0;0;0;0;0;0;0;0;0;0;0;0;0;0;0;0;0;0;0;0;0;0;0;0;0;0;0;0;0;0;0;0;0;0;9,96082;6,662445;9,520561;11,22348;44,49227;30,86148;3,09402;6,418205;-6,371968;20,86959;10,79352;10,29119;-6,209431;60,93161;58,34708;53,09246;-12,07378;83,49284;60,52621;55,31441;-13,36859;83,17056;34,67563;32,3437;0;0;0;0;0;0;0;0;0;0;0;0;0;0;0;0;0;0;0;0;0;0;0;0;0;0;0;0;0;0;0;0;0;0;0;0;0;0;0;0
143;2383,333;00:00:02:383;0;0;0;-3,519914;0,050068;3,621712;-5,171441;-3,047062;6,833229;-6,393959;-5,693888;9,691942;-7,026654;-7,677486;12,01929;-2,370207;0;3,621712;-2,370207;0,05009;11,17456;-1,884532;-2,301033;15,65348;-1,657687;-4,016438;17,73327;-1,503248;-5,680409;19,09442;-0,895299;-0,03505;3,621712;-0,101118;0,01504;11,13133;0,189551;-4,981173;13,71695;-0,041153;-7,680034;12,3043;-0,438279;-8,185163;9,874858;0,443679;-0,000078;3,621712;1,958848;0,050012;10,3956;1,956898;-4,900703;10,96029;1,378183;-6,600688;8,815569;0,683027;-5,881836;6,477132;1,743431;-0,000171;3,621712;3,958467;0,049919;9,102249;3,988765;-3,889036;9,573995;3,716344;-5,704352;8,702222;3,125967;-6,92853;6,839977;0;0;0;-35,56797;-33,91359;113,9685;-32,4739;-33,91359;113,9685;-26,51377;-33,60348;114,3413;-26,51377;-33,60348;114,3413;-0,379977;0;0;27,49667;6,480234;-0,562715;39,36013;6,144395;0,098532;50,62286;5,470817;0,828389;50,60851;5,650464;0,680197;-0,380045;6,036885;0;62,5024;6,20966;0,107099;117,8363;7,987932;-0,689031;168,4549;9,347168;0,314314;168,4199;9,303532;0,098112;-0,413454;12,60826;0;83,34498;12,07381;-1,420641;142,2134;14,03063;-1,435147;-163,0051;15,96233;2,059486;-163,0792;16,04117;1,790537;-0,485496;22,00679;0;82,97962;13,36752;-1,190102;116,3721;15,03487;-1,205823;148,2556;18,22223;1,067199;148,1765;18,07277;0,813391;0;0;0;0;0;0;-5,806222;3,234308;0,24806;-10,85434;5,850523;0,606179;-15,53075;7,465838;0,799388;0;0;0;0;0;0;-1,435541;-32,99445;-14,73105;-2,746269;-50,97214;-27,46439;-4,195992;-64,54016;-41,53463;0;0;0;0;0;0;-0,952173;-4,795946;-8,831709;-0,389172;-6,662116;-5,44846;-0,168135;-16,66818;-3,757596;0;0;0;0;0;0;0;0;0;0,614919;-3,926575;2,853468;-0,028267;-11,95615;0,322267;0;0;0;0;0;0;0;0;0;0,607721;-1,259409;2,360657;1,460597;-6,333053;5,269289;0;0;0;0;0;0;-348,3733;194,0585;14,88358;-651,2604;351,0314;36,37075;-931,8449;447,9503;47,96326;0;0;0;0;0;0;-86,13242;-1979,667;-883,8629;-164,7761;-3058,328;-1647,863;-251,7595;-3872,409;-2492,078;0;0;0;0;0;0;-57,13037;-287,7567;-529,9025;-23,3503;-399,7269;-326,9076;-10,08812;-1000,091;-225,4557;0;0;0;0;0;0;0;0;0;36,89512;-235,5945;171,2081;-1,695994;-717,3688;19,33604;0;0;0;0;0;0;0;0;0;36,46328;-75,56452;141,6394;87,6358;-379,9832;316,1573;9,19531;6,94716;9,663286;11,422;43,96123;32,21457;3,09402;6,167645;-6,481863;27,69635;11,78975;11,18775;-6,209367;62,63773;55,41619;50,45515;-12,07378;83,49284;58,8556;53,81087;-13,36859;83,17056;33,38655;31,18502;-31,86218;81,18507;0;-15,03359;-6,593685;409,6057;59,77409;53,79358;0,003805;102,3667;-175,8533;-158,2388;0;0;-100,2367;-90,21217;0;0;-77,34489;-69,52091;-1911,731;4871,104;0;-902,0152;-395,6211;24576,34;3586,445;3227,615;0,22831;6142,002;-10551,2;-9494,328;0;0;-6014,204;-5412,729;0;0;-4640,693;-4171,254
144;2400;00:00:02:400;0;0;0;-3,519914;0,050068;3,621712;-5,171441;-3,047062;6,833229;-6,393959;-5,693888;9,691942;-7,026654;-7,677486;12,01929;-2,370207;0;3,621712;-2,370207;0,05009;11,17456;-1,884532;-2,301033;15,65348;-1,657687;-4,016438;17,73327;-1,503248;-5,680409;19,09442;-0,895299;-0,03505;3,621712;-0,101118;0,01504;11,13133;0,189551;-4,981173;13,71695;-0,041153;-7,680034;12,3043;-0,438279;-8,185163;9,874858;0,443679;-0,000078;3,621712;1,958848;0,050012;10,3956;1,956898;-4,900703;10,96029;1,378183;-6,600688;8,815569;0,683027;-5,881836;6,477132;1,743431;-0,000171;3,621712;3,958467;0,049919;9,102249;3,988765;-3,889036;9,573995;3,716344;-5,704352;8,702222;3,125967;-6,92853;6,839977;0;0;0;-35,56797;-33,91359;113,9685;-32,4739;-33,91359;113,9685;-26,51377;-33,60348;114,3413;-26,51377;-33,60348;114,3413;-0,379977;0;0;27,49667;6,480234;-0,562715;39,36013;6,144395;0,098532;50,62286;5,470817;0,828389;50,60851;5,650464;0,680197;-0,380045;6,036885;0;62,5024;6,20966;0,107099;117,8363;7,987932;-0,689031;168,4549;9,347168;0,314314;168,4199;9,303532;0,098112;-0,413454;12,60826;0;83,34498;12,07381;-1,420641;142,2134;14,03063;-1,435147;-163,0051;15,96233;2,059486;-163,0792;16,04117;1,790537;-0,485496;22,00679;0;82,97962;13,36752;-1,190102;116,3721;15,03487;-1,205823;148,2556;18,22223;1,067199;148,1765;18,07277;0,813391;0;0;0;0;0;0;0;0;0;0;0;0;0;0;0;0;0;0;0;0;0;0;0;0;0;0;0;0;0;0;0;0;0;0;0;0;0;0;0;0;0;0;0;0;0;0;0;0;0;0;0;0;0;0;0;0;0;0;0;0;0;0;0;0;0;0;0;0;0;0;0;0;0;0;0;0;0;0;0;0;0;348,3733;-194,0585;-14,88358;651,2604;-351,0314;-36,37075;931,8449;-447,9503;-47,96326;0;0;0;0;0;0;86,13242;1979,667;883,8629;164,7761;3058,328;1647,863;251,7595;3872,409;2492,078;0;0;0;0;0;0;57,13037;287,7567;529,9025;23,3503;399,7269;326,9076;10,08812;1000,091;225,4557;0;0;0;0;0;0;0;0;0;-36,89512;235,5945;-171,2081;1,695994;717,3688;-19,33604;0;0;0;0;0;0;0;0;0;-36,46328;75,56452;-141,6394;-87,6358;379,9832;-316,1573;9,19531;6,94716;9,663286;11,422;43,96123;32,21457;3,09402;6,167645;-6,481863;27,69635;11,78975;11,18775;-6,209367;62,63773;55,41619;50,45515;-12,07378;83,49284;58,8556;53,81087;-13,36859;83,17056;33,38655;31,18502;-31,86218;81,18507;0;-15,03359;-6,593685;409,6057;59,77409;53,79358;0,003805;102,3667;-175,8533;-158,2388;0;0;-100,2367;-90,21217;0;0;-77,34489;-69,52091;-1911,731;4871,104;0;-902,0152;-395,6211;24576,34;3586,445;3227,615;0,22831;6142,002;-10551,2;-9494,328;0;0;-6014,204;-5412,729;0;0;-4640,693;-4171,254
