Frame;Elapsed_Time_In_Milliseconds;Time;Hand_X;Hand_Y;Hand_Z;Thumb_CMC_X;Thumb_CMC_Y;Thumb_CMC_Z;Thumb_MCP_X;Thumb_MCP_Y;Thumb_MCP_Z;Thumb_DIP_X;Thumb_DIP_Y;Thumb_DIP_Z;Thumb_TIP_X;Thumb_TIP_Y;Thumb_TIP_Z;Index_CMC_X;Index_CMC_Y;Index_CMC_Z;Index_MCP_X;Index_MCP_Y;Index_MCP_Z;Index_PIP_X;Index_PIP_Y;Index_PIP_Z;Index_DIP_X;Index_DIP_Y;Index_DIP_Z;Index_TIP_X;Index_TIP_Y;Index_TIP_Z;Middle_CMC_X;Middle_CMC_Y;Middle_CMC_Z;Middle_MCP_X;Middle_MCP_Y;Middle_MCP_Z;Middle_PIP_X;Middle_PIP_Y;Middle_PIP_Z;Middle_DIP_X;Middle_DIP_Y;Middle_DIP_Z;Middle_TIP_X;Middle_TIP_Y;Middle_TIP_Z;Ring_CMC_X;Ring_CMC_Y;Ring_CMC_Z;Ring_MCP_X;Ring_MCP_Y;Ring_MCP_Z;Ring_PIP_X;Ring_PIP_Y;Ring_PIP_Z;Ring_DIP_X;Ring_DIP_Y;Ring_DIP_Z;Ring_TIP_X;Ring_TIP_Y;Ring_TIP_Z;Pinky_CMC_X;Pinky_CMC_Y;Pinky_CMC_Z;Pinky_MCP_X;Pinky_MCP_Y;Pinky_MCP_Z;Pinky_PIP_X;Pinky_PIP_Y;Pinky_PIP_Z;Pinky_DIP_X;Pinky_DIP_Y;Pinky_DIP_Z;Pinky_TIP_X;Pinky_TIP_Y;Pinky_TIP_Z;Hand_X;Hand_Y;Hand_Z;Thumb_CMC_X;Thumb_CMC_Y;Thumb_CMC_Z;Thumb_MCP_X;Thumb_MCP_Y;Thumb_MCP_Z;Thumb_DIP_X;Thumb_DIP_Y;Thumb_DIP_Z;Thumb_TIP_X;Thumb_TIP_Y;Thumb_TIP_Z;Index_CMC_X;Index_CMC_Y;Index_CMC_Z;Index_MCP_X;Index_MCP_Y;Index_MCP_Z;Index_PIP_X;Index_PIP_Y;Index_PIP_Z;Index_DIP_X;Index_DIP_Y;Index_DIP_Z;Index_TIP_X;Index_TIP_Y;Index_TIP_Z;Middle_CMC_X;Middle_CMC_Y;Middle_CMC_Z;Middle_MCP_X;Middle_MCP_Y;Middle_MCP_Z;Middle_PIP_X;Middle_PIP_Y;Middle_PIP_Z;Middle_DIP_X;Middle_DIP_Y;Middle_DIP_Z;Middle_TIP_X;Middle_TIP_Y;Middle_TIP_Z;Ring_CMC_X;Ring_CMC_Y;Ring_CMC_Z;Ring_MCP_X;Ring_MCP_Y;Ring_MCP_Z;Ring_PIP_X;Ring_PIP_Y;Ring_PIP_Z;Ring_DIP_X;Ring_DIP_Y;Ring_DIP_Z;Ring_TIP_X;Ring_TIP_Y;Ring_TIP_Z;Pinky_CMC_X;Pinky_CMC_Y;Pinky_CMC_Z;Pinky_MCP_X;Pinky_MCP_Y;Pinky_MCP_Z;Pinky_PIP_X;Pinky_PIP_Y;Pinky_PIP_Z;Pinky_DIP_X;Pinky_DIP_Y;Pinky_DIP_Z;Pinky_TIP_X;Pinky_TIP_Y;Pinky_TIP_Z;Hand_Velocity_X;Hand_Velocity_Y;Hand_Velocity_Z;Thumb_CMC_Velocity_X;Thumb_CMC_Velocity_Y;Thumb_CMC_Velocity_Z;Thumb_MCP_Velocity_X;Thumb_MCP_Velocity_Y;Thumb_MCP_Velocity_Z;Thumb_DIP_Velocity_X;Thumb_DIP_Velocity_Y;Thumb_DIP_Velocity_Z;Thumb_TIP_Velocity_X;Thumb_TIP_Velocity_Y;Thumb_TIP_Velocity_Z;Index_CMC_Velocity_X;Index_CMC_Velocity_Y;Index_CMC_Velocity_Z;Index_MCP_Velocity_X;Index_MCP_Velocity_Y;Index_MCP_Velocity_Z;Index_PIP_Velocity_X;Index_PIP_Velocity_Y;Index_PIP_Velocity_Z;Index_DIP_Velocity_X;Index_DIP_Velocity_Y;Index_DIP_Velocity_Z;Index_TIP_Velocity_X;Index_TIP_Velocity_Y;Index_TIP_Velocity_Z;Middle_CMC_Velocity_X;Middle_CMC_Velocity_Y;Middle_CMC_Velocity_Z;Middle_MCP_Velocity_X;Middle_MCP_Velocity_Y;Middle_MCP_Velocity_Z;Middle_PIP_Velocity_X;Middle_PIP_Velocity_Y;Middle_PIP_Velocity_Z;Middle_DIP_Velocity_X;Middle_DIP_Velocity_Y;Middle_DIP_Velocity_Z;Middle_TIP_Velocity_X;Middle_TIP_Velocity_Y;Middle_TIP_Velocity_Z;Ring_CMC_Velocity_X;Ring_CMC_Velocity_Y;Ring_CMC_Velocity_Z;Ring_MCP_Velocity_X;Ring_MCP_Velocity_Y;Ring_MCP_Velocity_Z;Ring_PIP_Velocity_X;Ring_PIP_Velocity_Y;Ring_PIP_Velocity_Z;Ring_DIP_Velocity_X;Ring_DIP_Velocity_Y;Ring_DIP_Velocity_Z;Ring_TIP_Velocity_X;Ring_TIP_Velocity_Y;Ring_TIP_Velocity_Z;Pinky_CMC_Velocity_X;Pinky_CMC_Velocity_Y;Pinky_CMC_Velocity_Z;Pinky_MCP_Velocity_X;Pinky_MCP_Velocity_Y;Pinky_MCP_Velocity_Z;Pinky_PIP_Velocity_X;Pinky_PIP_Velocity_Y;Pinky_PIP_Velocity_Z;Pinky_DIP_Velocity_X;Pinky_DIP_Velocity_Y;Pinky_DIP_Velocity_Z;Pinky_TIP_Velocity_X;Pinky_TIP_Velocity_Y;Pinky_TIP_Velocity_Z;Hand_Acceleration_X;Hand_Acceleration_Y;Hand_Acceleration_Z;Thumb_CMC_Acceleration_X;Thumb_CMC_Acceleration_Y;Thumb_CMC_Acceleration_Z;Thumb_MCP_Acceleration_X;Thumb_MCP_Acceleration_Y;Thumb_MCP_Acceleration_Z;Thumb_DIP_Acceleration_X;Thumb_DIP_Acceleration_Y;Thumb_DIP_Acceleration_Z;Thumb_TIP_Acceleration_X;Thumb_TIP_Acceleration_Y;Thumb_TIP_Acceleration_Z;Index_CMC_Acceleration_X;Index_CMC_Acceleration_Y;Index_CMC_Acceleration_Z;Index_MCP_Acceleration_X;Index_MCP_Acceleration_Y;Index_MCP_Acceleration_Z;Index_PIP_Acceleration_X;Index_PIP_Acceleration_Y;Index_PIP_Acceleration_Z;Index_DIP_Acceleration_X;Index_DIP_Acceleration_Y;Index_DIP_Acceleration_Z;Index_TIP_Acceleration_X;Index_TIP_Acceleration_Y;Index_TIP_Acceleration_Z;Middle_CMC_Acceleration_X;Middle_CMC_Acceleration_Y;Middle_CMC_Acceleration_Z;Middle_MCP_Acceleration_X;Middle_MCP_Acceleration_Y;Middle_MCP_Acceleration_Z;Middle_PIP_Acceleration_X;Middle_PIP_Acceleration_Y;Middle_PIP_Acceleration_Z;Middle_DIP_Acceleration_X;Middle_DIP_Acceleration_Y;Middle_DIP_Acceleration_Z;Middle_TIP_Acceleration_X;Middle_TIP_Acceleration_Y;Middle_TIP_Acceleration_Z;Ring_CMC_Acceleration_X;Ring_CMC_Acceleration_Y;Ring_CMC_Acceleration_Z;Ring_MCP_Acceleration_X;Ring_MCP_Acceleration_Y;Ring_MCP_Acceleration_Z;Ring_PIP_Acceleration_X;Ring_PIP_Acceleration_Y;Ring_PIP_Acceleration_Z;Ring_DIP_Acceleration_X;Ring_DIP_Acceleration_Y;Ring_DIP_Acceleration_Z;Ring_TIP_Acceleration_X;Ring_TIP_Acceleration_Y;Ring_TIP_Acceleration_Z;Pinky_CMC_Acceleration_X;Pinky_CMC_Acceleration_Y;Pinky_CMC_Acceleration_Z;Pinky_MCP_Acceleration_X;Pinky_MCP_Acceleration_Y;Pinky_MCP_Acceleration_Z;Pinky_PIP_Acceleration_X;Pinky_PIP_Acceleration_Y;Pinky_PIP_Acceleration_Z;Pinky_DIP_Acceleration_X;Pinky_DIP_Acceleration_Y;Pinky_DIP_Acceleration_Z;Pinky_TIP_Acceleration_X;Pinky_TIP_Acceleration_Y;Pinky_TIP_Acceleration_Z;Pinch_ThumbToIndex;Pinch_ThumbToMiddle;Pinch_ThumbToRing;Pinch_ThumbToPinky;Thumb_CMC_Spread;Thumb_CMC_Flex;Thumb_PIP_Flex;Thumb_DIP_Flex;Index_MCP_Spread;Index_MCP_Flex;Index_PIP_Flex;Index_DIP_Flex;Middle_MCP_Spread;Middle_MCP_Flex;Middle_PIP_Flex;Middle_DIP_Flex;Ring_MCP_Spread;Ring_MCP_Flex;Ring_PIP_Flex;Ring_DIP_Flex;Pinky_MCP_Spread;Pinky_MCP_Flex;Pinky_PIP_Flex;Pinky_DIP_Flex;Thumb_CMC_Spread_AngularVelocity;Thumb_CMC_Flex_AngularVelocity;Thumb_PIP_Flex_AngularVelocity;Thumb_DIP_Flex_AngularVelocity;Index_MCP_Spread_AngularVelocity;Index_MCP_Flex_AngularVelocity;Index_PIP_Flex_AngularVelocity;Index_DIP_Flex_AngularVelocity;Middle_MCP_Spread_AngularVelocity;Middle_MCP_Flex_AngularVelocity;Middle_PIP_Flex_AngularVelocity;Middle_DIP_Flex_AngularVelocity;Ring_MCP_Spread_AngularVelocity;Ring_MCP_Flex_AngularVelocity;Ring_PIP_Flex_AngularVelocity;Ring_DIP_Flex_AngularVelocity;Pinky_MCP_Spread_AngularVelocity;Pinky_MCP_Flex_AngularVelocity;Pinky_PIP_Flex_AngularVelocity;Pinky_DIP_Flex_AngularVelocity;Thumb_CMC_Spread_AngularAcceleration;Thumb_CMC_Flex_AngularAcceleration;Thumb_PIP_Flex_AngularAcceleration;Thumb_DIP_Flex_AngularAcceleration;Index_MCP_Spread_AngularAcceleration;Index_MCP_Flex_AngularAcceleration;Index_PIP_Flex_AngularAcceleration;Index_DIP_Flex_AngularAcceleration;Middle_MCP_Spread_AngularAcceleration;Middle_MCP_Flex_AngularAcceleration;Middle_PIP_Flex_AngularAcceleration;Middle_DIP_Flex_AngularAcceleration;Ring_MCP_Spread_AngularAcceleration;Ring_MCP_Flex_AngularAcceleration;Ring_PIP_Flex_AngularAcceleration;Ring_DIP_Flex_AngularAcceleration;Pinky_MCP_Spread_AngularAcceleration;Pinky_MCP_Flex_AngularAcceleration;Pinky_PIP_Flex_AngularAcceleration;Pinky_DIP_Flex_AngularAcceleration
0;0;00:00:00:000;0;0;0;-0,321579;-1,468259;4,821815;2,597218;-4,945502;6,244052;2,102099;-8,346811;4,039921;0,364626;-9,419668;1,677401;-0,304311;-2,023632;3,814054;-1,128379;-8,604034;7,428857;-0,099672;-13,4016;8,751437;1,268743;-15,65487;9,359384;2,865016;-17,05798;9,717677;-0,311113;-2,73308;2,520535;-1,153189;-9,655861;5,417678;3,72016;-12,34117;6,296227;6,541407;-13,45685;6,654613;8,966665;-14,08425;6,853577;-0,383733;-3,370233;1,344589;-1,170756;-9,996538;3,25675;0,041515;-14,63736;4,606295;1,625138;-16,83933;5,290405;3,672373;-18,25238;5,819889;-0,420333;-3,992258;0,203908;-1,094543;-9,825771;0,882641;-0,301058;-13,62973;1,681983;0,759646;-15,32011;2,065433;2,53764;-16,73346;2,460479;-2,92046;-61,35459;86,62148;66,93389;40,26802;24,62075;135,0283;40,26804;24,62077;175,5856;40,6405;24,9349;175,5856;40,64052;24,93489;-3,30046;-61,35459;86,6215;11,99088;-74,56967;89,67672;33,29158;-74,40525;86,9856;53,44102;-73,79404;84,13895;52,95907;-73,98013;84,6406;-4,021222;-67,38169;87,41974;62,58479;-70,20082;87,15793;67,73339;-71,96461;89,69592;73,7235;-73,59108;91,14259;73,92686;-73,38319;90,93045;-5,477003;-73,93466;88,92472;10,37307;-74,01762;93,85906;24,04183;-74,46671;100,8782;29,83178;-76,11397;114,8152;30,77192;-75,97743;113,8465;-12,47347;-83,24678;95,96514;6,110979;-78,30865;95,54322;17,9893;-78,55702;103,778;17,74594;-79,63514;123,4969;19,21236;-79,54505;122,0059;0;0;0;0;0;0;0;0;0;0;0;0;0;0;0;0;0;0;0;0;0;0;0;0;0;0;0;0;0;0;0;0;0;0;0;0;0;0;0;0;0;0;0;0;0;0;0;0;0;0;0;0;0;0;0;0;0;0;0;0;0;0;0;0;0;0;0;0;0;0;0;0;0;0;0;0;0;0;0;0;0;0;0;0;0;0;0;0;0;0;0;0;0;0;0;0;0;0;0;0;0;0;0;0;0;0;0;0;0;0;0;0;0;0;0;0;0;0;0;0;0;0;0;0;0;0;0;0;0;0;0;0;0;0;0;0;0;0;0;0;0;0;0;0;0;0;0;0;0;0;11,36846;11,07006;10,30137;7,669863;44,0029;-0,578683;68,09437;40,35383;-13,26077;18,23085;18,70613;17,40963;-8,843513;66,26334;7,547589;7,37238;-12,87678;20,61664;20,41686;19,24954;-17,17058;18,3798;19,94097;19,10175;2640,174;-34,721;4085,662;2421,23;-795,6462;1093,851;1122,368;1044,578;-530,6108;3975,8;452,8553;442,3428;-772,6065;1236,998;1225,011;1154,972;-1030,234;1102,788;1196,458;1146,105;158410,4;-2083,26;245139,7;145273,8;-47738,77;65631,04;67342,05;62674,65;-31836,64;238548;27171,32;26540,56;-46356,39;74219,9;73500,69;69298,34;-61814,07;66167,27;71787,47;68766,3
1;16;00:00:00:016;0;0;0;-0,321579;-1,468259;4,821815;2,597218;-4,945502;6,244052;2,102099;-8,346811;4,039921;0,364626;-9,419668;1,677401;-0,304311;-2,023632;3,814054;-1,128379;-8,604034;7,428857;-0,099672;-13,4016;8,751437;1,268743;-15,65487;9,359384;2,865016;-17,05798;9,717677;-0,311113;-2,73308;2,520535;-1,153189;-9,655861;5,417678;3,72016;-12,34117;6,296227;6,541407;-13,45685;6,654613;8,966665;-14,08425;6,853577;-0,383733;-3,370233;1,344589;-1,170756;-9,996538;3,25675;0,041515;-14,63736;4,606295;1,625138;-16,83933;5,290405;3,672373;-18,25238;5,819889;-0,420333;-3,992258;0,203908;-1,094543;-9,825771;0,882641;-0,301058;-13,62973;1,681983;0,759646;-15,32011;2,065433;2,53764;-16,73346;2,460479;-2,92046;-61,35459;86,62148;66,93389;40,26802;24,62075;135,0283;40,26804;24,62077;175,5856;40,6405;24,9349;175,5856;40,64052;24,93489;-3,30046;-61,35459;86,6215;11,99088;-74,56967;89,67672;33,29158;-74,40525;86,9856;53,44102;-73,79404;84,13895;52,95907;-73,98013;84,6406;-4,021222;-67,38169;87,41974;62,58479;-70,20082;87,15793;67,73339;-71,96461;89,69592;73,7235;-73,59108;91,14259;73,92686;-73,38319;90,93045;-5,477003;-73,93466;88,92472;10,37307;-74,01762;93,85906;24,04183;-74,46671;100,8782;29,83178;-76,11397;114,8152;30,77192;-75,97743;113,8465;-12,47347;-83,24678;95,96514;6,110979;-78,30865;95,54322;17,9893;-78,55702;103,778;17,74594;-79,63514;123,4969;19,21236;-79,54505;122,0059;0;0;0;230,4895;91,09747;-72,00616;35,35586;101,9211;47,47821;-149,5001;317,648;297,3995;-203,4034;482,4771;438,0998;160,4713;121,4179;-11,54049;209,9154;519,2476;224,7405;81,82505;714,0002;428,0411;-30,64691;752,6746;518,494;-145,1391;732,3904;570,8762;72,38556;161,881;66,07064;75,25952;580,2533;342,8185;-239,7238;432,667;425,8533;-417,3799;323,8397;455,6604;-566,3223;212,6058;467,344;-3,595993;202,2096;136,6274;-47,28448;602,7933;428,3305;-180,1571;778,1241;621,4589;-299,6933;801,0881;705,5224;-431,7496;754,1829;750,2963;-79,38631;239,5238;205,0683;-171,8362;592,5401;493,176;-285,2339;748,6462;662,3054;-375,4236;775,7293;732,2236;-498,8698;745,1006;782,8743;0;0;0;13829,37;5465,848;-4320,369;2121,351;6115,263;2848,692;-8970,005;19058,88;17843,97;-12204,2;28948,63;26285,98;9628,276;7285,075;-692,4296;12594,92;31154,85;13484,43;4909,503;42840,02;25682,46;-1838,814;45160,47;31109,64;-8708,347;43943,42;34252,57;4343,134;9712,857;3964,238;4515,571;34815,2;20569,11;-14383,42;25960,02;25551,2;-25042,79;19430,38;27339,62;-33979,34;12756,35;28040,64;-215,7595;12132,57;8197,645;-2837,069;36167,6;25699,83;-10809,42;46687,44;37287,53;-17981,6;48065,28;42331,34;-25904,98;45250,97;45017,77;-4763,178;14371,43;12304,1;-10310,17;35552,4;29590,56;-17114,04;44918,77;39738,32;-22525,41;46543,76;43933,42;-29932,19;44706,04;46972,46;11,36846;11,07006;10,30137;7,669863;44,0029;-0,578683;68,09437;40,35383;-13,26077;18,23085;18,70613;17,40963;-8,843513;66,26334;7,547589;7,37238;-12,87678;20,61664;20,41686;19,24954;-17,17058;18,3798;19,94097;19,10175;0;0;0;0;0;0;0;0;0;0;0;0;0;0;0;0;0;0;0;0;-158410,4;2083,26;-245139,7;-145273,8;47738,77;-65631,04;-67342,05;-62674,65;31836,64;-238548;-27171,32;-26540,56;46356,39;-74219,9;-73500,69;-69298,34;61814,07;-66167,27;-71787,47;-68766,3
2;32;00:00:00:032;0;0;0;-0,320754;-1,467069;4,822233;2,600927;-4,941966;6,244283;2,107346;-8,344156;4,041168;0,369762;-9,418785;1,679535;-0,30324;-2,022716;3,814626;-1,124033;-8,602508;7,431283;-0,092968;-13,39902;8,75583;1,276554;-15,65138;9,364674;2,873516;-17,05357;9,723505;-0,309729;-2,732527;2,521305;-1,14838;-9,654907;5,420398;3,726296;-12,33754;6,299772;6,547495;-13,45309;6,658927;8,972425;-14,0815;6,858747;-0,382067;-3,370044;1,345538;-1,165832;-9,996197;3,259565;0,04872;-14,63605;4,610414;1,633427;-16,83706;5,295117;3,681359;-18,24895;5,824958;-0,418392;-3,992404;0,205031;-1,089758;-9,826056;0,885408;-0,294373;-13,62977;1,684005;0,767175;-15,3197;2,06712;2,545875;-16,73224;2,461884;-2,919621;-61,33854;86,64854;66,92824;40,29253;24,65626;135,0226;40,29254;24,65627;175,58;40,66502;24,97048;175,58;40,66504;24,97047;-3,299616;-61,33856;86,64855;11,99675;-74,5458;89,69875;33,29321;-74,38134;87,01173;53,43832;-73,77016;84,16925;52,95708;-73,95624;84,67022;-4,019636;-67,36566;87,44608;62,58643;-70,18029;87,18419;67,70879;-71,94415;89,71926;73,67204;-73,57043;91,16657;73,87577;-73,36258;90,95406;-5,473232;-73,91865;88,94889;10,38203;-74,00129;93,87825;24,05841;-74,4508;100,89;29,86567;-76,0996;114,8101;30,80443;-75,96295;113,8427;-12,44801;-83,23103;95,96764;6,106433;-78,31982;95,57625;17,97663;-78,56789;103,819;17,71225;-79,64454;123,5586;19,18035;-79,55462;122,0659;0;0;0;230,4895;91,09747;-72,00616;35,31594;101,8565;47,41191;-149,538;317,5868;297,3365;-203,4212;482,4477;438,0702;160,4713;121,4179;-11,54049;209,9154;519,2476;224,7405;81,86456;714,0004;428,0504;-30,58924;752,6747;518,5077;-145,0705;732,3906;570,8928;72,38556;161,881;66,07064;75,25952;580,2533;342,8185;-239,7117;432,6669;425,8551;-417,3798;323,8661;455,7511;-566,3486;212,6555;467,5768;-3,595993;202,2096;136,6274;-47,28448;602,7933;428,3305;-180,1548;778,1241;621,4594;-299,69;801,0881;705,5231;-431,7457;754,183;750,2972;-79,38631;239,5238;205,0683;-171,8362;592,5401;493,176;-285,3387;748,6443;662,273;-375,5741;775,7267;732,1776;-499,0584;745,0972;782,8184;0;0;0;0;0;0;-2,395212;-3,87597;-3,977715;-2,273082;-3,674984;-3,77655;-1,070022;-1,765251;-1,776695;0;0;0;0;0;0;2,37;0,005722;0,557899;3,46005;0,011444;0,821114;4,119157;0,011444;0,995636;0;0;0;0;0;0;0,723839;-0,005722;0,108719;0,005722;1,587868;5,444526;-1,579285;2,976894;13,96465;0;0;0;0;0;0;0,133038;0;0,031471;0,19598;0,005722;0,042915;0,234604;0,005722;0,054359;0;0;0;0;0;0;-6,282806;-0,11158;-1,942634;-9,033679;-0,154495;-2,766609;-11,31248;-0,203133;-3,35598;11,36944;11,07118;10,3016;7,670346;44,02153;-0,591562;68,09437;40,35381;-13,25292;18,23028;18,70612;17,40961;-8,839046;66,26305;7,518256;7,346065;-12,87633;20,61659;20,41688;19,24956;-17,19779;18,38278;19,94097;19,10176;1,117859;-0,772705;0;-0,001144;0,470924;-0,034103;-0,000572;-0,000687;0,268021;-0,016937;-1,759987;-1,578884;0,026722;-0,002975;0,001144;0,001259;-1,632728;0,178642;0;0,000687;67,07153;-46,3623;0;-0,068665;28,25546;-2,046204;-0,034332;-0,041199;16,08124;-1,016235;-105,5992;-94,73303;1,603317;-0,178528;0,068665;0,075531;-97,9637;10,71853;0;0,041199
3;48;00:00:00:048;0;0;0;-0,320198;-1,467292;4,822201;2,602746;-4,941291;6,243853;2,110052;-8,343567;4,040669;0,372588;-9,418677;1,679168;-0,302556;-2,022906;3,814579;-1,121379;-8,60303;7,431081;-0,088916;-13,39926;8,755567;1,281262;-15,65123;9,364355;2,878632;-17,05298;9,72313;-0,308881;-2,732684;2,521239;-1,145486;-9,65538;5,420168;3,729975;-12,33667;6,299301;6,5515;-13,45144;6,658334;8,976611;-14,07916;6,858064;-0,381073;-3,370189;1,345457;-1,162904;-9,996615;3,259326;0,053012;-14,63631;4,609487;1,638367;-16,83696;5,29384;3,686718;-18,24834;5,823429;-0,417255;-3,992528;0,204934;-1,086947;-9,826387;0,885171;-0,290449;-13,63003;1,683;0,771594;-15,31973;2,06576;2,55071;-16,73184;2,460207;-2,91597;-61,34003;86,66157;66,93358;40,29675;24,67825;135,028;40,29676;24,67827;175,5855;40,66923;24,99255;175,5854;40,66925;24,99253;-3,295971;-61,34003;86,66158;12,00315;-74,54619;89,70883;33,29963;-74,38165;87,02179;53,44453;-73,7703;84,1795;52,96339;-73,95642;84,68039;-4,015117;-67,36714;87,45814;62,59153;-70,18239;87,19561;67,71411;-71,9463;89,73041;73,67762;-73,57262;91,17744;73,88132;-73,36481;90,96497;-5,467118;-73,92021;88,95926;10,38526;-74,00951;93,89156;24,05791;-74,45907;100,9069;29,8569;-76,10756;114,835;30,79634;-75,97094;113,867;-12,43533;-83,23288;95,97129;6,107124;-78,33115;95,59207;17,96914;-78,57916;103,8429;17,68327;-79,65464;123,6036;19,1531;-79,56487;122,1093;0;0;0;230,44;91,0261;-72,03119;35,08536;101,6311;47,3846;-149,8605;317,415;297,2489;-203,733;482,3887;437,9361;160,407;121,3629;-11,57478;209,6546;519,1559;224,5949;81,46841;713,8458;427,7883;-31,04898;752,4653;518,1925;-145,5699;732,126;570,5457;72,30251;161,8478;66,02444;74,97098;580,196;342,6552;-240,0815;432,4491;425,6422;-417,7473;323,6407;455,492;-566,6968;212,4901;467,2663;-3,695934;202,1982;136,5705;-47,57991;602,7728;428,1616;-180,6191;778,0444;621,205;-300,2343;800,9503;705,2299;-432,3414;753,9759;749,9808;-79,50275;239,5326;205,0009;-172,1234;592,5571;493,01;-285,7772;748,6464;662,1402;-376,0797;775,7012;732,0597;-499,62;745,0229;782,7141;0;0;0;-2,969742;-4,282236;-1,502037;-13,83483;-13,51976;-1,63883;-19,3491;-10,30397;-5,255699;-18,71109;-3,539085;-8,045196;-3,853797;-3,30019;-2,057254;-15,6455;-5,498886;-8,733272;-23,76902;-9,275435;-15,7299;-27,58437;-12,57133;-18,91422;-29,96492;-15,87295;-20,82538;-4,983544;-1,989126;-2,771616;-17,31276;-3,433228;-9,79185;-22,18723;-13,07201;-12,77447;-22,0499;-13,52406;-15,5468;-20,89119;-9,919166;-18,62526;-5,996502;-0,682354;-3,416777;-17,72547;-1,23024;-10,13374;-27,85635;-4,780769;-15,26642;-32,65857;-8,274077;-17,59529;-35,73989;-12,42542;-18,98289;-6,986618;0,527859;-4,045486;-17,22765;1,021385;-9,95922;-26,3114;0,125885;-7,967948;-30,33542;-1,536369;-7,069588;-33,69712;-4,457473;-6,257057;11,36962;11,07115;10,30152;7,670499;44,02531;-0,594225;68,09438;40,35382;-13,25171;18,23019;18,70613;17,40964;-8,839646;66,26308;7,518256;7,346012;-12,88287;20,61724;20,41685;19,24954;-17,20751;18,38385;19,94097;19,10174;0,227051;-0,15976;0,000458;0,000687;0,072384;-0,005264;0,000572;0,001373;-0,035992;0,001831;0;-0,003176;-0,39259;0,039024;-0,001717;-0,001259;-0,583305;0,064316;0;-0,001373;-53,44849;36,77673;0,027466;0,109863;-23,91243;1,730347;0,068665;0,123596;-18,24074;1,126099;105,5992;94,54249;-25,15869;2,519989;-0,171661;-0,151062;62,96539;-6,859587;0;-0,123596
4;64;00:00:00:064;0;0;0;-0,31934;-1,4663;4,82256;2,604454;-4,939544;6,244309;2,11183;-8,342351;4,041935;0,374035;-9,418224;1,681024;-0,301777;-2,022126;3,815054;-1,119319;-8,601572;7,433077;-0,086109;-13,39738;8,758497;1,284418;-15,64906;9,367599;2,882001;-17,05054;9,726462;-0,308204;-2,732182;2,521867;-1,14359;-9,654357;5,422392;3,732306;-12,3349;6,301377;6,554012;-13,44927;6,660235;8,979225;-14,07667;6,859745;-0,380489;-3,369946;1,346231;-1,161277;-9,996055;3,261625;0,055377;-14,6354;4,612316;1,641089;-16,83576;5,296777;3,689681;-18,24682;5,826292;-0,416761;-3,992532;0,205846;-1,085678;-9,826324;0,887423;-0,288587;-13,63008;1,684099;0,773723;-15,31975;2,06626;2,553072;-16,73174;2,460098;-2,90046;-61,32735;86,65462;66,92612;40,31275;24,68248;135,0205;40,31277;24,6825;175,5781;40,68525;24,99679;175,5781;40,68527;24,99677;-3,28046;-61,32734;86,65465;12,03364;-74,5332;89,6861;33,32751;-74,36829;87,00159;53,46901;-73,75661;84,16266;52,98858;-73,94278;84,66283;-3,995367;-67,35458;87,44659;62,6138;-70,17039;87,18132;67,74017;-71,93466;89,71232;73,70721;-73,56117;91,15572;73,91042;-73,35334;90,94377;-5,438447;-73,90782;88,93836;10,41653;-74,00141;93,86826;24,09347;-74,4521;100,8794;29,90233;-76,10308;114,7977;30,84107;-75,96627;113,8304;-12,35571;-83,22147;95,89888;6,133712;-78,34772;95,57352;17,98402;-78,5963;103,8358;17,66639;-79,67174;123,6277;19,13882;-79,58208;122,1308;0;0;0;230,4067;91,03946;-72,02931;34,96786;101,5771;47,39653;-150,0307;317,3668;297,2657;-203,9063;482,376;437,9519;160,366;121,3743;-11,57201;209,4954;519,1873;224,607;81,22881;713,8602;427,8049;-31,32627;752,4565;518,2128;-145,8707;732,0902;570,5695;72,25164;161,8572;66,0284;74,79736;580,2245;342,6691;-240,3039;432,3966;425,6701;-417,99;323,5412;455,5273;-566,9508;212,3499;467,3069;-3,755587;202,2069;136,5753;-47,75557;602,798;428,176;-180,8942;778,0596;621,2565;-300,5565;800,9438;705,3007;-432,6939;753,9386;750,0659;-79,57099;239,54;205,0067;-172,292;592,5771;493,0243;-286,121;748,6602;662,1669;-376,5008;775,7003;732,0935;-500,1053;744,9951;782,7567;0;0;0;-1,999855;0,801444;0,112653;-7,049561;-3,238678;0,71615;-10,21528;-2,892494;1,004219;-10,39553;-0,761032;0,952721;-2,462625;0,6845;0,166297;-9,555816;1,882553;0,7267;-14,37557;0,864029;0,998497;-16,63721;-0,523567;1,215935;-18,0459;-2,145767;1,430511;-3,051638;0,563622;0,237465;-10,41734;1,70517;0,829697;-13,34524;-3,147125;1,676559;-14,5626;-5,970954;2,114296;-15,23781;-8,411407;2,43473;-3,579162;0,522137;0,29254;-10,54001;1,507759;0,861168;-16,50238;0,912666;3,092766;-19,32621;-0,383377;4,248619;-21,15154;-2,234459;5,104064;-4,094481;0,444889;0,350475;-10,11801;1,198768;0,855446;-20,63083;0,826836;1,599312;-25,26426;-0,051498;2,028465;-29,11949;-1,670837;2,554893;11,36975;11,07111;10,3015;7,670894;44,02921;-0,596816;68,09437;40,35383;-13,251;18,23013;18,70613;17,40963;-8,840291;66,26313;7,518282;7,346012;-12,88647;20,61759;20,41685;19,24956;-17,23568;18,38695;19,94096;19,10175;0,233688;-0,155497;-0,000458;0,000458;0,042915;-0,003319;0;-0,000687;-0,038681;0,002747;0,001574;0;-0,215893;0,020828;0;0,001259;-1,690063;0,185852;-0,000572;0,000687;0,398254;0,255776;-0,054932;-0,013733;-1,768112;0,11673;-0,034332;-0,123596;-0,161362;0,054932;0,094414;0,190544;10,6018;-1,091766;0,102997;0,151062;-66,40548;7,292174;-0,034332;0,123596
5;80;00:00:00:080;0;0;0;-0,317675;-1,466108;4,822728;2,608146;-4,938236;6,243032;2,115606;-8,34129;4,041022;0,376956;-9,417873;1,681063;-0,300271;-2,021986;3,815248;-1,115369;-8,601416;7,433853;-0,080743;-13,39676;8,759871;1,290446;-15,64802;9,369;2,888436;-17,04909;9,72767;-0,306905;-2,732112;2,5221;-1,139972;-9,654312;5,423233;3,736753;-12,33378;6,300888;6,5594;-13,44616;6,658526;8,985442;-14,07078;6,856668;-0,379378;-3,369956;1,346519;-1,158187;-9,996131;3,26249;0,059866;-14,63529;4,612554;1,646253;-16,83534;5,296443;3,695302;-18,24599;5,825305;-0,415833;-3,992613;0,206178;-1,083288;-9,826512;0,888258;-0,285127;-13,63024;1,684038;0,777665;-15,31973;2,065609;2,557437;-16,73139;2,458714;-2,867565;-61,32332;86,63826;66,9407;40,34103;24,71295;135,0351;40,34105;24,71295;175,593;40,71348;25,0275;175,5929;40,7135;25,02749;-3,247566;-61,32331;86,63828;12,0946;-74,52242;89,63976;33,38585;-74,35679;86,95782;53,52314;-73,74435;84,1231;53,04365;-73,93064;84,62234;-3,954233;-67,35078;87,42111;62,66047;-70,16916;87,14991;67,82065;-71,93411;89,67614;73,82178;-73,56127;91,11148;74,02358;-73,35332;90,90096;-5,381016;-73,90443;88,89568;10,47268;-74,00603;93,82697;24,14872;-74,45857;100,8389;29,95571;-76,11296;114,7586;30,89459;-75,97591;113,7911;-12,21827;-83,21997;95,7749;6,204878;-78,3594;95,51669;18,04742;-78,60999;103,7865;17,70643;-79,68881;123,6012;19,18099;-79,59895;122,1022;0;0;0;230,3552;90,97994;-72,05086;34,83548;101,4239;47,31933;-150,1658;317,2479;297,1425;-204,0065;482,3268;437,8183;160,3192;121,3276;-11,60049;209,3718;519,0998;224,4873;81,09838;713,7477;427,638;-31,46019;752,3264;518,0313;-146,0068;731,944;570,3854;72,21101;161,8271;65,99076;74,68361;580,163;342,5356;-240,451;432,2905;425,5446;-418,1339;323,3844;455,3235;-567,0733;212,1506;466,9742;-3,790615;202,1923;136,5289;-47,85321;602,7643;428,038;-181,0687;778,0043;621,0793;-300,7677;800,8706;705,1136;-432,9294;753,8459;749,8817;-79,60061;239,5402;204,952;-172,3682;592,5732;492,8891;-286,2842;748,6625;662,0851;-376,7025;775,7003;732,0408;-500,3398;744,9874;782,7358;0;0;0;-3,088474;-3,571272;-1,292825;-7,943272;-9,196042;-4,632174;-8,103131;-7,136822;-7,388591;-6,012439;-2,955436;-8,019446;-2,805233;-2,805948;-1,708567;-7,41434;-5,249977;-7,185458;-7,82597;-6,749153;-10,01644;-8,035182;-7,810592;-10,88905;-8,170365;-8,777617;-11,04355;-2,437949;-1,808882;-2,25842;-6,824613;-3,684997;-8,009433;-8,823394;-6,365776;-7,535933;-8,634566;-9,408473;-12,22801;-7,349967;-11,96051;-19,95849;-2,101667;-0,875473;-2,785206;-5,858302;-2,019882;-8,279799;-10,47277;-3,321648;-10,63156;-12,67433;-4,394531;-11,22093;-14,13059;-5,564689;-11,05213;-1,777053;0,014305;-3,283024;-4,569053;-0,228882;-8,110999;-9,79042;0,14019;-4,909515;-12,10213;0;-3,16143;-14,06479;-0,460625;-1,255989;11,37061;11,06989;10,30154;7,671164;44,04317;-0,606543;68,09437;40,35383;-13,24346;18,22957;18,70613;17,40961;-8,842913;66,26328;7,547562;7,372407;-12,89316;20,61825;20,41685;19,24954;-17,24907;18,38842;19,94097;19,10175;0,838165;-0,58362;0;0;0,452442;-0,033989;0;-0,000687;-0,157299;0,009155;1,756811;1,583719;-0,401402;0,039597;0;-0,001259;-0,803261;0,088348;0,000572;0;36,26861;-25,6874;0,027466;-0,027466;24,57161;-1,84021;0;0;-7,11708;0,384521;105,3142;95,02314;-11,13052;1,126099;0;-0,151062;53,20815;-5,850219;0,068665;-0,041199
6;96;00:00:00:096;0;0;0;-0,315576;-1,466358;4,82279;2,614138;-4,936122;6,240844;2,122893;-8,339462;4,038986;0,383486;-9,417364;1,680189;-0,298117;-2,022212;3,815297;-1,108503;-8,602158;7,434021;-0,070785;-13,39704;8,759279;1,30185;-15,64758;9,367826;2,900735;-17,04777;9,725937;-0,304682;-2,732323;2,522141;-1,133027;-9,655041;5,423392;3,745459;-12,33173;6,299749;6,568834;-13,44249;6,656639;8,995286;-14,06572;6,854142;-0,377097;-3,370192;1,34657;-1,15161;-9,996839;3,262649;0,069477;-14,6357;4,610972;1,657313;-16,83505;5,293784;3,707315;-18,24466;5,821694;-0,413493;-3,992853;0,20623;-1,077428;-9,827144;0,8884;-0,276833;-13,63094;1,681394;0,787048;-15,32006;2,061566;2,567745;-16,73093;2,453292;-2,83634;-61,32324;86,64366;66,96662;40,3762;24,77757;135,061;40,37621;24,77759;175,6193;40,74854;25,09252;175,6193;40,74855;25,09252;-3,216345;-61,32323;86,64368;12,15002;-74,5282;89,61919;33,44163;-74,3619;86,93697;53,57766;-73,7487;84,10363;53,09868;-73,93514;84,6023;-3,915318;-67,35088;87,41801;62,70459;-70,16895;87,14122;67,86891;-71,93456;89,66309;73,87463;-73,56207;91,09361;74,07581;-73,35404;90,88376;-5,326999;-73,90495;88,87659;10,52049;-74,02471;93,81431;24,18898;-74,47868;100,8334;29,97913;-76,13506;114,7691;30,91938;-75,99794;113,8004;-12,09284;-83,22234;95,68317;6,25213;-78,39962;95,5043;18,0658;-78,65113;103,8024;17,64719;-79,72884;123,6933;19,12811;-79,63921;122,1881;0;0;0;230,2553;90,96844;-72,06092;34,56122;101,2601;47,30829;-150,4424;317,1034;297,1141;-204,2053;482,2668;437,7768;160,2289;121,3191;-11,61211;209,1348;519,0904;224,4407;80,75083;713,7099;427,5496;-31,8592;752,2639;517,9384;-146,4373;731,8568;570,3024;72,13303;161,8229;65,97675;74,46651;580,1603;342,4852;-240,7169;432,2237;425,5741;-418,456;323,1982;455,4262;-567,4451;211,7975;467,1591;-3,857245;202,1929;136,5116;-48,03861;602,7689;427,9861;-181,4205;777,9958;621,0461;-301,1988;800,8428;705,1065;-433,4128;753,7921;749,9093;-79,65629;239,5451;204,9321;-172,5116;592,5845;492,8391;-286,6393;748,6691;662,0428;-377,1511;775,6956;732,0145;-500,8674;744,9619;782,7396;0;0;0;-5,996704;-0,689507;-0,603676;-16,45535;-9,824752;-0,662506;-16,59679;-8,668899;-1,7066;-11,9276;-3,596305;-2,491951;-5,419492;-0,505686;-0,697374;-14,22071;-0,566483;-2,795219;-20,85292;-2,268791;-5,304336;-23,94068;-3,750801;-5,573272;-25,83075;-5,229949;-4,983902;-4,678487;-0,248909;-0,840783;-13,02624;-0,163078;-3,024101;-15,95878;-4,011154;1,773834;-19,32907;-11,16943;6,165504;-22,30453;-21,18301;11,08932;-3,997832;0,037193;-1,038551;-11,12419;0,274658;-3,109932;-21,11006;-0,509262;-1,991272;-25,86508;-1,670837;-0,429153;-29,00219;-3,230095;1,659393;-3,340602;0,290394;-1,194477;-8,604526;0,678062;-3,001213;-21,30604;0,397682;-2,532005;-26,91793;-0,28038;-1,579285;-31,65722;-1,533508;0,231743;11,37074;11,06978;10,30151;7,671831;44,06776;-0,623506;68,09437;40,35382;-13,24854;18,22995;18,70613;17,40961;-8,842625;66,26328;7,547537;7,372434;-12,91008;20,61992;20,41686;19,24955;-17,28741;18,39263;19,94096;19,10175;1,475143;-1,017752;0;-0,000458;-0,304928;0,022888;0;0;0,017281;-0,000458;-0,001516;0,001574;-1,015034;0,100136;0,000572;0,000572;-2,30072;0,252686;-0,000572;0;38,21869;-26,0479;0;-0,027466;-45,44219;3,412628;0;0,041199;10,47478;-0,576782;-105,4996;-94,92873;-36,81793;3,632354;0,034332;0,109863;-89,84755;9,860229;-0,068665;0
7;112;00:00:00:112;0;0;0;-0,313177;-1,465393;4,82324;2,62101;-4,932474;6,238606;2,130194;-8,336573;4,037824;0,389092;-9,416306;1,681114;-0,29587;-2,021467;3,815866;-1,10223;-8,600922;7,436384;-0,062071;-13,39516;8,762048;1,311706;-15,64505;9,370457;2,911294;-17,04452;9,728206;-0,302629;-2,731875;2,522873;-1,127079;-9,65427;5,426002;3,752824;-12,32875;6,301226;6,576784;-13,43827;6,657346;9,003563;-14,06047;6,854102;-0,375225;-3,370039;1,347474;-1,146331;-9,996566;3,265343;0,077163;-14,63492;4,613239;1,666156;-16,83361;5,295476;3,716932;-18,24238;5,822644;-0,411794;-3,992974;0,207288;-1,073106;-9,82738;0,891028;-0,270626;-13,63112;1,682392;0,797634;-15,31775;2,061337;2,584694;-16,72109;2,451148;-2,793371;-61,30903;86,62923;66,99072;40,43733;24,84126;135,0851;40,43734;24,84127;175,6439;40,80956;25,15669;175,6439;40,80959;25,15669;-3,173376;-61,30904;86,62925;12,22943;-74,51857;89,56599;33,51854;-74,35128;86,88621;53,64982;-73,73707;84,05765;53,17202;-73,92369;84,55513;-3,861283;-67,33695;87,3914;62,76573;-70,15287;87,10696;67,93795;-71,9194;89,62069;73,95165;-73,54745;91,043;74,15168;-73,33939;90,83433;-5,250689;-73,89153;88,82653;10,59669;-74,02582;93,76466;24,26622;-74,4824;100,7826;30,05919;-76,14365;114,715;30,99923;-76,00617;113,7465;-11,90177;-83,21156;95,51669;6,341745;-78,42179;95,44073;18,25741;-78,67566;103,7536;17,90466;-79,76469;123,6829;19,38857;-79,67387;122,1748;0;0;0;230,1294;90,98346;-72,06463;34,11451;100,9925;47,29467;-150,9623;316,8601;297,0988;-204,6361;482,1721;437,7644;160,0997;121,3327;-11,61506;208,7228;519,1349;224,4306;80,1358;713,7269;427,581;-32,56915;752,2375;518,0029;-147,2059;731,7775;570,399;71,99965;161,8356;65,9743;74,04983;580,204;342,4756;-241,2338;432,1003;425,6432;-419,0145;322,9779;455,5406;-568,0269;211,4939;467,312;-3,994136;202,2071;136,5086;-48,43319;602,8113;427,9766;-182,0593;778,0192;621,1269;-301,9536;800,8229;705,2454;-434,2434;753,7099;750,1024;-79,79671;239,5595;204,929;-172,8631;592,6224;492,8305;-287,2652;748,7089;662,1616;-377,8433;775,515;732,0579;-501,4948;744,4406;782,4351;0;0;0;-7,555961;0,900507;-0,222445;-26,8026;-16,05606;-0,816822;-31,19588;-14,59408;-0,919819;-25,85077;-5,684852;-0,741005;-7,754802;0,812531;-0,177026;-24,72067;2,672195;-0,603676;-36,90219;1,018524;1,885414;-42,59687;-1,582146;3,868103;-46,11182;-4,757881;5,796432;-8,002995;0,758171;-0,146985;-25,00105;2,623558;-0,572205;-31,01348;-7,404326;4,145622;-33,50544;-13,21793;6,863594;-34,9102;-18,21756;9,178161;-8,213437;0,848293;-0,181675;-23,67478;2,54631;-0,575066;-38,32626;1,404762;4,846572;-45,28999;-1,190185;8,33702;-49,83615;-4,929542;11,58142;-8,425354;0,864029;-0,185967;-21,09504;2,271652;-0,514984;-37,55092;2,386093;7,123947;-41,52917;-10,83469;2,603531;-37,6482;-31,27956;-18,27621;11,37132;11,06965;10,30176;7,666386;44,1084;-0,651665;68,09437;40,35382;-13,25204;18,2302;18,70614;17,4096;-8,840603;66,26315;7,547537;7,372407;-12,92282;20,62116;20,41686;19,24955;-17,32073;18,39631;20,05814;19,20703;2,438507;-1,689548;0;-0,000458;-0,210114;0,014992;0,000801;-0,000687;0,121307;-0,007782;0;-0,001574;-0,764465;0,074387;0;0;-1,999168;0,220757;7,03125;6,316795;57,80181;-40,3078;0;0;5,688857;-0,473785;0,048065;-0,041199;6,241607;-0,439453;0,090981;-0,188828;15,03411;-1,544952;-0,034332;-0,034332;18,0931;-1,915742;421,9093;379,0077
8;128;00:00:00:128;0;0;0;-0,309958;-1,463239;4,824101;2,632013;-4,925067;6,236163;2,143152;-8,330811;4,037491;0,400044;-9,41425;1,683969;-0,292553;-2,019806;3,817001;-1,091606;-8,598149;7,441154;-0,046642;-13,39084;8,768646;1,329383;-15,63921;9,377562;2,930361;-17,03709;9,735333;-0,299191;-2,730871;2,52437;-1,116311;-9,652534;5,431314;3,766328;-12,32213;6,306174;6,59142;-13,42892;6,661822;9,018832;-14,04883;6,857975;-0,371683;-3,369693;1,349321;-1,136114;-9,995936;3,270837;0,092049;-14,63245;4,620843;1,683272;-16,82933;5,30368;3,735513;-18,23598;5,830818;-0,408148;-3,993234;0,209464;-1,06398;-9,827882;0,896408;-0,257795;-13,63046;1,689564;0,813882;-15,31484;2,068889;2,605148;-16,7129;2,458365;-2,7497;-61,27885;86,64207;67,01428;40,52923;24,9482;135,1087;40,52924;24,94822;175,6683;40,90135;25,26428;175,6683;40,90138;25,26428;-3,129707;-61,27887;86,6421;12,31342;-74,49165;89,53618;33,59682;-74,32331;86,86199;53,72019;-73,70812;84,04127;53,2441;-73,89491;84,53703;-3,805842;-67,30707;87,39138;62,82811;-70,11766;87,09947;68,0111;-71,88515;89,60234;74,03474;-73,51378;91,01449;74,23334;-73,30559;90,80727;-5,171096;-73,86214;88,80122;10,68698;-73,99525;93,72892;24,37234;-74,45512;100,7314;30,20164;-76,12398;114,6278;31,1389;-75,98593;113,6621;-11,68763;-83,18485;95,35519;6,469758;-78,39228;95,36637;18,46718;-78,65016;103,6565;18,22442;-79,75478;123,5287;19,70386;-79,66239;122,0251;0;0;0;229,9854;90,92554;-72,09163;33,55975;100,5441;47,19208;-151,5355;316,469;296,9437;-205,0362;482,0039;437,603;159,9648;121,288;-11,64917;208,3464;519,0608;224,2888;79,60216;713,6143;427,4122;-33,17622;752,0853;517,8412;-147,8581;731,5828;570,2584;71,8765;161,8087;65,93036;73,69291;580,1578;342,319;-241,6617;431,9213;425,5567;-419,4717;322,7245;455,501;-568,5008;211,1785;467,3175;-4,106459;202,1979;136,4543;-48,74996;602,795;427,8149;-182,5048;777,9728;620,9944;-302,4611;800,737;705,149;-434,7927;753,5735;750,0513;-79,89863;239,5667;204,8655;-173,1225;592,6366;492,6728;-287,6263;748,7199;662,1052;-378,4346;775,2781;732,0053;-502,3804;743,606;782,2888;0;0;0;-8,635997;-3,474712;-1,620054;-33,28568;-26,90363;-6,155669;-34,39235;-23,46897;-9,302615;-24,00112;-10,09083;-9,684562;-8,091687;-2,677917;-2,046525;-22,58062;-4,446029;-8,50582;-32,01806;-6,754875;-10,12516;-36,4244;-9,129523;-9,698867;-39,13379;-11,68442;-8,437156;-7,389306;-1,612186;-2,636432;-21,41511;-2,772331;-9,397029;-25,6691;-10,73742;-5,192756;-27,43721;-15,20777;-2,37751;-28,43571;-18,92566;0,326157;-6,739386;-0,549316;-3,255129;-19,00613;-0,981331;-9,698867;-26,72768;-2,783775;-7,947921;-30,45129;-5,155563;-5,784988;-32,95612;-8,185386;-3,058433;-6,115078;0,434876;-3,810882;-15,5611;0,849724;-9,461402;-21,66652;0,658035;-3,38459;-35,4824;-14,21642;-3,155708;-53,13206;-50,07362;-8,777617;11,37254;11,06947;10,30265;7,663712;44,17474;-0,697704;68,09437;40,35382;-13,25417;18,23036;18,70613;17,40961;-8,835402;66,26283;7,547537;7,372407;-12,9196;20,62085;20,41686;19,24954;-17,31779;18,39598;20,11672;19,25966;3,980026;-2,762346;0;0,000458;-0,127773;0,009842;-0,000801;0,000687;0,31208;-0,019226;0;0;0,193291;-0,018654;0;-0,000572;0,176239;-0,019455;3,51448;3,157425;92,49114;-64,36786;0;0,054932;4,940413;-0,30899;-0,09613;0,082397;11,44638;-0,686645;0;0,094414;57,46535;-5,582427;0;-0,034332;130,5244;-14,41269;-211,0061;-189,5622
9;144;00:00:00:144;0;0;0;-0,308549;-1,462469;4,824425;2,637196;-4,921856;6,234601;2,149218;-8,328255;4,036746;0,405084;-9,413333;1,684738;-0,291092;-2,019216;3,817425;-1,086888;-8,597209;7,442933;-0,039776;-13,38925;8,771078;1,337255;-15,63696;9,380148;2,938854;-17,03414;9,737888;-0,297665;-2,730523;2,524926;-1,111513;-9,651976;5,433291;3,772345;-12,31948;6,307724;6,59794;-13,42509;6,663059;9,025636;-14,04399;6,858894;-0,370101;-3,369591;1,350008;-1,131546;-9,995786;3,272881;0,098701;-14,63146;4,623847;1,690919;-16,82754;5,306963;3,743812;-18,23323;5,834103;-0,40651;-3,993359;0,210273;-1,059885;-9,828143;0,898408;-0,252036;-13,63029;1,69192;0,823027;-15,31255;2,071086;2,619109;-16,70462;2,459836;-2,730686;-61,2677;86,64839;67,03077;40,57331;25,00293;135,1251;40,57332;25,00295;175,6852;40,94537;25,31936;175,6852;40,94538;25,31936;-3,110707;-61,26769;86,64842;12,3495;-74,48166;89,52441;33,6308;-74,31287;86,85225;53,75105;-73,69723;84,03462;53,27564;-73,88409;84,5297;-3,781799;-67,29602;87,3922;62,85527;-70,1086;87,0969;68,04208;-71,87653;89,59588;74,06937;-73,5054;91,00426;74,26747;-73,29717;90,79756;-5,136809;-73,85139;88,79128;10,72618;-73,98148;93,71411;24,41869;-74,44268;100,7096;30,26432;-76,11493;114,5898;31,20033;-75,97665;113,6253;-11,59741;-83,17525;95,28859;6,520968;-78,38582;95,33928;18,61157;-78,64529;103,6242;18,4633;-79,75977;123,4807;19,94122;-79,66635;121,9787;0;0;0;229,7923;90,79629;-72,1433;32,82548;99,98055;47,21537;-152,3834;316,0102;296,8466;-205,7265;481,8263;437,3766;159,7658;121,1883;-11,7173;207,709;518,8944;224,0026;78,67308;713,3548;427,0156;-34,24174;751,7352;517,4136;-149,0079;731,137;569,8293;71,6702;161,7484;65,84055;73,04684;580,0536;342,0003;-242,4775;431,5242;425,2589;-420,3577;322,1635;455,2312;-569,4259;210,4802;467,0838;-4,318993;202,1771;136,3435;-49,363;602,7573;427,4853;-183,379;777,8246;620,5425;-303,4603;800,4811;704,6631;-435,874;753,1904;749,5681;-80,11742;239,5824;204,7349;-173,6701;592,6667;492,35;-288,4084;748,6804;661,671;-379,3858;774,9556;731,4395;-503,4629;742,7489;781,4268;0;0;0;-11,58714;-7,755517;-3,100633;-44,05653;-33,81586;1,397431;-50,87113;-27,53019;-5,825042;-41,41903;-10,66017;-13,58128;-11,93833;-5,983114;-4,087686;-38,24758;-9,982108;-17,17329;-55,74453;-15,56682;-23,79799;-63,93116;-21,00849;-25,65193;-68,9907;-26,74484;-25,74348;-12,3775;-3,615617;-5,388736;-38,76435;-6,251335;-19,12594;-48,94924;-23,82374;-17,86709;-53,15495;-33,6585;-16,18767;-55,50671;-41,89682;-14,02187;-12,75205;-1,247406;-6,650448;-36,78238;-2,263069;-19,77539;-52,45614;-8,892058;-27,11678;-59,95273;-15,35225;-29,15668;-64,88227;-22,98546;-28,9936;-13,12745;0,938415;-7,836341;-32,85312;1,808166;-19,36626;-46,93079;-2,368927;-26,04961;-57,07169;-19,3491;-33,94603;-64,9538;-51,42403;-51,71871;11,37321;11,06927;10,30315;7,659345;44,20923;-0,721767;68,09437;40,35383;-13,25484;18,23041;18,70613;17,40963;-8,837468;66,26295;7,547562;7,372407;-12,91572;20,62047;20,41687;19,24955;-17,32101;18,39634;20,2046;19,33861;2,069778;-1,443758;0;0,000458;-0,040226;0,002632;0;0,000687;-0,123997;0,007782;0,001516;0;0,23283;-0,022545;0,000572;0,000572;-0,192833;0,0214;5,272865;4,737281;-114,6148;79,11529;0;0;5,252838;-0,432587;0,048065;0;-26,16462;1,620483;0,090981;0;2,37236;-0,23346;0,034332;0,068665;-22,14431;2,451324;105,5031;94,79139
10;160;00:00:00:160;0;0;0;-0,306152;-1,461504;4,824871;2,645684;-4,917429;6,230789;2,158058;-8,324623;4,034088;0,411437;-9,411921;1,684953;-0,288845;-2,018471;3,81799;-1,08061;-8,595966;7,44528;-0,031056;-13,38766;8,772765;1,347115;-15,63484;9,381203;2,949415;-17,03138;9,738284;-0,295611;-2,730073;2,525655;-1,105556;-9,651196;5,435887;3,779712;-12,3165;6,309159;6,605891;-13,42087;6,663713;9,03391;-14,03874;6,858794;-0,368226;-3,369436;1,350908;-1,126256;-9,995504;3,275561;0,106423;-14,63102;4,624851;1,699809;-16,82661;5,306812;3,753481;-18,23158;5,832843;-0,404807;-3,993476;0,211327;-1,05555;-9,828368;0,901025;-0,245834;-13,63026;1,69387;0,834463;-15,30936;2,072155;2,638204;-16,692;2,459102;-2,687853;-61,25351;86,63413;67,0734;40,65784;25,09487;135,1678;40,65787;25,09488;175,7287;41,02973;25,41208;175,7287;41,02975;25,41207;-3,067857;-61,25351;86,63416;12,42712;-74,48481;89,47308;33,70807;-74,31508;86,80132;53,82578;-73,69839;83,98636;53,35117;-73,88544;84,48061;-3,727975;-67,28212;87,36585;62,91606;-70,09319;87,06305;68,11065;-71,86203;89,55402;74,14573;-73,49142;90,95436;74,34277;-73,28311;90,74875;-5,060882;-73,83796;88,74164;10,79673;-73,99805;93,67041;24,48317;-74,46152;100,6716;30,31548;-76,13736;114,5642;31,25257;-75,99887;113,5987;-11,40843;-83,16434;95,12428;6,620502;-78,3933;95,26561;18,85337;-78,65556;103,5546;18,82735;-79,78564;123,4197;20,30573;-79,69048;121,9173;0;0;0;229,7077;90,75011;-72,16275;32,37034;99,55669;47,06939;-152,8841;315,6374;296,664;-206,0934;481,6658;437,2232;159,6782;121,1529;-11,74273;207,4259;518,838;223,8959;78,17913;713,2593;426,8504;-34,83379;751,5999;517,23;-149,66;730,9594;569,6418;71,57865;161,7276;65,80717;72,75896;580,0201;341,8817;-242,8347;431,3654;425,1666;-420,7436;321,9335;455,158;-569,828;210,1901;467,0297;-4,413895;202,171;136,3023;-49,63705;602,7482;427,3627;-183,9159;777,7623;620,3306;-304,1215;800,3687;704,4203;-436,6157;753,0196;749,3183;-80,21566;239,5899;204,6864;-173,9157;592,6824;492,23;-288,8255;748,6692;661,5073;-379,9679;774,5709;731,0968;-504,1502;741,6436;780,5947;0;0;0;-5,075454;-2,7709;-1,16694;-27,30828;-25,43163;-8,758663;-30,04217;-22,36461;-10,95629;-22,01414;-9,627341;-9,206771;-5,260705;-2,123594;-1,526177;-16,98303;-3,387451;-6,40583;-29,63733;-5,730628;-9,913444;-35,52317;-8,116721;-11,0178;-39,12592;-10,65445;-11,24954;-5,493164;-1,251697;-2,002716;-17,27271;-2,011299;-7,116795;-21,43335;-9,527205;-5,536079;-23,15712;-13,80301;-4,394531;-24,127;-17,40932;-3,2444;-5,694084;-0,36478;-2,474069;-16,44266;-0,543594;-7,35855;-32,21011;-3,739357;-12,71439;-39,66951;-6,746292;-14,5626;-44,50035;-10,24818;-14,9889;-5,894422;0,450611;-2,90966;-14,74142;0,938415;-7,201194;-25,02251;-0,67234;-9,821891;-34,92593;-23,08273;-20,56503;-41,23592;-66,32423;-49,92485;11,37338;11,06901;10,30343;7,652278;44,27623;-0,768573;68,09438;40,35382;-13,27114;18,23161;18,70613;17,40963;-8,836046;66,26285;7,547562;7,372407;-12,94397;20,62324;20,41686;19,24956;-17,33961;18,39839;20,35108;19,4702;4,019852;-2,80838;0,000458;-0,000916;-0,978012;0,072098;0;0;0,085316;-0,006409;0;0;-1,695042;0,166283;-0,000572;0,000687;-1,116371;0,122681;8,788719;7,89505;117,0044;-81,87732;0,027466;-0,082397;-56,26716;4,167938;0;-0,041199;12,55874;-0,85144;-0,090981;0;-115,6723;11,32965;-0,068665;0,006866;-55,41229;6,076812;210,9512;189,4661
11;176;00:00:00:176;0;0;0;-0,300142;-1,458784;4,826071;2,665722;-4,905944;6,223963;2,180457;-8,315415;4,030278;0,429313;-9,408543;1,687222;-0,282922;-2,016381;3,819538;-1,062751;-8,592586;7,451752;-0,0056;-13,38186;8,781918;1,376121;-15,62673;9,390873;2,980608;-17,02083;9,747644;-0,289804;-2,728831;2,52767;-1,087947;-9,649154;5,443064;3,801662;-12,30712;6,31439;6,629632;-13,40737;6,667461;9,058648;-14,0218;6,860998;-0,362535;-3,369054;1,353399;-1,109986;-9,994891;3,28298;0,130103;-14,62798;4,633824;1,727032;-16,82103;5,315681;3,783046;-18,22292;5,840784;-0,399223;-3,993883;0,214254;-1,04149;-9,829203;0,908277;-0,225963;-13,62951;1,702746;0,860435;-15,30471;2,080873;2,671881;-16,67766;2,466321;-2,593043;-61,2136;86,62859;67,14755;40,83468;25,30142;135,242;40,83471;25,30144;175,8046;41,20626;25,62015;175,8046;41,20628;25,62012;-2,973024;-61,21359;86,62857;12,60516;-74,4417;89,37905;33,87661;-74,26976;86,71658;53,98001;-73,65092;83,91586;53,50857;-73,83836;84,40693;-3,608644;-67,24277;87,33335;63,05051;-70,04391;87,01424;68,26441;-71,8148;89,4855;74,31816;-73,44536;90,86664;74,51247;-73,23689;90,6638;-4,892108;-73,79972;88,65712;10,97666;-73,96918;93,57516;24,68011;-74,43888;100,5596;30,55201;-76,12804;114,4123;31,48609;-75,98859;113,4499;-10,98159;-83,13142;94,77805;6,872338;-78,36309;95,09656;19,24766;-78,63301;103,3605;19,38811;-79,79079;123,1642;20,86181;-79,69298;121,6666;0;0;0;229,5639;90,69221;-72,18948;31,57609;98,83579;46,82415;-153,6849;314,9875;296,3737;-206,602;481,3732;436,9984;159,5433;121,1083;-11,77662;207,0493;518,7634;223,7551;77,68358;713,1637;426,7556;-35,38503;751,4727;517,1764;-150,2457;730,7942;569,6296;71,45541;161,7006;65,76346;72,40156;579,9734;341,7259;-243,2507;431,1863;425,0845;-421,1841;321,6801;455,1242;-570,2825;209,8744;467,042;-4,526416;202,1617;136,2483;-49,95444;602,7313;427,2018;-184,4046;777,7352;620,2646;-304,6922;800,3123;704,421;-437,2408;752,9194;749,3842;-80,31789;239,5969;204,6231;-174,1759;592,6959;492,073;-289,2072;748,6671;661,3874;-380,6123;774,1829;730,8847;-505,0897;740,4032;780,0673;0;0;0;-8,627414;-3,473997;-1,603961;-47,6548;-43,2533;-14,7146;-48,04659;-38,99431;-17,4222;-30,51567;-17,55523;-13,48686;-8,089541;-2,680778;-2,033114;-22,60065;-4,471778;-8,4486;-29,73282;-5,736351;-5,684852;-33,07432;-7,633208;-3,218651;-35,13765;-9,913444;-0,735283;-7,394313;-1,619339;-2,622485;-21,44372;-2,800941;-9,3441;-24,95956;-10,74886;-4,926681;-26,43013;-15,20204;-2,022743;-27,26841;-18,93997;0,738144;-6,751299;-0,55933;-3,237247;-19,04368;-1,012802;-9,650229;-29,32405;-1,6222;-3,959655;-34,24215;-3,387451;0,034332;-37,50515;-6,008148;3,953933;-6,133675;0,42057;-3,795146;-15,60759;0,812531;-9,418487;-22,90249;-0,128746;-7,195472;-38,66386;-23,27728;-12,72583;-56,36787;-74,42092;-31,64005;11,37657;11,06867;10,30499;7,646971;44,40842;-0,861403;68,09437;40,35382;-13,26565;18,23121;18,70612;17,40963;-8,826369;66,26224;7,547562;7,372434;-12,94918;20,62376;20,41686;19,24954;-17,3421;18,39867;20,46823;19,57547;7,931442;-5,569782;-0,000458;0,000458;0,329418;-0,024147;-0,000572;0;0,580616;-0,036621;0;0,001574;-0,312767;0,030899;0;-0,001259;-0,149231;0,016823;7,02919;6,31668;234,6954;-165,6841;-0,054932;0,082397;78,44581;-5,774688;-0,034332;0;29,71801;-1,812744;0;0,094414;82,93647;-8,123015;0,034332;-0,11673;58,02841;-6,35147;-105,5718;-94,70214
12;192;00:00:00:192;0;0;0;-0,300142;-1,458784;4,826071;2,665722;-4,905944;6,223963;2,180457;-8,315415;4,030278;0,429313;-9,408543;1,687222;-0,282922;-2,016381;3,819538;-1,062751;-8,592586;7,451752;-0,0056;-13,38186;8,781918;1,376121;-15,62673;9,390873;2,980608;-17,02083;9,747644;-0,289804;-2,728831;2,52767;-1,087947;-9,649154;5,443064;3,801662;-12,30712;6,31439;6,629632;-13,40737;6,667461;9,058648;-14,0218;6,860998;-0,362535;-3,369054;1,353399;-1,109986;-9,994891;3,28298;0,130103;-14,62798;4,633824;1,727032;-16,82103;5,315681;3,783046;-18,22292;5,840784;-0,399223;-3,993883;0,214254;-1,04149;-9,829203;0,908277;-0,225963;-13,62951;1,702746;0,860435;-15,30471;2,080873;2,671881;-16,67766;2,466321;-2,593043;-61,2136;86,62859;67,14755;40,83468;25,30142;135,242;40,83471;25,30144;175,8046;41,20626;25,62015;175,8046;41,20628;25,62012;-2,973024;-61,21359;86,62857;12,60516;-74,4417;89,37905;33,87661;-74,26976;86,71658;53,98001;-73,65092;83,91586;53,50857;-73,83836;84,40693;-3,608644;-67,24277;87,33335;63,05051;-70,04391;87,01424;68,26441;-71,8148;89,4855;74,31816;-73,44536;90,86664;74,51247;-73,23689;90,6638;-4,892108;-73,79972;88,65712;10,97666;-73,96918;93,57516;24,68011;-74,43888;100,5596;30,55201;-76,12804;114,4123;31,48609;-75,98859;113,4499;-10,98159;-83,13142;94,77805;6,872338;-78,36309;95,09656;19,24766;-78,63301;103,3605;19,38811;-79,79079;123,1642;20,86181;-79,69298;121,6666;0;0;0;229,2033;90,52901;-72,2615;30,37384;98,14672;47,2337;-155,0288;314,4351;296,6023;-207,6745;481,1705;436,8623;159,188;120,9828;-11,86951;205,9777;518,5606;223,3668;76,15623;712,816;426,2065;-37,12537;750,9858;516,5962;-152,1173;730,1611;569,0679;71,10703;161,626;65,64255;71,34501;579,8509;341,2953;-244,5677;430,6239;424,7706;-422,6086;320,8705;454,8994;-571,7668;208,858;466,9098;-4,867864;202,1388;136,0988;-50,93066;602,6945;426,7567;-185,8254;777,5528;619,7261;-306,3256;799,977;703,8889;-439,0147;752,3997;748,9078;-80,65291;239,6213;204,4475;-175,0195;592,7459;491,6378;-290,3995;748,6221;660,8548;-382,1706;773,9038;730,3616;-507,1103;739,5427;779,6342;0;0;0;-21,63648;-9,791492;-4,320859;-72,13532;-41,34464;24,57297;-80,63578;-33,14638;13,71717;-64,35298;-12,16221;-8,16822;-21,32177;-7,525205;-5,57363;-64,29433;-12,17079;-23,29731;-91,64106;-20,86258;-32,94754;-104,4204;-29,20818;-34,81006;-112,2966;-37,9858;-33,69712;-20,90335;-4,473924;-7,254838;-63,39311;-7,355689;-25,83647;-79,02002;-33,74576;-18,83125;-85,46733;-48,57587;-13,49258;-89,05791;-60,9827;-7,933616;-20,48687;-1,376152;-8,969306;-58,57318;-2,208709;-26,71051;-85,24703;-10,94627;-32,30667;-98,00291;-20,11299;-31,92615;-106,4329;-31,18801;-28,58448;-20,10119;1,463413;-10,53715;-50,61507;3,001213;-26,1097;-71,53701;-2,695083;-31,95476;-93,4968;-16,74843;-31,38542;-121,2387;-51,62716;-25,98667;11,37657;11,06867;10,30499;7,646971;44,40842;-0,861403;68,09437;40,35382;-13,26565;18,23121;18,70612;17,40963;-8,826369;66,26224;7,547562;7,372434;-12,94918;20,62376;20,41686;19,24954;-17,3421;18,39867;20,46823;19,57547;0;0;0;0;0;0;0;0;0;0;0;0;0;0;0;0;0;0;0;0;-475,8865;334,1869;0,027466;-0,027466;-19,76509;1,448822;0,034332;0;-34,83696;2,197265;0;-0,094414;18,76602;-1,853943;0;0,075531;8,953856;-1,009369;-421,7513;-379,0008
13;208;00:00:00:208;0;0;0;-0,294533;-1,456679;4,827052;2,686097;-4,894931;6,21544;2,202957;-8,306369;4,024343;0,446773;-9,405148;1,687713;-0,277393;-2,014771;3,820792;-1,046073;-8,590086;7,45699;0,018172;-13,37723;8,789184;1,403205;-15,61998;9,398392;3,009732;-17,01184;9,754738;-0,284382;-2,727894;2,529296;-1,071499;-9,647718;5,448867;3,822143;-12,2991;6,317613;6,652362;-13,39424;6,668536;9,082925;-14,00325;6,859758;-0,357219;-3,368812;1,355412;-1,094785;-9,994596;3,288978;0,152292;-14,6267;4,636767;1,75256;-16,81799;5,316419;3,810773;-18,21747;5,839337;-0,394005;-3,994273;0,216617;-1,028351;-9,830041;0,914138;-0,207358;-13,62938;1,707636;0,885846;-15,30044;2,084445;2,706179;-16,6623;2,467343;-2,504017;-61,18156;86,62302;67,24354;41,02227;25,52891;135,3379;41,02229;25,52892;175,9025;41,39344;25,84935;175,9025;41,39345;25,84934;-2,884005;-61,18156;86,62301;12,77081;-74,407;89,29189;34,03437;-74,23305;86,63716;54,12543;-73,61214;83,84874;53,65686;-73,7999;84,3369;-3,496856;-67,21126;87,30273;63,17679;-70,01514;86,96799;68,43565;-71,78789;89,4231;74,53427;-73,41976;90,78504;74,7257;-73,21107;90,58521;-4,734584;-73,76917;88,57829;11,12649;-73,99803;93,50505;24,82012;-74,47256;100,4986;30,67046;-76,16973;114,3712;31,60625;-76,02977;113,4072;-10,58983;-83,10568;94,46153;7,084384;-78,37215;94,96221;19,60238;-78,64809;103,2298;19,86253;-79,82867;123,0441;21,33718;-79,72868;121,5456;0;0;0;229,2033;90,52901;-72,2615;30,04681;97,62737;46,68975;-155,3391;313,9423;296,0861;-207,8208;480,9335;436,619;159,188;120,9828;-11,86951;205,9777;518,5606;223,3668;76,18001;712,8161;426,2121;-37,09064;750,986;516,6044;-152,0759;730,1612;569,0779;71,10703;161,626;65,64255;71,34501;579,8509;341,2953;-244,5757;430,6239;424,7694;-422,603;320,844;454,8092;-571,7341;208,8084;466,6776;-4,867864;202,1388;136,0988;-50,93066;602,6945;426,7567;-186,0971;777,5463;619,6637;-306,7247;799,9674;703,7984;-439,4954;752,3879;748,8036;-80,65291;239,6213;204,4475;-175,0195;592,7459;491,6378;-290,5331;748,6199;660,8131;-382,2926;773,6558;730,1221;-507,0692;738,938;778,8531;0;0;0;0;0;0;-19,62161;-31,16083;-32,63712;-18,61954;-29,56867;-30,96914;-8,779048;-14,21928;-14,59408;0;0;0;0;0;0;1,426935;0,005722;0,337601;2,084076;0,005722;0,492096;2,480507;0,005722;0,600815;0;0;0;0;0;0;-0,482082;0,002861;-0,074387;0,331879;-1,587868;-5,407333;1,965523;-2,974033;-13,93032;0;0;0;0;0;0;-16,29996;-0,39196;-3,74794;-23,94676;-0,577927;-5,42736;-28,84197;-0,706673;-6,254196;0;0;0;0;0;0;-8,016585;-0,134468;-2,503395;-7,321357;-14,88018;-14,36806;2,469063;-36,28349;-46,86641;11,38014;11,06687;10,3058;7,640615;44,55971;-0,968378;68,09438;40,35383;-13,26092;18,23086;18,70613;17,40963;-8,829373;66,26242;7,576808;7,398788;-13,00489;20,62926;20,41687;19,24955;-17,37686;18,40252;20,61471;19,70709;9,077225;-6,418504;0,000458;0,000458;0,284042;-0,021057;0,000572;0;-0,180244;0,010986;1,75478;1,581259;-3,342418;0,330391;0,000572;0,000572;-2,085571;0,231171;8,788719;7,896766;544,6335;-385,1102;0,027466;0,027466;17,04254;-1,263428;0,034332;0;-10,81466;0,65918;105,2868;94,87551;-200,5451;19,82345;0,034332;0,034332;-125,1343;13,87024;527,3231;473,8059
14;224;00:00:00:224;0;0;0;-0,283761;-1,450038;4,829697;2,719177;-4,87297;6,207828;2,241024;-8,28927;4,023223;0,478611;-9,398911;1,696438;-0,266654;-2,009624;3,824266;-1,013146;-8,581315;7,471621;0,065337;-13,36319;8,811275;1,457016;-15,60122;9,422671;3,067631;-16,98829;9,779276;-0,273691;-2,724739;2,533873;-1,038779;-9,642082;5,465154;3,862913;-12,27958;6,33076;6,69761;-13,36417;6,678292;9,131227;-13,96214;6,865463;-0,34659;-3,367639;1,361076;-1,06432;-9,992324;3,305835;0,196694;-14,62053;4,65403;1,80361;-16,80735;5,332431;3,866193;-18,20123;5,853066;-0,383428;-3,994935;0,223292;-1,001766;-9,831236;0,930651;-0,169831;-13,62764;1,726814;0,93433;-15,29156;2,103247;2,768188;-16,63594;2,483392;-2,341939;-61,08916;86,62817;67,31902;41,30193;25,83961;135,4134;41,30194;25,83963;175,9805;41,67277;26,16211;175,9805;41,67278;26,16209;-2,721947;-61,08918;86,62819;13,07779;-74,29761;89,14325;34,31919;-74,11998;86,5101;54,3801;-73,49548;83,75146;53,91788;-73,68383;84,2333;-3,292538;-67,11978;87,26153;63,40667;-69,92421;86,89909;68,75769;-71,70039;89,32001;74,94679;-73,33463;90,64304;75,13219;-73,12554;90,4494;-4,444715;-73,67943;88,44714;11,42861;-73,97572;93,36326;25,13907;-74,46061;100,3399;31,02942;-76,17857;114,1713;31,96227;-76,03721;113,2103;-9,847045;-83,02431;93,87128;7,515567;-78,32114;94,68774;20,28172;-78,61011;102,9127;20,83412;-79,83817;122,6184;22,30021;-79,73371;121,1287;0;0;0;228,8668;90,40268;-72,32038;28,4182;96,3263;46,52559;-157,0744;312,7919;295,8013;-209,05;480,4377;436,2875;158,8562;120,8863;-11,94475;204,977;518,4106;223,0525;74,85714;712,5382;425,8005;-38,56463;750,5814;516,189;-153,6435;729,6224;568,6954;70,78168;161,5698;65,54497;70,35813;579,7647;340,9471;-245,8073;430,1427;424,5758;-423,9371;320,003;454,5677;-573,1036;207,5969;466,2914;-5,186834;202,1243;135,9781;-51,8427;602,6768;426,3969;-187,723;777,4623;619,4189;-308,6892;799,7751;703,6556;-441,6802;752,0483;748,7766;-80,96597;239,6447;204,3057;-175,8078;592,7963;491,2862;-291,7626;748,6098;660,4842;-383,8817;773,055;729,6043;-508,9355;737,1776;777,7343;0;0;0;-20,19167;-7,579922;-3,532648;-97,71626;-78,06408;-9,849071;-104,1183;-69,02074;-17,09032;-73,74715;-29,74891;-19,89269;-19,90413;-5,795002;-4,514157;-60,04142;-8,997916;-18,85557;-79,37228;-16,67404;-24,69635;-88,43976;-24,27578;-24,92237;-94,0554;-32,32956;-22,95112;-19,5204;-3,373146;-5,854725;-59,21244;-5,169868;-20,88976;-73,89593;-28,87344;-11,61575;-80,04283;-50,45986;-14,49108;-82,17429;-72,69144;-23,17142;-19,13823;-0,868321;-7,24554;-54,72243;-1,0643;-21,58928;-97,55444;-5,038261;-14,68849;-117,8684;-11,5385;-8,568763;-131,0921;-20,3762;-1,619339;-18,78404;1,404762;-8,507251;-47,30058;3,02124;-21,09718;-73,77004;-0,603676;-19,73533;-95,34502;-36,04889;-31,07071;-111,9833;-105,6232;-67,13103;11,38569;11,06389;10,30699;7,631251;44,74696;-1,101975;68,09438;40,35382;-13,24036;18,22935;18,70613;17,40961;-8,830397;66,26248;7,635403;7,451482;-13,0653;20,63524;20,41685;19,24954;-17,4063;18,40579;20,81977;19,89131;11,23512;-8,015842;0;-0,000916;1,233673;-0,090408;0;-0,000687;-0,061398;0,003662;3,515653;3,16163;-3,624859;0,358772;-0,001144;-0,000572;-1,766624;0,196037;12,30343;11,05339;129,4738;-95,84029;-0,027466;-0,082397;56,97783;-4,161071;-0,034332;-0,041199;7,130813;-0,439453;105,6524;94,8223;-16,94641;1,702881;-0,102997;-0,068665;19,13682;-2,108002;210,8825;189,3974
15;240;00:00:00:240;0;0;0;-0,280097;-1,446852;4,830865;2,734312;-4,861701;6,204;2,259444;-8,280384;4,022412;0,494391;-9,395618;1,700306;-0,262636;-2,007154;3,82584;-0,999265;-8,577124;7,478301;0,085908;-13,35649;8,821486;1,480712;-15,59221;9,434204;3,093255;-16,9769;9,791348;-0,269224;-2,723226;2,535975;-1,024267;-9,639398;5,472623;3,881156;-12,26996;6,338214;6,7197;-13,34513;6,683604;9,156562;-13,9308;6,867424;-0,341724;-3,367083;1,363678;-1,050151;-9,991261;3,313572;0,217475;-14,61887;4,657638;1,827528;-16,80408;5,333755;3,892138;-18,19563;5,852593;-0,37817;-3,995262;0,22637;-0,988685;-9,831839;0,938248;-0,151515;-13,62684;1,735587;0,959297;-15,28636;2,111907;2,801743;-16,61929;2,490824;-2,303269;-61,04588;86,66854;67,35716;41,43447;26,00405;135,4516;41,4345;26,00409;176,0199;41,80516;26,32755;176,0199;41,80518;26,32755;-2,68325;-61,04588;86,66854;13,15408;-74,25012;89,144;34,38662;-74,07157;86,51945;54,43673;-73,44624;83,77136;53,97666;-73,63475;84,25108;-3,243212;-67,0767;87,29029;63,46185;-69,88422;86,92149;68,94056;-71,66122;89,33188;75,25555;-73,29681;90,63384;75,43681;-73,08741;90,44449;-4,373457;-73,63677;88,453;11,48716;-74,02275;93,38337;25,17773;-74,5092;100,379;31,0227;-76,22824;114,2542;31,95909;-76,08689;113,2898;-9,650271;-82,98368;93,75019;7,625529;-78,30064;94,65475;20,55475;-78,593;102,8634;21,28659;-79,84023;122,5211;22,74817;-79,73373;121,036;0;0;0;228,2205;90,00422;-72,47903;26,20063;94,64386;46,59504;-159,5793;311,4198;295,5009;-211,0644;479,897;435,5908;158,2118;120,5774;-12,1532;203,0014;517,8844;222,1746;72,05254;711,6959;424,481;-41,75626;749,4561;514,741;-157,0734;728,2092;567,2337;70,14022;161,3805;65,27039;68,39497;579,4266;339,9699;-248,2622;428,9716;423,7855;-426,5968;318,0936;453,6269;-575,8326;204,9355;465,026;-5,824527;202,0539;135,6382;-53,67063;602,5405;425,3855;-190,8164;777,0822;618,2833;-312,3828;799,1212;702,5502;-445,7651;751,0552;747,7861;-81,60058;239,6844;203,9052;-177,4028;592,868;490,2954;-294,0906;748,5039;659,3096;-386,83;772,2768;728,2607;-512,51;735,0007;776,0156;0;0;0;-38,7783;-23,90778;-9,51898;-133,0544;-100,9465;4,166901;-150,2945;-82,32593;-18,02158;-120,8668;-32,44114;-41,80526;-38,66386;-18,52941;-12,50714;-118,5365;-31,57425;-52,67429;-168,2757;-50,53997;-79,17022;-191,4974;-67,51441;-86,88068;-205,7948;-84,79213;-87,70465;-38,48791;-11,35826;-16,47484;-117,7901;-20,28751;-58,63523;-147,294;-70,26672;-47,41859;-159,5821;-114,5682;-56,45084;-163,7421;-159,6851;-75,92582;-38,26153;-4,22573;-20,39051;-109,6759;-8,176803;-60,68229;-185,606;-22,80521;-68,13525;-221,6206;-39,23034;-66,32423;-245,0895;-59,58652;-59,42916;-38,07628;2,381801;-24,02973;-95,70335;4,302978;-59,44919;-139,6823;-6,354332;-70,47271;-176,897;-46,69189;-80,6179;-214,468;-130,6114;-103,1199;11,38837;11,05894;10,30661;7,624318;44,854;-1,178982;68,09437;40,35382;-13,23533;18,22897;18,70613;17,40961;-8,8336;66,2627;7,752562;7,556943;-13,1534;20,64401;20,41686;19,24956;-17,42618;18,40798;20,96622;20,02291;6,422653;-4,620437;-0,000458;0,000458;0,301552;-0,022888;0;0;-0,192204;0,012817;7,029562;6,327667;-5,285854;0,526085;0,000572;0,001259;-1,192589;0,131722;8,786888;7,896308;-288,7481;203,7243;-0,027466;0,082397;-55,92727;4,051208;0;0,041199;-7,848357;0,549316;210,8345;189,9622;-99,65971;10,03876;0,102997;0,109863;34,44214;-3,858947;-210,9924;-189,4249
16;256;00:00:00:256;0;0;0;-0,275204;-1,444905;4,83173;2,752167;-4,850669;6,198903;2,281923;-8,271441;4,019583;0,514595;-9,3925;1,702017;-0,257247;-2,005683;3,826978;-0,980553;-8,575093;7,483105;0,113677;-13,3514;8,829806;1,512708;-15,58416;9,443729;3,127858;-16,96571;9,801244;-0,263205;-2,722416;2,537477;-1,004664;-9,638422;5,477975;3,905803;-12,25977;6,342917;6,746404;-13,32971;6,687629;9,184381;-13,91098;6,870643;-0,335144;-3,36699;1,36554;-1,030981;-9,991419;3,319113;0,245481;-14,617;4,661797;1,859725;-16,79946;5,336784;3,927042;-18,18744;5,854414;-0,371039;-3,995806;0,228566;-0,970951;-9,833087;0,943679;-0,126733;-13,62613;1,742886;0,993244;-15,27949;2,119146;2,847495;-16,59643;2,4964;-2,249178;-61,01546;86,72189;67,41323;41,56422;26,20472;135,5076;41,56423;26,20474;176,0772;41,93466;26,52935;176,0772;41,93467;26,52934;-2,629171;-61,01545;86,7219;13,25638;-74,201;89,14616;34,47952;-74,02124;86,5307;54,51772;-73,39474;83,79431;54,06009;-73,58344;84,27161;-3,175169;-67,04655;87,3283;63,53786;-69,84402;86,95084;69,02888;-71,62216;89,34879;75,35528;-73,25841;90,63905;75,53494;-73,04891;90,45133;-4,277264;-73,60713;88,46138;11,58287;-74,03405;93,39297;25,27052;-74,52362;100,3912;31,10931;-76,24815;114,2716;32,04615;-76,10645;113,3068;-9,407664;-82,9567;93,61008;7,777121;-78,26856;94,60685;20,93677;-78,56564;102,7905;21,9272;-79,83991;122,3739;23,38191;-79,73046;120,8957;0;0;0;228,0006;89,81306;-72,54917;25,06675;93,61557;46,44915;-160,8988;310,5526;295,1933;-212,1123;479,5388;435,1907;157,9708;120,4293;-12,24766;202,1685;517,6329;221,7738;70,91795;711,2942;423,8917;-43,03247;748,9161;514,0836;-158,4376;727,5264;566,5508;69,87221;161,2897;65,14423;67,5242;579,2655;339,5218;-249,3303;428,394;423,3424;-427,8851;316,951;453,3138;-577,3101;203,0546;464,9146;-6,116504;202,0205;135,4821;-54,52073;602,4767;424,9212;-192,2513;776,9777;618,0229;-314,0942;798,9183;702,4072;-447,6544;750,7108;747,7411;-81,91607;239,704;203,7206;-178,1878;592,9041;489,8397;-295,1682;748,4565;658,79;-388,1987;771,625;727,4954;-514,0892;733,1784;774,5767;0;0;0;-13,19075;-11,46984;-4,208564;-68,0328;-61,69724;-8,753478;-79,17165;-52,03485;-18,45932;-62,87097;-21,49486;-24,00112;-14,46247;-8,890628;-5,667507;-49,97062;-15,09189;-24,04833;-68,07589;-24,10126;-35,35652;-76,5733;-32,40108;-39,44778;-81,85172;-40,96698;-40,97271;-16,08074;-5,443811;-7,569551;-52,24586;-9,664535;-26,88789;-64,08262;-34,65271;-26,58749;-77,29911;-68,5544;-18,78261;-88,64879;-112,8531;-6,680489;-17,5186;-2,001285;-9,369849;-51,0056;-3,828048;-27,85492;-86,09103;-6,274223;-15,62404;-102,6793;-12,17937;-8,580207;-113,3595;-20,65944;-2,697944;-18,9296;1,178741;-11,07931;-47,09458;2,165794;-27,34566;-64,65053;-2,840996;-31,17942;-82,12423;-39,10732;-45,91369;-94,74849;-109,3426;-86,33708;11,39211;11,05878;10,30719;7,613812;44,95759;-1,253917;68,09437;40,35382;-13,21552;18,22752;18,70612;17,40961;-8,823742;66,26205;7,752562;7,556943;-13,19199;20,64786;20,41686;19,24955;-17,42061;18,40737;21,17128;20,20714;6,215057;-4,496069;0;0;1,188526;-0,08709;-0,000572;0;0,591488;-0,038452;0;0;-2,315368;0,230713;0;-0,000687;0,333939;-0,036964;12,30389;11,0535;-12,45575;7,462091;0,027466;-0,027466;53,21845;-3,852081;-0,034332;0;47,02148;-3,076171;-421,7737;-379,66;178,2291;-17,72232;-0,034332;-0,11673;91,59163;-10,12115;211,0198;189,4317
17;272;00:00:00:272;0;0;0;-0,270196;-1,442741;4,832658;2,77019;-4,839405;6,193576;2,304232;-8,262316;4,016696;0,534343;-9,389247;1,703937;-0,251826;-2,004035;3,828202;-0,962094;-8,572669;7,488276;0,140928;-13,34572;8,839355;1,544058;-15,57547;9,454837;3,16173;-16,95392;9,812905;-0,257258;-2,721477;2,539094;-0,985473;-9,637126;5,483737;3,896851;-12,30501;6,365556;6,72654;-13,40048;6,719697;9,158855;-14,00256;6,910572;-0,328731;-3,366809;1,367545;-1,012341;-9,991341;3,325082;0,272692;-14,61482;4,66682;1,890999;-16,79457;5,340837;3,960946;-18,17906;5,857311;-0,364168;-3,996303;0,230932;-0,95384;-9,834198;0,949531;-0,102803;-13,62524;1,750998;1,027071;-15,27186;2,127238;2,894219;-16,57099;2,502622;-2,190098;-60,98266;86,767;67,47182;41,70111;26,4059;135,5663;41,70113;26,40594;176,1372;42,07131;26,73174;176,1372;42,07132;26,73174;-2,570086;-60,98264;86,76698;13,368;-74,14082;89,13539;34,57989;-73,95975;86,53086;54,60406;-73,33199;83,80822;54,14921;-73,52089;84,28278;-3,100904;-67,01406;87,35669;62,94456;-69,86957;86,96597;68,40703;-71,63903;89,42487;74,69993;-73,27072;90,77781;74,88755;-73,06184;90,58179;-4,172421;-73,57523;88,45757;11,68988;-74,0393;93,38762;25,37756;-74,53244;100,3856;31,21708;-76,26359;114,2645;32,15396;-76,12143;113,2998;-9,144526;-82,92745;93,44569;7,943754;-78,23016;94,54025;21,36786;-78,53245;102,6943;22,65837;-79,83719;122,1881;24,10471;-79,72446;120,7185;0;0;0;227,707;89,69626;-72,60103;23,75964;92,58749;46,36269;-162,4713;309,6685;294,9907;-213,4299;479,1846;434,9127;157,6475;120,341;-12,31592;201,0459;517,511;221,4856;69,39545;710,9895;423,4262;-44,74247;748,4332;513,5616;-160,2641;726,8553;566,0168;69,51104;161,2411;65,05412;66,34805;579,207;339,2007;-251,5222;429,4378;426,6464;-430,5648;318,2761;458,6208;-580,3315;204,3732;471,8701;-6,511339;202,015;135,3704;-55,67093;602,4862;424,5887;-194,1003;776,8616;617,7337;-316,2737;798,6356;702,1682;-450,0471;750,2122;747,5658;-82,34394;239,7367;203,5888;-179,2518;592,9791;489,5138;-296,6171;748,4148;658,3639;-390,068;770,8265;726,785;-516,3129;730,8742;773,1088;0;0;0;-17,61675;-7,007718;-3,111362;-78,42645;-61,68544;-5,187392;-94,3458;-53,04337;-12,15362;-79,0615;-21,25168;-16,68262;-19,40059;-5,295753;-4,095733;-67,36135;-7,309913;-17,29202;-91,34959;-18,28193;-27,93217;-102,5999;-28,97071;-31,31961;-109,5879;-40,26603;-32,04059;-21,6701;-2,917528;-5,40626;-70,56927;-3,513336;-19,26756;-131,5169;62,62778;198,2431;-160,7809;79,50639;318,4175;-181,2801;79,11443;417,3231;-23,69012;-0,331879;-6,700516;-69,01216;0,569344;-19,94991;-110,9419;-6,96373;-17,34924;-130,7745;-16,96014;-14,33945;-143,5633;-29,91771;-10,51998;-25,67232;1,95837;-7,905005;-63,84158;4,497528;-19,55223;-86,93647;-2,506256;-25,56324;-112,1535;-47,90783;-42,62924;-133,4238;-138,2503;-88,07086;11,39661;11,08034;10,3079;7,601603;45,06557;-1,332428;68,09437;40,35383;-13,18698;18,22542;18,70613;17,40963;-8,881816;65,591;7,781824;7,583306;-13,2266;20,65133;20,41685;19,24953;-17,41072;18,40626;21,40563;20,41771;6,479187;-4,710645;0;0,000458;1,712837;-0,125771;0,000572;0,000687;-3,48444;-40,26352;1,755724;1,581802;-2,076759;0,208054;-0,000572;-0,001259;0,593605;-0,066261;14,06101;12,63416;15,84778;-12,87457;0;0,027466;31,45866;-2,320862;0,068665;0,041199;-244,5556;-2413,504;105,3434;94,90813;14,31654;-1,359558;-0,034332;-0,034332;15,57998;-1,757813;105,4275;94,83947
18;288;00:00:00:288;0;0;0;-0,248888;-1,433931;4,836424;2,843335;-4,794293;6,170394;2,392998;-8,225593;4,003456;0,643197;-9,429423;1,714281;-0,229331;-1,997282;3,833142;-0,887745;-8,562408;7,509171;0,249733;-13,32302;8,875493;1,668899;-15,54124;9,495855;3,29641;-16,90776;9,855046;-0,233258;-2,717553;2,545607;-0,909118;-9,631362;5,507004;3,92478;-12,37587;6,4199;6,733898;-13,51735;6,792059;9,154484;-14,16021;6,998409;-0,303405;-3,365889;1,375637;-0,938989;-9,990449;3,349193;0,37946;-14,60252;4,697761;2,021702;-16,76444;5,37131;4,111707;-18,12032;5,882877;-0,337535;-3,998077;0,24048;-0,887361;-9,838109;0,97317;-0,009769;-13,62019;1,788227;1,159865;-15,23851;2,165753;3,077941;-16,46344;2,533732;-1,913721;-60,85057;86,89887;67,73152;42,2741;27,22005;135,8259;42,27413;27,22008;175,2615;42,64318;27,55116;175,2615;42,6432;27,55115;-2,293715;-60,85057;86,89887;13,87831;-73,92147;89,01789;35,0484;-73,73431;86,45398;55,01823;-73,10067;83,78483;54,57459;-73,29057;84,24826;-2,754571;-66,88325;87,41142;61,96962;-69,82744;86,96645;67,31993;-71,58224;89,51388;73,48955;-73,20557;90,96893;73,69078;-72,99796;90,75862;-3,686449;-73,44688;88,36498;12,22772;-73,92304;93,24407;26,18603;-74,43506;100,1777;32,38251;-76,22057;113,8829;33,30432;-76,07379;112,9335;-7,953634;-82,81072;92,63744;8,730917;-78,00318;94,14092;23,29411;-78,33043;102,1256;25,96542;-79,77374;121,1082;27,36364;-79,64626;119,6872;0;0;0;227,4066;89,56643;-72,65672;21,71007;90,42562;45,0711;-164,7286;307,7109;293,6352;-216,388;476,1623;436,8188;157,3222;120,2421;-12,38937;199,9382;517,3656;221,1753;68,22557;710,6498;422,9619;-45,94418;747,9138;513,0549;-161,4879;726,15;565,5096;69,15424;161,1848;64,95712;65,19659;579,1292;338,8549;-252,3553;435,622;432,4709;-431,5049;327,3491;468,0837;-581,5642;215,3514;484,5064;-6,896105;202,0041;135,2501;-56,78934;602,4814;424,2306;-195,7322;776,7308;617,4325;-318,0299;797,8879;701,5506;-451,6836;748,7407;746,1605;-82,7562;239,7665;203,4469;-180,2785;593,0457;489,1626;-297,6141;748,369;658,0142;-391,0009;768,7942;725,2677;-516,4615;725,5984;768,1466;0;0;0;-18,0273;-7,789849;-3,342032;-122,9746;-129,7116;-77,49563;-135,4372;-117,4564;-81,33173;-177,4821;-181,3373;114,3637;-19,51504;-5,935907;-4,406869;-66,45655;-8,726119;-18,61667;-70,19305;-20,38193;-27,85492;-72,10242;-31,17084;-30,39837;-73,42672;-42,31453;-30,4327;-21,4076;-3,379583;-5,820393;-69,08691;-4,663467;-20,74528;-49,9835;371,0518;349,4682;-56,40507;544,3782;567,7757;-73,96602;658,6904;758,1796;-23,08595;-0,655174;-7,21836;-67,10493;-0,283241;-21,48914;-97,9135;-7,847785;-18,07308;-105,3715;-44,8637;-37,0531;-98,1903;-88,2883;-84,32006;-24,73497;1,788139;-8,517264;-61,60068;3,996849;-21,06857;-59,81969;-2,752304;-20,97988;-55,97734;-121,9396;-91,03488;-8,920669;-316,5493;-297,7323;11,36825;11,07901;10,24399;7,488452;45,50665;-1,657791;68,09437;39,21243;-13,09458;18,21865;18,70612;17,40961;-8,971217;64,23537;7,752537;7,556917;-13,22645;20,65131;20,62189;19,43378;-17,29658;18,39363;22,3723;21,28626;26,46446;-19,52179;0;-68,48396;5,543861;-0,40638;-0,000572;-0,000687;-5,364074;-81,33773;-1,757212;-1,583347;0,008984;-0,001144;12,30228;11,05522;6,848487;-0,757599;58,00048;52,11307;1199,116;-888,6685;0;-4109,065;229,8614;-16,83655;-0,068665;-0,082397;-112,7781;-2464,453;-210,7761;-189,909;125,1446;-12,55188;738,1713;663,3887;375,2929;-41,48025;2636,368;2368,734
19;304;00:00:00:304;0;0;0;-0,240324;-1,432039;4,837417;2,87972;-4,774416;6,151648;2,435172;-8,208474;3,987889;0,739089;-9,521575;1,718439;-0,220318;-1,995862;3,834409;-0,858063;-8,560744;7,514515;0,293107;-13,31686;8,884982;1,718633;-15,53072;9,506369;3,350036;-16,89263;9,865427;-0,223675;-2,716815;2,547254;-0,878681;-9,630796;5,512928;3,82803;-12,56785;6,489089;6,580935;-13,82661;6,900951;8,967637;-14,57484;7,143651;-0,29332;-3,365942;1,377694;-0,909789;-9,991088;3,355336;0,421882;-14,59811;4,708144;2,130903;-16,71031;5,373299;4,295714;-17,95231;5,862414;-0,326954;-3,998809;0,242901;-0,860941;-9,839859;0,979183;0,026878;-13,61388;1,8201;1,267693;-15,17762;2,200383;3,281418;-16,24332;2,552666;-1,799085;-60,81762;86,9469;67,95645;42,60418;27,70151;136,0508;42,60421;27,70153;173,3468;42,97229;28,03636;173,3468;42,97231;28,03635;-2,179074;-60,81764;86,94691;14,0843;-73,85656;88,96809;35,24158;-73,66689;86,41666;55,19341;-73,03078;83,76535;54,75365;-73,22113;84,22489;-2,611625;-66,85079;87,4281;59,55775;-70,00024;86,94487;64,54898;-71,71622;89,7459;70,34332;-73,31519;91,4828;70,58326;-73,1112;91,2322;-3,487736;-73,41534;88,32265;12,45082;-73,85699;93,17707;27,99733;-74,37694;100,0763;35,82892;-76,27841;113,5363;36,71692;-76,11833;112,6219;-7,484626;-82,78336;92,32027;9,175887;-77,60117;93,84668;26,35863;-77,94504;101,5614;32,09696;-79,60828;119,5864;33,39;-79,4546;118,2715;0;0;0;226,1281;89,03784;-72,88266;16,65736;86,71604;45,35704;-170,6846;304,556;293,3811;-225,5838;473,9414;440,8134;155,9725;119,8369;-12,68573;195,4773;516,75;219,9216;61,86831;709,288;420,8333;-53,18487;745,8605;510,6522;-169,2713;723,381;563,0516;67,71425;160,9494;64,56635;60,61527;578,7834;337,4589;-256,7519;446,9023;442,5167;-436,2079;344,3072;485,0626;-586,8692;236,3182;507,6786;-8,415639;201,9489;134,7645;-61,19049;602,428;422,7839;-201,9458;775,9973;615,6212;-324,6793;792,6912;696,9001;-457,3683;738,137;735,2118;-84,35417;239,8729;202,8739;-184,2672;593,2803;487,7443;-301,7426;748,0909;656,2275;-395,7493;763,0797;720,5035;-520,3754;710,6823;754,9345;0;0;0;-76,70974;-31,71515;-13,55588;-303,1627;-222,5751;17,15666;-357,3589;-189,2967;-15,24496;-551,7468;-133,2521;239,6765;-80,98196;-24,31011;-17,78175;-267,6544;-36,9358;-75,22058;-381,4359;-81,70509;-127,716;-434,4415;-123,1928;-144,1641;-467,0076;-166,1425;-147,4829;-86,39967;-14,12702;-23,44572;-274,8795;-20,751;-83,75787;-263,7977;676,8179;602,7488;-282,1798;1017,49;1018,733;-318,2974;1258,01;1390,334;-91,17204;-3,310204;-29,13236;-264,0685;-3,207207;-86,79771;-372,8206;-44,01111;-108,6788;-398,961;-311,8;-279,0327;-341,0797;-636,2228;-656,9194;-95,87895;6,387234;-34,37662;-239,3231;14,08195;-85,10112;-247,7145;-16,68262;-107,2025;-284,9049;-342,8678;-285,8534;-234,827;-894,968;-792,7264;11,2926;11,07598;10,04487;7,234723;45,807;-1,883759;68,09438;37,06885;-13,06062;18,21617;18,70613;17,4096;-9,176396;61,67679;7,635403;7,451456;-13,18695;20,64735;22,17422;20,82866;-16,91906;18,3524;24,7158;23,39198;18,02101;-13,55813;0,000458;-128,6149;2,037621;-0,148773;0,000572;-0,000687;-12,31075;-153,5145;-7,028074;-6,327695;2,370414;-0,237122;93,13968;83,69292;22,65129;-2,474098;140,6098;126,3432;-506,6069;357,8195;0,027466;-3607,855;-210,3744;15,45639;0,068665;0;-416,8006;-4330,604;-316,2517;-284,6609;141,6859;-14,15863;4850,244;4358,262;948,168;-102,9899;4956,557;4453,809
20;320;00:00:00:320;0;0;0;-0,220279;-1,423716;4,840827;2,943047;-4,735605;6,128504;2,508433;-8,176687;3,973906;0,816928;-9,531208;1,725478;-0,200186;-1,989399;3,83887;-0,795686;-8,550111;7,533461;0,382602;-13,29715;8,912336;1,820691;-15,50244;9,535233;3,45975;-16,85542;9,893178;-0,203444;-2,712883;2,553135;-0,816402;-9,624177;5,534025;3,865456;-12,59608;6,524119;6,604938;-13,88083;6,945161;8,982133;-14,65598;7,196518;-0,273027;-3,364637;1,385033;-0,851524;-9,988848;3,37723;0,52194;-14,57809;4,748568;2,34078;-16,60029;5,402088;4,613892;-17,64851;5,851991;-0,306587;-3,999887;0,25157;-0,809799;-9,84204;1,000664;0,101808;-13,60555;1,862991;1,445974;-15,08304;2,236843;3,57812;-15,90118;2,552257;-1,496359;-60,69761;86,96502;68,22529;43,1438;28,40732;136,3197;43,14383;28,40736;173,1205;43,51074;28,74755;173,1205;43,51076;28,74753;-1,876366;-60,69762;86,96505;14,62761;-73,7142;88,72868;35,75584;-73,51795;86,20563;55,66511;-72,87536;83,59666;55,23476;-73,06678;84,04673;-2,234045;-66,73191;87,36334;59,21821;-69,91336;86,81895;64,07573;-71,62377;89,63899;69,73093;-73,21821;91,41207;69,97657;-73,01502;91,15539;-2,96237;-73,29858;88,10157;13,24794;-73,5762;92,87094;31,34092;-74,1247;99,63;41,95368;-76,23925;112,4593;42,76452;-76,05696;111,6242;-6,239522;-82,67632;91,36743;10,05452;-77,24664;93,31261;30,9047;-77,6189;100,7927;40,80792;-79,5863;117,728;41,95707;-79,39851;116,5593;0;0;0;225,6142;88,92432;-72,94225;13,58715;84,20341;45,00514;-174,0567;302,2763;292,9139;-232,2858;477,828;441,0455;155,4317;119,7517;-12,76179;193,6964;516,6501;219,6009;59,40294;708,9194;420,2957;-55,96868;745,2298;510,0681;-172,2506;722,4737;562,485;67,13924;160,905;64,46751;58,78906;578,7494;337,1035;-251,6778;460,6374;442,2883;-428,2365;366,1235;485,0616;-577,3215;265,0941;507,9987;-9,020781;201,9521;134,6411;-62,94244;602,4663;422,4153;-203,5297;774,8359;614,8735;-328,3478;783,077;691,7208;-461,9002;716,5087;720,3928;-84,98904;239,9169;202,7287;-185,8524;593,3853;487,3835;-302,9456;747,5439;654,5537;-399,0694;753,9615;713,9348;-524,0659;686,3955;735,4815;0;0;0;-30,83038;-6,81138;-3,575205;-184,2121;-150,7577;-21,11435;-202,3308;-136,7769;-28,03087;-402,1225;233,1934;13,93032;-32,44901;-5,111932;-4,563778;-106,8571;-5,993843;-19,24181;-147,922;-22,11857;-32,25803;-167,0283;-37,84561;-35,04467;-178,756;-54,43668;-33,99181;-34,50036;-2,658605;-5,9309;-109,5725;-2,037048;-21,32606;304,4457;824,1033;-13,7043;478,2829;1308,978;-0,062943;572,8625;1726,554;19,20891;-36,30853;0,190258;-7,403611;-105,1176;2,297401;-22,11571;-95,02887;-69,68307;-44,86084;-220,1099;-576,848;-310,7557;-271,9145;-1297,697;-889,1401;-38,09201;2,636432;-8,714675;-95,11256;6,297112;-21,64936;-72,17931;-32,81593;-100,4305;-199,2044;-547,0905;-394,1202;-221,4346;-1457,205;-1167,18;11,2845;11,0845;9,865883;6,991731;46,20573;-2,189274;68,09437;36,56775;-13,03337;18,2142;18,70613;17,40961;-9,209636;60,91044;7,518256;7,346038;-13,00965;20,82028;24,57599;22,98693;-16,66602;18,37359;28,14327;26,47191;23,92364;-18,33086;-0,000458;-30,06614;1,634674;-0,117874;0;0,000687;-1,994362;-45,98121;-7,028818;-6,325035;10,63757;10,37533;144,1064;129,496;15,18207;1,271553;205,6481;184,7959;354,1579;-286,3637;-0,054932;5912,924;-24,17679;1,853942;-0,034332;0,082397;618,9834;6451,995;-0,044632;0,159645;496,0292;636,7469;3058,003;2748,182;-448,1528;224,739;3902,302;3507,158
21;336;00:00:00:336;0;0;0;-0,194661;-1,415685;4,84428;3,044725;-4,678021;6,067758;2,618085;-8,127025;3,924259;0,945411;-9,572109;1,718532;-0,175205;-1,983154;3,843319;-0,72146;-8,539963;7,552423;0,487517;-13,28212;8,92152;1,93978;-15,48029;9,536615;3,587429;-16,82479;9,887006;-0,179292;-2,709087;2,558968;-0,743741;-9,617923;5,5551;3,853768;-12,70516;6,586676;6,546325;-14,0762;7,037231;8,889016;-14,94115;7,317888;-0,249657;-3,363428;1,39236;-0,784858;-9,986877;3,39914;0,694175;-14,53274;4,804745;2,951925;-16,08855;5,358443;5,486238;-16,13568;5,566421;-0,283961;-4,001003;0,260225;-0,752713;-9,844363;1,022164;0,207246;-13,58537;1,928801;1,962508;-14,56679;2,220985;4,20982;-14,05606;2,28131;-1,076259;-60,57813;86,9094;68,97907;44,19794;29,80046;137,0735;44,19795;29,80048;172,468;44,56155;30,1535;172,468;44,56157;30,1535;-1,456276;-60,57813;86,90943;15,38285;-73,77408;88,3135;36,51073;-73,56847;85,7915;56,39926;-72,91611;83,20483;55,9759;-73,10922;83,64749;-1,712066;-66,61366;87,19454;57,9425;-69,81696;86,56598;62,2938;-71,50549;89,48956;67,43192;-73,08179;91,41911;67,70177;-72,88175;91,1369;-2,24109;-73,18264;87,72144;14,99782;-73,01983;92,37411;45,38551;-73,63004;98,85912;69,43962;-76,53503;108,9752;69,82904;-76,28135;108,5745;-4,577603;-82,57059;90,02978;11,56615;-76,5103;92,50677;50,51343;-76,93179;99,53965;81,32707;-80,0069;111,3472;81,56349;-79,72599;111,107;0;0;0;224,4115;88,42491;-73,14686;7,68578;78,83682;42,89431;-180,4467;297,4865;290,4324;-239,4199;473,9968;442,2434;154,2238;119,3639;-13,02941;189,9538;516,0121;218,4642;53,16106;707,7343;418,4513;-63,36594;743,5298;508,0373;-180,3496;720,2379;560,4597;65,92538;160,6691;64,11467;55,05229;578,3522;335,8377;-255,5029;467,9265;449,5989;-432,3979;377,8362;498,4508;-582,0957;280,3362;527,481;-10,23835;201,8738;134,2008;-66,43838;602,3318;421,1017;-206,8274;769,2304;611,3223;-329,2224;748,5743;660,6086;-452,0999;659,4771;632,2083;-86,21107;239,9815;202,2085;-188,9209;593,5162;486,0946;-304,8123;745,6052;652,2527;-396,2876;724,9054;682,6594;-502,4608;641,6133;630,0349;0;0;0;-72,16215;-29,96456;-12,27665;-354,0825;-321,9952;-126,6498;-383,3978;-287,3897;-148,8933;-428,0477;-229,8717;71,87175;-72,47471;-23,26584;-16,05704;-224,5553;-38,27762;-68,20392;-374,5129;-71,10786;-110,6672;-443,8358;-101,9955;-121,8481;-485,939;-134,1534;-121,5219;-72,83163;-14,15563;-21,17014;-224,2066;-23,82946;-75,94871;-229,5084;437,3474;438,6377;-249,6843;702,7602;803,3552;-286,4542;914,5273;1168,934;-73,05407;-4,696369;-26,42155;-209,7559;-8,065223;-78,81831;-197,864;-336,3275;-213,0747;-52,47831;-2070,165;-1866,731;588,0174;-3421,901;-5291,07;-73,32157;3,879547;-31,20803;-184,1125;7,853507;-77,33058;-111,999;-116,3235;-138,0558;166,9078;-1743,37;-1876,528;1296,309;-2686,929;-6326,8;11,23858;11,10316;8,860354;5,574844;47,13896;-2,930014;68,09437;35,14797;-13,20665;18,22686;18,70613;17,40963;-9,233525;59,04749;7,108236;6,976989;-12,55168;21,70266;36,58605;33,78161;-16,02642;18,69225;45,78073;42,32769;55,99411;-44,44439;0;-85,18684;-10,39644;0,75943;0;0,000687;-1,433372;-111,7767;-24,60116;-22,14297;27,47841;52,94288;720,6038;647,681;38,37616;19,11941;1058,248;951,3469;1924,228;-1566,812;0,027466;-3307,241;-721,8669;52,63824;0;0;33,65936;-3947,73;-1054,341;-949,0761;1010,45;2554,053;34589,84;31091,1;1391,645;1070,872;51155,96;45993,06
22;352;00:00:00:352;0;0;0;-0,179807;-1,413339;4,845538;3,084725;-4,656861;6,052086;2,665627;-8,109047;3,912224;1,027242;-9,616778;1,722754;-0,160323;-1,981362;3,844893;-0,6755;-8,537767;7,559154;0,542079;-13,27739;8,929394;1,998301;-15,47314;9,54379;3,648334;-16,8151;9,892704;-0,164384;-2,70811;2,561002;-0,697924;-9,617054;5,562546;3,849593;-12,77095;6,6139;6,515341;-14,18877;7,078848;8,838395;-15,10057;7,37403;-0,234742;-3,363432;1,394944;-0,742054;-9,987505;3,406903;0,833449;-14,49545;4,829697;3,421088;-15,47772;5,234449;5,752808;-14,46587;5,14811;-0,269031;-4,001836;0,263276;-0,71521;-9,846366;1,029779;0,28047;-13,57809;1,936139;2,249333;-14,0475;2,117097;3,953319;-12,5041;1,946163;-0,845638;-60,53625;86,91478;69,17699;44,48519;30,26233;137,2714;44,48521;30,26236;171,4726;44,84793;30,61892;171,4725;44,84793;30,6189;-1,225647;-60,53625;86,9148;15,66135;-73,73763;88,12726;36,77992;-73,5286;85,61448;56,65204;-72,87283;83,04436;56,23262;-73,06652;83,48301;-1,426257;-66,5723;87,13847;57,18025;-69,85783;86,45198;61,28357;-71,53275;89,45138;66,17017;-73,09798;91,47859;66,45454;-72,89976;91,18121;-1,847916;-73,14219;87,55134;16,37288;-72,68582;92,15867;59,68114;-73,34329;98,47311;98,58009;-76,84731;105,1003;98,4108;-76,5797;105,2742;-3,688447;-82,53426;89,35435;12,37236;-76,47344;92,22534;66,83203;-76,9182;99,21799;116,9476;-80,58345;105,5342;116,192;-80,32939;106,3005;0;0;0;222,8745;87,94304;-73,35401;1,141515;74,75627;45,80028;-187,4467;293,9132;292,7101;-248,4989;473,6247;445,0684;152,7249;118,9892;-13,2964;185,5002;515,4032;217,3265;46,80234;707,4924;418,1018;-70,6323;743,1583;508,3676;-188,1899;719,5307;561,4733;64,47626;160,4414;63,76468;50,69268;577,9771;334,5731;-255,9559;477,9045;451,2499;-430,7687;394,7098;501,9696;-579,0903;303,7622;532,7708;-11,64056;201,8013;133,7612;-70,43835;602,2137;419,7872;-215,1983;762,0018;606,5272;-354,356;696,3372;626,8737;-477,4026;563,6606;550,5016;-87,56863;240,0485;201,6892;-192,346;593,6556;484,8046;-310,9862;743,1923;647,9365;-417,5547;682,2559;652,9308;-513,1329;555,8489;557,5416;0;0;0;-92,22364;-28,91206;-12,42936;-392,6559;-244,8331;174,3582;-420,0025;-214,4008;136,6639;-544,7358;-22,32742;169,5013;-89,93196;-22,4812;-16,01949;-267,2138;-36,53526;-68,264;-381,5228;-14,51111;-20,96557;-435,9816;-22,29595;19,81544;-470,4186;-42,42611;60,81676;-86,9472;-13,66282;-20,99955;-261,5761;-22,51339;-75,87289;-27,17829;598,6804;99,06005;97,7497;1012,417;211,1263;180,3217;1405,556;317,3875;-84,13262;-4,353046;-26,3772;-239,9987;-7,089615;-78,87267;-502,2568;-433,7196;-287,7016;-1508,018;-3134,23;-2024,093;-1518,165;-5748,982;-4902,4;-81,45403;4,019737;-31,15797;-205,5051;8,36563;-77,40211;-370,4352;-144,7735;-258,9769;-1276,029;-2558,967;-1783,71;-640,3255;-5145,867;-4349,593;11,19973;11,09158;7,587999;4,116848;47,33398;-3,089493;68,09438;33,9509;-13,2094;18,09397;18,70613;17,40961;-9,316944;57,95787;6,932539;6,818803;-12,24893;22,62258;49,33118;45,2426;-16,02062;19,00519;61,25371;56,2493;11,70113;-9,568748;0,000458;-71,82404;-0,165024;-7,973327;0;-0,000687;-5,00513;-65,37735;-10,54181;-9,491157;18,16515;55,19542;764,7079;687,6594;0,348244;18,77621;928,3788;835,2964;-2657,579;2092,538;0,027466;801,768;613,885;-523,9654;0;-0,082397;-214,3055;2783,962;843,5611;759,1088;-558,7954;135,1524;2646,247;2398,707;-2281,675;-20,5925;-7792,126;-6963,024
23;368;00:00:00:368;0;0;0;-0,144566;-1,411412;4,847279;3,218871;-4,586564;5,960411;2,813613;-8,045582;3,828933;1,261165;-9,725193;1,702871;-0,125439;-1,979947;3,846918;-0,56954;-8,537732;7,567912;0,678576;-13,26572;8,950807;2,148842;-15,45148;9,567389;3,807331;-16,78344;9,914513;-0,129972;-2,707586;2,563534;-0,593107;-9,618533;5,572142;3,862425;-12,88686;6,666941;6,480229;-14,38251;7,159626;8,768374;-15,37068;7,48055;-0,200795;-3,364252;1,39826;-0,644868;-9,990808;3,416981;1,193114;-14,38651;4,875663;3,941174;-13,86654;4,827148;4,273237;-11,4137;4,242725;-0,235517;-4,003688;0,267189;-0,630866;-9,851089;1,039663;0,453465;-13,53716;2,027459;2,416529;-13,016;1,962026;2,167671;-10,76426;1,534695;-0,277269;-60,4828;86,88107;70,39009;45,80051;32,32119;138,4845;45,80051;32,32121;169,3926;46,15773;32,69717;169,3925;46,15776;32,69715;-0,657239;-60,4828;86,88103;16,46757;-73,51468;87,65489;37,54129;-73,29597;85,18597;57,34965;-72,63086;82,6793;56,94417;-72,82608;83,10392;-0,722915;-66,51958;86,95425;55,88912;-69,72292;86,1683;59,67139;-71,37428;89,26225;64,22525;-72,9209;91,41925;64,52805;-72,72576;91,10232;-0,883146;-73,09083;87,08916;20,07432;-71,83952;91,65473;93,32883;-72,62154;97,5373;168,2104;-76,42346;94,40883;167,1182;-76,36569;95,53261;-1,530589;-82,48872;87,6759;14,53294;-75,09476;91,37582;97,44423;-75,60991;97,65497;-175,9981;-79,29143;92,23403;-177,4989;-79,30754;93,76138;0;0;0;221,9832;87,80231;-73,42951;-4,081495;69,6293;42,03745;-192,978;289,1743;288,9695;-257,7564;467,022;449,8891;151,832;118,8817;-13,39082;182,7426;515,2715;216,9227;44,34215;708,0656;418,0969;-72,99073;743,9718;508,7756;-190,5168;720,4172;562,3297;63,58179;160,3828;63,6426;47,94362;577,9249;334,1263;-257,0511;488,6363;459,8;-431,2089;411,5775;516,2231;-579,3237;325,7123;552,3378;-12,53542;201,8015;133,6061;-73,00659;602,2513;419,3214;-218,1684;746,9717;600,4175;-356,1917;643,144;538,9946;-453,6738;571,253;398,0207;-88,46441;240,0985;201,5062;-194,5963;593,7758;484,3477;-309,8206;739,627;647,8847;-412,8282;652,0528;601,785;-471,3142;582,3342;482,8298;0;0;0;-53,47538;-8,443593;-4,530072;-313,3806;-307,6186;-225,7696;-331,8772;-284,3313;-224,4387;-555,4518;-396,1601;289,2437;-53,57194;-6,450176;-5,664825;-165,4551;-7,899283;-24,22857;-147,6116;34,39235;-0,297546;-141,5055;48,81191;24,48177;-139,6143;53,18928;51,38111;-53,66814;-3,516197;-7,324575;-164,9437;-3,129959;-26,80635;-65,71197;643,9047;513,0071;-26,40724;1012,061;855,2141;-14,00185;1317,007;1174,021;-53,69139;0,012875;-9,3019;-154,0943;2,257347;-27,94933;-178,2017;-901,8059;-366,5829;-110,1365;-3191,588;-5272,75;1423,728;455,5406;-9148,857;-53,74646;2,996921;-10,9849;-135,0145;7,209777;-27,41146;69,93341;-213,9215;-3,107071;283,596;-1812,189;-3068,75;2509,117;1589,118;-4482,71;11,12353;11,02775;4,286549;1,389132;48,55983;-4,130476;68,09438;30,63807;-13,03531;17,90936;18,70612;17,40963;-9,238334;55,87445;6,698229;6,607853;-11,43203;25,26475;78,8475;71,81313;-14,6716;19,70609;88,98363;81,22804;73,55071;-62,45899;0;-198,7698;10,44519;-11,07651;-0,000572;0,000687;4,716625;-125,0054;-14,05861;-12,65696;49,01395;158,5303;1770,979;1594,231;80,9408;42,05394;1663,795;1498,724;3710,975;-3173,414;-0,027466;-7616,745;636,613;-186,1908;-0,034332;0,082397;583,3053;-3577,683;-211,0079;-189,9485;1850,928;6200,092;60376,24;54394,3;4835,553;1396,664;44124,99;39805,67
24;384;00:00:00:384;0;0;0;-0,101635;-1,443224;4,838995;3,46982;-4,469095;5,688804;3,0802;-7,924936;3,549274;1,62412;-9,814736;1,534374;-0,082287;-2,005242;3,834962;-0,435594;-8,590563;7,516852;0,664432;-13,34068;8,948761;2,065975;-15,56305;9,59384;3,682422;-16,93993;9,963309;-0,086553;-2,724828;2,547045;-0,45928;-9,65902;5,514446;3,910377;-13,03701;6,622393;6,495448;-14,58647;7,121614;8,765856;-15,61318;7,447489;-0,15717;-3,37489;1,378062;-0,519562;-10,0183;3,357303;1,664717;-14,25989;4,794671;3,931077;-12,67349;4,380522;2,415168;-10,69372;3,879765;-0,191673;-4,007555;0,243183;-0,520776;-9,863546;0,980876;0,660779;-13,51846;1,972923;2,408256;-12,50223;1,765304;1,091658;-10,64423;1,405679;0,433693;-60,82524;86,86748;74,32591;48,61019;37,83952;142,4203;48,61023;37,83958;169,2636;48,94852;38,27259;169,2636;48,94854;38,27257;0,053696;-60,82525;86,86748;15,11707;-73,02969;87,2669;36,13728;-72,82806;84,84774;55,93019;-72,18123;82,35103;55,5206;-72,37328;82,78101;0,157993;-66,8619;86,75137;54,82581;-70,03616;85,81438;58,69902;-71,66683;89,0545;63,34029;-73,20128;91,33768;63,65824;-73,00759;91,00539;0,327991;-73,43288;86,53547;24,79709;-71,47218;91,26899;119,325;-72,40418;96,82362;-141,0559;-75,3356;87,56644;-141,8695;-75,50423;88,40719;1,208474;-82,82972;85,56541;16,60136;-74,87416;90,7522;113,9939;-75,44845;96,87241;-141,8468;-78,55824;86,60863;-142,9675;-78,73152;87,75175;0;0;0;219,8688;87,68668;-73,53397;-20,07918;55,62289;34,28227;-209,3997;276,0782;281,3888;-279,3283;458,2243;452,4288;149,739;118,7968;-13,5123;176,385;515,2694;216,3971;39,54513;719,6476;421,2426;-77,54013;760,5346;516,0419;-195,3214;739,6906;574,1828;61,5171;160,3513;63,49074;41,65463;578,0137;333,5507;-259,3034;502,7458;466,5215;-431,3381;433,2047;526,4213;-577,9111;353,5413;564,9583;-14,57225;201,8506;133,4071;-78,83773;602,4496;418,7166;-234,1989;723,3781;589,9487;-370,8262;560,8376;492,2652;-361,5879;510,1124;412,7289;-90,47527;240,2096;201,2714;-199,6569;594,0592;483,7547;-317,5977;734,0961;641,9291;-413,7864;600,9832;582,3896;-365,537;550,0591;503,4484;0;0;0;-126,8678;-6,938338;-6,267071;-959,8613;-840,3843;-465,3109;-985,3004;-785,7656;-454,8383;-1294,314;-527,8587;152,3809;-125,5846;-5,095481;-7,288902;-381,458;-0,128746;-31,53276;-287,821;694,9224;188,7417;-272,9641;993,7705;435,977;-288,2781;1156,405;711,1902;-123,8819;-1,889705;-9,112;-377,3392;5,327224;-34,54256;-135,1404;846,571;403,2869;-7,753371;1297,634;611,8869;84,76066;1669,742;757,2297;-122,2099;2,951145;-11,93905;-349,868;11,89327;-36,28349;-961,8286;-1415,617;-628,129;-878,0751;-4938,38;-2803,759;5525,156;-3668,435;882,4954;-120,6518;6,667614;-14,08339;-303,6368;17,00306;-35,58254;-466,6228;-331,85;-357,3389;-57,49225;-3064,173;-1163,724;6346,637;-1936,506;1237,118;11,22729;10,93578;2,626638;0,994053;51,8865;-7,322482;68,09437;26,51794;-12,20482;15,40415;18,70613;17,40961;-9,214478;53,79341;6,932511;6,818774;-10,69618;28,89561;99,81148;90,70634;-14,08458;20,46046;103,312;94,14548;199,6005;-191,5204;-0,000458;-247,2081;49,82917;-150,3127;0,000572;-0,000687;1,431312;-124,8621;14,05689;12,65525;44,15107;217,8512;1257,839;1133,593;35,22165;45,26275;859,7007;775,046;7562,987;-7743,682;-0,027466;-2906,296;2363,039;-8354,171;0,068665;-0,082397;-197,1187;8,596802;1686,93;1518,733;-291,7728;3559,254;-30788,38;-27638,31;-2743,148;192,5285;-48245,67;-43420,7
25;400;00:00:00:400;0;0;0;-0,076817;-1,456004;4,835624;3,526913;-4,454452;5,645442;3,147181;-7,90741;3,49949;1,764823;-9,872572;1,504857;-0,058086;-2,015365;3,830096;-0,363636;-8,61177;7,496384;0,743426;-13,36649;8,907456;2,148203;-15,59019;9,540806;3,766584;-16,96716;9,90134;-0,06315;-2,731696;2,540368;-0,388828;-9,675259;5,491351;3,916072;-13,13117;6,612404;6,514181;-14,66271;7,099066;8,817419;-15,62189;7,399348;-0,134507;-3,379155;1,369987;-0,454896;-10,02938;3,333525;1,908777;-14,18136;4,748538;4,00102;-12,39114;4,256411;2,191976;-10,65634;3,825078;-0,16972;-4,009114;0,233624;-0,465383;-9,86861;0,95752;0,757459;-13,51528;1,929681;2,49366;-12,48081;1,717573;1,156821;-10,63473;1,37151;0,868063;-60,95958;86,78967;74,99172;48,90343;38,8157;143,0861;48,90345;38,81573;168,0443;49,23841;39,25727;168,0442;49,23842;39,25726;0,488074;-60,95959;86,78967;15,59672;-73,24437;86,85445;36,64198;-73,03659;84,41182;56,44637;-72,38312;81,90589;56,03721;-72,57634;82,33495;0,698241;-66,99559;86,55603;54,07329;-70,17341;85,52284;59,35298;-71,78916;88,85352;65,38017;-73,33163;91,09227;65,67775;-73,13464;90,78148;1,076023;-73,56538;86,11996;27,39323;-71,34647;90,97674;125,4859;-72,35791;96,36;-130,8534;-74,97301;86,0699;-131,5219;-75,1766;86,76174;2,95276;-82,95678;84,13623;17,66488;-75,09742;90,29826;114,9975;-75,69994;96,47376;-140,3635;-78,75989;85,72758;-141,4824;-78,93897;86,868;0;0;0;217,2929;89,5954;-73,03695;-35,83051;47,79019;49,41992;-226,0538;268,095;297,0688;-302,7221;458,4231;465,6927;147,1498;120,3145;-12,79496;168,3483;518,4393;219,4608;39,90585;725,506;421,6314;-73,33699;769,2142;515,0847;-188,8139;751,4409;572,3111;58,91191;161,3858;64,48008;33,62501;580,4429;337,0124;-263,2236;516,6978;475,6017;-433,0985;450,2097;534,8297;-577,7072;371,4195;569,6264;-17,18976;202,489;134,619;-86,35612;604,0992;422,2973;-260,0696;706,8768;590,1093;-366,3944;490,6537;502,5376;-250,5692;484,5695;432,7568;-93,10587;240,4417;202,7118;-206,2623;594,8066;487,282;-330,2094;731,8709;644,7441;-413,2702;569,384;593,2739;-300,9244;542,6238;510,7167;0;0;0;-154,551;114,5232;29,8208;-945,0795;-469,9618;908,2589;-999,2451;-478,9953;940,8015;-1403,631;11,92474;795,8336;-155,3478;91,06063;43,04007;-482,2046;190,1893;183,8179;21,64346;351,5052;23,33164;252,1884;520,7719;-57,42931;390,4545;705,0132;-112,3037;-156,3113;62,07275;59,3605;-481,7773;145,7519;207,7045;-235,2104;837,121;544,8131;-105,6261;1020,298;504,5042;12,23373;1072,69;280,0884;-157,0506;38,29908;72,71217;-451,1035;98,9828;214,8428;-1552,244;-990,0712;9,635924;265,9092;-4211,036;616,3444;6661,124;-1532,578;1201,672;-157,8362;13,92317;86,42149;-396,3239;44,84367;211,6356;-756,7033;-133,5154;168,9005;30,96771;-1895,957;653,0571;3876,752;-446,1193;436,0971;11,17324;10,84153;2,485996;0,984037;52,16934;-7,620856;68,09437;24,6249;-12,28429;15,13874;18,70612;17,4096;-9,221684;52,41465;8,426204;8,163275;-10,42092;30,84504;103,2127;93,7726;-14,16023;20,75518;103,312;94,14548;16,97044;-17,90245;0;-113,5821;-4,767951;-15,92462;-0,000572;-0,000687;-0,432358;-82,7259;89,62157;80,67003;16,51525;116,9657;204,0738;183,9757;-4,53907;17,68295;-0,000458;0,000458;-10957,8;10417,07;0,027466;8017,554;-3275,827;8063,284;-0,068665;0;-111,8202;2528,174;4533,88;4080,887;-1658,149;-6053,13;-63225,9;-56977,02;-2385,643;-1654,788;-51582,07;-46502,73
26;416;00:00:00:416;0;0;0;0,020031;-1,428599;4,844357;3,833597;-4,224191;5,36852;3,473749;-7,702663;3,260681;2,215503;-9,874249;1,402628;0,033406;-1,993471;3,84183;-0,104473;-8,572423;7,549384;0,919966;-13,31683;9,054454;2,285851;-15,55262;9,728967;3,879907;-16,95154;10,11263;0,021459;-2,717367;2,556379;-0,14122;-9,647976;5,550978;3,837382;-13,44401;6,772905;6,891526;-13,51119;6,75529;8,843147;-12,00422;6,270195;-0,056171;-3,372831;1,390862;-0,233266;-10,01588;3,396412;2,668607;-13,84033;4,730877;4,505144;-11,82176;4,116847;2,480055;-10,32462;3,762143;-0,097461;-4,009981;0,258721;-0,281817;-9,869303;1,019961;1,039214;-13,47917;2,00095;2,747782;-12,40755;1,752093;1,363891;-10,59509;1,413332;2,573621;-60,57836;86,28136;79,60665;52,35822;45,49257;147,7011;52,35824;45,49261;168,8674;52,66863;46,01102;168,8674;52,66865;46,01102;2,193625;-60,57838;86,28136;15,97373;-72,05725;85,43896;36,8521;-71,84586;83,15587;56,48775;-71,19074;80,81095;56,10706;-71,38412;81,21289;2,804825;-66,6077;85,59982;50,49062;-70,0649;84,12802;91,04695;-71,60701;87,74654;132,0965;-73,26482;86,80782;131,6187;-73,10363;87,30699;3,954586;-73,16518;84,34187;36,08306;-70,64699;89,5074;134,984;-71,90921;94,17126;-120,367;-73,98548;82,91216;-120,8506;-74,21838;83,41508;9,247851;-82,50328;78,87168;21,22585;-74,61695;88,15926;118,8957;-75,31947;93,99784;-135,9339;-78,19965;82,68545;-136,9275;-78,39548;83,7002;0;0;0;215,8038;90,36218;-72,83465;-47,96001;37,95922;37,48557;-238,3317;258,5487;286,263;-318,7711;446,094;465,6267;145,6978;120,9219;-12,50301;164,0308;519,7116;220,6888;38,68085;738,2222;427,6335;-73,50253;787,1751;525,4136;-188,6523;772,5505;587,0931;57,50777;161,7979;64,88068;29,39789;581,4171;338,3981;-269,0794;545,9429;502,7714;-422,0239;454,5648;474,4339;-537,5167;396,7728;361,9974;-18,54954;202,7449;135,1036;-90,23607;604,7641;423,724;-269,2523;675,725;576,0099;-363,9962;460,4904;480,6579;-233,8284;479,6826;419,2457;-94,42307;240,5352;203,2853;-209,5859;595,1104;488,6833;-335,3362;730,4127;647,0181;-417,7293;567,2163;595,2075;-304,5609;541,7905;512,2182;0;0;0;-89,34545;46,00703;12,13825;-727,7698;-589,858;-716,0613;-736,6761;-572,7767;-648,3521;-962,9344;-739,746;-3,959655;-87,12244;36,44228;17,51751;-259,047;76,34353;73,68564;-73,50056;762,9661;360,1227;-9,93204;1077,659;619,729;9,696006;1266,58;886,92;-84,24854;24,72353;24,03581;-253,6272;58,45641;83,14275;-351,3479;1754,705;1630,182;664,4783;261,3087;-3623,746;2411,43;1521,196;-12457,74;-81,58707;15,35368;29,073;-232,7968;39,89124;85,6018;-550,9614;-1869,109;-845,9644;143,8966;-1809,8;-1312,783;1004,444;-293,209;-810,668;-79,03111;5,610466;34,41238;-199,4162;18,23044;84,07973;-307,6071;-87,49294;136,445;-267,5457;-130,0592;116,0145;-218,1873;-49,99351;90,09074;11,34559;8,49445;2,416637;1,115786;55,62629;-11,65528;68,09436;20,75529;-11,48189;12,89726;18,70612;17,40963;-9,520289;46,35138;43,95844;40,14339;-10,04823;36,91125;103,3226;93,87174;-14,02164;21,07559;103,312;94,14547;207,4166;-242,0654;-0,000458;-232,1769;48,1442;-134,4886;0;0,001373;-17,9163;-363,7962;2131,934;1918,807;22,3613;363,9729;6,596374;5,948638;8,315334;19,22436;0,000458;-0,000916;11426,77;-13449,77;-0,027466;-7115,687;3174,729;-7113,839;0,034332;0,123596;-1049,036;-16864,22;122538,7;110288,2;350,7624;14820,43;-11848,64;-10681,62;771,2642;92,48416;0,054932;-0,082397
27;432;00:00:00:432;0;0;0;0,055685;-1,397837;4,853045;3,918653;-4,136186;5,313789;3,565162;-7,631531;3,232964;2,331374;-9,852427;1,417276;0,066596;-1,968944;3,854027;-0,012654;-8,525023;7,603575;0,998501;-13,25633;9,158048;2,358033;-15,48951;9,853724;3,948014;-16,88988;10,24886;0,05149;-2,701001;2,573239;-0,054596;-9,613368;5,612209;3,759846;-13,55591;6,892326;6,700427;-12,78637;6,586704;7,434002;-10,49463;5,862205;-0,029007;-3,364243;1,412327;-0,156765;-9,99539;3,460558;2,901449;-13,70849;4,759929;4,654342;-11,6281;4,108837;2,571482;-10,20562;3,782517;-0,073081;-4,008755;0,284466;-0,219638;-9,864102;1,083549;1,12123;-13,46657;2,064847;2,82409;-12,38861;1,804513;1,431088;-10,58245;1,469501;3,183625;-60,19646;86,07731;80,65035;53,40674;47,13786;148,7448;53,40676;47,13791;169,2387;53,71126;47,67855;169,2387;53,7113;47,67855;2,803626;-60,19647;86,07732;16,24787;-71,42056;84,97312;37,04422;-71,20631;82,76817;56,59492;-70,54927;80,50424;56,22884;-70,74287;80,89225;3,545513;-66,22186;85,24729;48,68513;-69,86631;83,5857;108,2491;-71,36924;87,31351;168,019;-72,85916;84,7711;167,3344;-72,81294;85,48763;4,934253;-72,77229;83,73145;38,90028;-70,42264;88,8986;138,0428;-71,75986;93,31231;-117,1177;-73,65105;81,83904;-117,5445;-73,89144;82,28352;11,07466;-82,08292;77,38765;22,37189;-74,4853;87,28539;120,1424;-75,21924;93,02287;-134,5206;-78,03882;81,53322;-135,477;-78,23969;82,51049;0;0;0;209,993;88,7179;-73,35866;-68,42274;22,25078;50,6551;-259,8821;244,4678;297,3217;-347,5121;443,0445;470,7141;140,2083;119,6082;-13,20704;148,481;517,3508;217,5088;29,24498;738,2139;419,7088;-80,15596;789,2793;515,9632;-193,6469;776,8265;577,2851;52,43123;160,9382;63,92003;14,54141;579,7802;334,8205;-267,0424;576,1454;504,1032;-437,3087;404,2721;455,2931;-522,4464;271,4467;343,28;-23,24971;202,3654;133,851;-103,5338;603,9538;419,9508;-314,2278;647,6813;571,2781;-392,8472;422,9012;479,9597;-250,2595;459,1573;417,912;-98,75863;240,5872;201,7795;-220,5998;595,152;484,9368;-353,2156;728,5925;642,6375;-433,7384;563,0602;593,2714;-317,2524;539,4814;509,8621;0;0;0;-348,6514;-98,65701;-31,44085;-1227,764;-942,5067;790,1721;-1293,021;-844,85;663,527;-1724,463;-182,9681;305,2397;-329,3695;-78,81689;-42,24211;-932,986;-141,6492;-190,8016;-566,1517;-0,497818;-475,4791;-399,206;126,2512;-567,0204;-299,6778;256,5594;-588,478;-304,592;-51,5821;-57,63852;-891,3887;-98,21605;-214,6583;122,2229;1812,149;79,90836;-917,0894;-3017,564;-1148,446;904,212;-7519,562;-1123,046;-282,0099;-22,76516;-75,15263;-797,8663;-48,62022;-226,3956;-2698,534;-1682,625;-283,905;-1731,062;-2255,35;-41,89109;-985,8612;-1231,521;-80,0228;-260,1342;3,119945;-90,3511;-660,8376;2,494812;-224,7877;-1072,763;-109,2138;-262,8422;-960,5426;-249,3639;-116,1661;-761,4898;-138,5479;-141,3631;11,40772;6,797547;2,40349;1,160246;56,42381;-12,6956;68,09437;20,05933;-11,23061;12,30469;18,70613;17,40963;-9,717154;43,64627;63,06651;57,33785;-10,18961;38,75382;103,3226;93,87174;-14,26426;21,00511;103,312;94,14545;47,85163;-62,41928;0,000458;-41,75743;15,07639;-35,55433;0,000572;0;-11,81185;-162,3063;1146,484;1031,668;-8,482304;110,554;0;0;-14,55734;-4,228477;0,000458;-0,001373;-9573,897;10778,76;0,054932;11425,17;-1984,069;5936,057;0,034332;-0,082397;366,2671;12089,4;-59126,98;-53228,36;-1850,616;-15205,13;-395,7824;-356,9183;-1372,36;-1407,17;0;-0,027466
28;448;00:00:00:448;0;0;0;0,099575;-1,361812;4,862576;4,02162;-4,028489;5,236429;3,674833;-7,543444;3,187756;2,472264;-9,822801;1,424322;0,107204;-1,940145;3,867693;0,098555;-8,468936;7,665375;1,011483;-13,19129;9,305482;2,270464;-15,46526;10,05612;3,765748;-16,95089;10,50582;0,08789;-2,681658;2,592413;0,049737;-9,572108;5,682342;3,464388;-13,82828;7,08144;5,667789;-11,83809;6,362562;4,012423;-10,01818;5,849928;0,00358;-3,353915;1,43697;-0,065177;-9,970568;3,534317;3,334368;-13,41103;4,731993;4,884588;-11,1951;4,017136;2,680598;-9,952016;3,761402;-0,044199;-4,006959;0,314179;-0,145839;-9,857137;1,156927;1,216303;-13,45232;2,135619;2,912956;-12,36789;1,861951;1,510361;-10,56804;1,533075;3,939818;-59,74979;85,80494;82,18266;54,70761;49,3936;150,2771;54,70763;49,39365;169,9408;55,00334;49,96563;169,9408;55,00337;49,96564;3,559814;-59,74977;85,80497;15,517;-70,43025;84,52305;34,90474;-70,2257;82,4159;53,23696;-69,59711;80,1861;52,85946;-69,78284;80,58861;4,457937;-65,76915;84,79612;44,09567;-69,7674;82,81956;136,7869;-71,16296;86,87837;-131,5189;-72,07673;82,39839;-131,9666;-72,23822;82,86863;6,126976;-72,30896;82,97601;44,79465;-70,20152;88,11787;144,4094;-71,68368;92,03597;-110,3231;-73,17079;80,09622;-110,6387;-73,42428;80,42567;13,18827;-81,58028;75,67781;23,77798;-74,36076;86,16503;121,6591;-75,13274;91,79073;-132,7822;-77,87595;80,0672;-133,6962;-78,08286;81,00167;0;0;0;207,8537;86,87216;-73,87994;-76,26414;14,58453;49,36121;-267,9649;237,936;294,6411;-356,7081;437,746;468,2415;138,2169;118,1366;-13,93884;142,9718;514,5069;214,2574;26,96925;743,1477;415,6985;-81,46355;801,3303;514,9592;-195,0334;795,4028;582,3644;50,62938;159,9562;62,90841;9,343961;577,7037;331,1466;-267,7619;608,9046;518,4227;-416,5887;430,7733;412,5748;-435,9709;392,9627;345,6419;-24,87951;201,8502;132,5632;-108,1239;602,7244;416,1021;-325,7393;621,3207;553,8329;-397,7353;403,8972;456,91;-253,4184;451,1933;403,5732;-100,2214;240,5136;200,2348;-224,3306;594,84;481,1215;-359,4244;728,3751;638,6887;-439,3378;562,2974;590,3644;-321,6468;538,8307;506,727;0;0;0;-128,3541;-110,7441;-31,27706;-470,4834;-459,9747;-77,63385;-484,9677;-391,9115;-160,841;-551,7611;-317,9083;-148,3526;-119,4849;-88,29688;-43,90776;-330,5518;-170,6343;-195,0874;-136,5441;296,03;-240,6206;-78,45604;723,0577;-60,24169;-83,19139;1114,58;304,7619;-108,1113;-58,91919;-60,69767;-311,8472;-124,589;-220,4318;-43,17283;1965,554;859,1709;1243,197;1590,073;-2563,102;5188,533;7290,961;141,7193;-97,78841;-30,91621;-77,27193;-275,4056;-73,76289;-230,9217;-690,6895;-1581,633;-1046,711;-293,2892;-1140,243;-1382,981;-189,5327;-477,8365;-860,3268;-87,76581;-4,413127;-92,6814;-223,8436;-18,72253;-228,919;-372,528;-13,04054;-236,9241;-335,9642;-45,7735;-174,4194;-263,6676;-39,04152;-188,1065;11,61707;4,690017;2,349903;1,221665;57,47207;-14,13076;68,09438;19,19632;-10,69025;10,61578;17,40216;16,23614;-10,0867;37,8687;96,51856;87,43786;-10,39826;43,43063;103,3227;93,87175;-14,58277;20,89089;103,312;94,14546;62,89535;-86,1098;0,000458;-51,78062;32,42186;-101,3346;-78,2381;-70,4092;-22,17281;-346,6541;2007,123;1806;-12,51921;280,6087;0,000458;0,000458;-19,11049;-6,853523;0;0,000916;902,6229;-1421,431;0;-601,3915;1040,728;-3946,814;-4694,32;-4224,552;-621,6578;-11060,87;51638,3;46459,96;-242,2141;10203,28;0,027466;0,027466;-273,1887;-157,5027;-0,027466;0,137329
29;464;00:00:00:464;0;0;0;0,216786;-1,284035;4,879893;4,235357;-3,819436;5,116937;3,912935;-7,374263;3,134141;2,723082;-9,725206;1,458238;0,216302;-1,877524;3,893947;0,400489;-8,345578;7,789832;1,350037;-13,03718;9,496091;2,557965;-15,32632;10,28358;3,978797;-16,8719;10,77103;0,186602;-2,638996;2,630684;0,334604;-9,480143;5,82509;3,689925;-13,77387;7,252695;5,646975;-11,58202;6,417011;3,619565;-10,14353;6,048958;0,092914;-3,330555;1,487419;0,186468;-9,913966;3,68597;3,942606;-13,00471;4,766182;5,24558;-10,66763;3,950768;2,926098;-9,637998;3,783217;0,036006;-4,001731;0,375802;0,058746;-9,838984;1,309118;1,534963;-13,36368;2,374917;3,196477;-12,24524;2,031456;1,740356;-10,49405;1,67373;5,934953;-58,78564;85,14333;84,76127;56,92703;53,35774;152,8557;56,92704;53,3578;172,274;57,20746;53,98759;172,274;57,20749;53,98758;5,554968;-58,78564;85,14333;17,43733;-69,39426;82,8918;35,07129;-69,16682;80,90665;51,82237;-68,53678;78,78714;51,45381;-68,71902;79,18292;6,845455;-64,7832;83,68077;44,89624;-69,03752;81,1491;144,8498;-70,45424;85,00533;-116,9695;-71,15896;80,35857;-117,2602;-71,35162;80,66556;9,200479;-71,28529;81,10959;52,34862;-69,21301;86,35406;152,7427;-70,85748;89,46509;-102,1838;-71,81087;77,65511;-102,3603;-72,0752;77,84071;18,3114;-80,42697;71,67081;27,27535;-72,4066;84,31628;125,9722;-73,2774;89,14299;-129,3241;-75,82651;78,20229;-130,0482;-76,04509;78,94869;0;0;0;205,2203;84,71066;-74,45181;-85,9135;5,301251;48,19654;-277,839;229,9736;291,8441;-367,6535;433,1853;464,3982;135,7804;116,4087;-14,75883;136,2993;511,1417;210,5494;26,21931;744,1773;407,7396;-76,65445;811,312;506,9225;-185,5047;817,2523;577,0734;48,44537;158,7956;61,75797;3,083984;575,2281;326,9387;-252,7375;635,1655;514,004;-354,7621;395,3006;422,3127;-235,0953;406,0546;364,0046;-26,83474;201,2305;131,0846;-113,6192;601,2352;411,6765;-348,0334;586,8171;539,0184;-407,0496;372,6264;439,0339;-257,6129;436,2296;391,9768;-101,9543;240,4059;198,452;-228,7585;594,422;476,7188;-361,1154;725,9404;634,8093;-441,5124;559,9614;586,2313;-325,2897;537,651;502,2133;0;0;0;-158,0071;-129,6898;-34,31224;-578,9615;-556,9968;-69,87959;-592,4477;-477,7464;-167,8161;-656,7249;-273,6425;-230,5984;-146,1897;-103,6777;-49,19967;-400,3522;-201,9138;-222,4789;-44,9962;61,7752;-477,5304;288,5467;598,9036;-482,1996;571,7225;1310,964;-317,4648;-131,0404;-69,63515;-69,02611;-375,5985;-148,5357;-252,4767;901,464;1575,654;-265,1224;3709,598;-2128,368;584,2723;12052,53;785,511;1101,758;-117,3132;-37,18185;-88,71459;-329,7157;-89,35546;-265,5344;-1337,644;-2070,219;-888,874;-558,8536;-1876,244;-1072,566;-251,6741;-897,8234;-695,785;-103,9753;-6,464481;-106,9658;-265,6746;-25,07687;-264,1582;-101,4633;-146,0838;-232,7642;-130,4741;-140,1586;-247,982;-218,5721;-70,7817;-270,8215;11,80594;4,696104;2,335455;1,26622;58,78466;-16,04136;68,09438;18,89009;-10,64888;9,658299;15,77592;14,77261;-10,38665;35,79628;103,5774;93,78994;-10,34125;47,94958;103,3227;93,87173;-13,58757;21,22227;103,312;94,14548;78,75571;-114,6359;0;-18,37349;2,482395;-57,44894;-97,57461;-87,81194;-17,99721;-124,3453;423,533;381,1248;3,420753;271,1373;0;-0,001373;59,71178;19,88331;-0,000458;0,000916;951,6217;-1711,567;-0,027466;2004,428;-1796,368;2633,137;-1160,191;-1044,164;250,5362;13338,53;-95015,38;-85492,52;956,3975;-568,2825;-0,027466;-0,109863;4729,335;1604,21;-0,027466;0
30;480;00:00:00:480;0;0;0;0,36694;-1,169455;4,899676;4,486105;-3,54819;4,986017;4,201854;-7,155739;3,094713;3,03732;-9,59415;1,529676;0,357184;-1,784585;3,927134;0,795836;-8,157953;7,956444;1,909717;-12,79135;9,721378;3,096848;-15,07902;10,54397;4,441613;-16,67799;11,07322;0,315647;-2,574488;2,68179;0,710323;-9,337239;6,018981;4,298128;-13,45208;7,407514;6,127491;-11,19191;6,470678;4,027115;-9,851101;6,145464;0,211347;-3,293392;1,556451;0,521044;-9,822035;3,894099;5,083439;-11,73159;4,499305;5,58624;-9,157486;3,526802;3,070341;-8,80604;3,649094;0,144069;-3,990331;0,461391;0,333811;-9,8031;1,520084;2,240462;-13,09466;2,646559;3,749558;-11,81992;2,16993;2,093245;-10,25489;1,820328;8,371738;-57,4045;84,47634;87,94805;59,54485;58,22541;156,0425;59,54486;58,22546;175,2095;59,80557;58,93376;175,2095;59,80559;58,93376;7,991735;-57,4045;84,47636;21,02377;-68,15618;81,0246;36,12973;-67,88621;79,1888;50,59336;-67,24318;77,21372;50,23876;-67,42229;77,59801;9,695608;-63,36409;82,51905;49,43851;-67,72411;79,46706;149,937;-69,24768;82,77012;-112,0287;-69,8161;78,24216;-112,252;-70,01657;78,47982;12,71795;-69,80376;79,19447;71,40173;-67,61464;84,572;173,6062;-69,52246;85,76861;-82,25566;-69,0944;74,80768;-82,15887;-69,36246;74,70415;23,2429;-78,76046;68,2217;35,40045;-69,61362;82,91373;135,1733;-70,68871;86,67304;-120,7654;-72,75507;76,24317;-121,2404;-72,99858;76,74025;0;0;0;198,1877;80,04405;-75,49084;-102,2755;-9,890779;49,4458;-295,4821;217,3092;289,4434;-385,2752;424,5624;458,8628;129,2345;112,6514;-16,33405;118,1833;503,7402;203,0819;4,826355;734,4069;396,0094;-95,97375;808,3308;495,4737;-201,7286;825,7256;569,3098;42,52263;156,2359;59,46171;-14,00806;569,7102;318,3737;-266,3583;625,9728;499,3369;-352,7318;377,0264;412,2108;-210,9248;412,6145;347,8711;-32,19479;199,8289;128,0576;-128,7179;597,8391;402,5774;-370,7329;516,4078;471,4864;-413,6923;337,394;360,9641;-264,8623;426,0591;347,3728;-106,7666;240,0922;194,7546;-241,0336;593,3329;467,5874;-372,6283;701,4159;613,6797;-450,7061;539,7776;560,3757;-335,8141;529,5754;485,0101;0;0;0;-421,9572;-279,9969;-62,34133;-981,7203;-911,5218;74,95557;-1058,586;-759,859;-144,0425;-1057,302;-517,3759;-332,1218;-392,7519;-225,435;-94,51299;-1086,961;-444,0909;-448,0476;-1283,577;-586,2207;-703,813;-1159,158;-178,8711;-686,9287;-973,4308;508,398;-465,8145;-355,3646;-153,5833;-137,7758;-1025,523;-331,0747;-513,894;-817,2498;-551,5594;-880,0278;121,8181;-1096,447;-606,1134;1450,232;393,5938;-968,0084;-321,6031;-84,09762;-181,6163;-905,9207;-203,7678;-545,9489;-1361,97;-4224,555;-4051,921;-398,5634;-2113,945;-4684,189;-434,9642;-610,2275;-2676,238;-288,7373;-18,81981;-221,8459;-736,5059;-65,34576;-547,8859;-690,7725;-1471,47;-1267,776;-551,6281;-1211,028;-1551,335;-631,462;-484,5342;-1032,191;11,96796;4,727708;2,261446;1,188418;60,10547;-18,09733;68,09437;18,55602;-10,85979;9,766358;13,40246;12,63665;-10,55646;37,06144;103,5775;93,78991;-10,10202;63,38618;103,3226;93,87173;-12,17704;26,21019;103,312;94,14548;79,24827;-123,3578;-0,000458;-20,04421;-12,65465;6,483535;-142,4072;-128,1575;-10,18856;75,9098;0,000458;-0,001831;14,35387;926,1955;-0,000916;0,000458;84,63186;299,2748;0;0;29,55322;-523,3131;-0,027466;-100,2434;-908,2225;3835,948;-2689,958;-2420,734;468,5189;12015,31;-25411,95;-22867,6;655,9867;39303,49;-0,054932;0,109863;1495,205;16763,49;0,027466;-0,054932
31;496;00:00:00:496;0;0;0;0,36694;-1,169455;4,899676;4,478014;-3,561077;5,0118;4,194177;-7,167965;3,119177;3,03442;-9,6043;1,547376;0,357184;-1,784585;3,927134;0,795836;-8,157953;7,956444;1,861663;-12,79107;9,751513;2,967632;-15,10777;10,60542;4,219305;-16,7668;11,17648;0,315647;-2,574488;2,68179;0,710323;-9,337239;6,018981;4,581076;-13,22876;7,286117;6,242011;-10,85342;6,32089;4,05478;-9,644175;6,058504;0,211347;-3,293392;1,556451;0,521044;-9,822035;3,894099;5,317825;-11,12792;4,231227;5,430686;-8,503459;3,269974;2,900784;-8,482216;3,529528;0,144069;-3,990331;0,461391;0,333811;-9,8031;1,520084;2,574907;-12,87182;2,659846;3,942215;-11,47569;2,102352;2,136382;-10,08126;1,771545;8,371738;-57,4045;84,47634;87,34927;59,36207;57,53015;155,4437;59,36208;57,5302;174,546;59,62653;58,22927;174,546;59,62656;58,22926;7,991735;-57,4045;84,47636;20,26926;-67,8794;81,22083;34,01285;-67,61859;79,39702;47,29579;-67,00359;77,38308;46,92153;-67,17388;77,78939;9,695608;-63,36409;82,51905;53,39017;-67,84016;79,37684;154,149;-69,44601;82,39686;-107,6827;-69,89467;77,73;-107,8643;-70,10079;77,92319;12,71795;-69,80376;79,19447;79,62693;-67,92838;84,39838;-177,4365;-69,88;84,80779;-73,56117;-68,86121;74,13207;-73,36061;-69,12059;73,91722;23,2429;-78,76046;68,2217;40,06189;-67,9522;83,92358;140,3703;-69,13287;87,14744;-116,019;-70,90659;77,08871;-116,3839;-71,16149;77,47455;0;0;0;189,1784;73,16924;-76,67783;-116,4569;-25,53964;58,74643;-311,9978;204,7917;293,1806;-403,5704;416,9721;455,6452;120,7816;107,0751;-18,32525;94,46249;492,4827;193,0852;-27,37185;722,6717;383,2554;-126,5273;801,5549;482,769;-227,8268;828,0126;558,113;34,77992;152,3654;56,39537;-36,55119;561,136;306,7403;-300,9221;588,8161;475,9594;-377,8883;345,5218;387,5112;-233,0303;392,6718;328,9328;-39,30075;197,5991;123,9157;-148,7925;592,3232;390,0896;-432,5838;423,7714;449,2791;-426,5571;253,8235;344,4789;-269,6703;385,1955;334,5468;-113,2504;239,4082;189,6193;-257,5375;591,1798;454,9294;-406,077;664,9803;587,8242;-475,6331;501,8659;533,2295;-353,7331;512,1371;466,0327;0;0;0;-540,5545;-412,489;-71,21908;-850,8818;-938,9314;558,0377;-990,9453;-751,0543;224,2284;-1097,71;-455,4205;-193,0561;-507,1742;-334,5794;-119,4723;-1423,248;-675,4503;-599,8034;-1931,892;-704,1149;-765,2406;-1833,212;-406,5571;-762,2852;-1565,896;137,2204;-671,8054;-464,5625;-232,2278;-183,9799;-1352,587;-514,4548;-698,0095;-2073,823;-2229,403;-1402,648;-1509,388;-1890,279;-1481,974;-1326,33;-1196,561;-1136,3;-426,3578;-133,7857;-248,5177;-1204,476;-330,9517;-749,2632;-3711,051;-5558,187;-1332,436;-771,8868;-5014,226;-989,1156;-288,4798;-2451,821;-769,5579;-389,0269;-41,04137;-308,1186;-990,2357;-129,1866;-759,4785;-2006,917;-2186,13;-1551,329;-1495,62;-2274,702;-1628,775;-1075,142;-1046,299;-1138,65;12,05923;4,625257;2,281636;1,041257;59,78453;-17,58513;68,09438;18,50035;-10,57392;9,174018;12,05457;11,4236;-10,67695;40,95972;103,5774;93,78991;-10,41939;71,36003;103,3226;93,87173;-10,47661;31,67356;103,312;94,14545;-19,25628;30,73173;0,000458;-3,340187;17,15229;-35,54043;-80,87356;-72,78294;-7,229175;233,8966;-0,000458;0;-19,04262;478,4312;0,000458;0;102,0261;327,8026;0,000458;-0,001373;-5910,273;9245,372;0,054932;1002,241;1788,416;-2521,438;3692,021;3322,475;177,5631;9479,209;-0,054932;0,109863;-2003,789;-26865,86;0,082397;-0,027466;1043,656;1711,67;0,027466;-0,082397
32;512;00:00:00:512;0;0;0;0,555569;-0,972586;4,924888;4,744651;-3,227559;4,917844;4,488739;-6,911414;3,175444;3,329662;-9,438867;1,754228;0,529525;-1,624436;3,976872;1,258635;-7,827177;8,224457;2,612311;-12,36135;10,07728;3,774172;-14,63986;10,95923;5,009445;-16,30123;11,55852;0,467212;-2,462047;2,763992;1,139575;-9,081234;6,336347;5,98209;-11,84674;7,132795;6,868129;-9,180959;5,932302;4,433818;-8,557171;5,943306;0,344322;-3,225646;1,670419;0,893346;-9,651121;4,238591;5,862922;-9,949704;4,032984;5,332804;-7,371085;3,087331;2,895704;-7,860863;3,624809;0,258859;-3,965264;0,605023;0,628434;-9,727246;1,873134;3,829966;-11,88077;2,795709;4,618317;-10,20874;1,95171;2,447033;-9,441367;1,844176;11,34957;-55,05162;83,39966;90,18471;62,65536;61,87061;158,2791;62,65536;61,87064;177,6054;62,90155;62,6746;177,6054;62,9016;62,67459;10,96958;-55,05162;83,39965;25,93987;-66,08057;78,60398;37,45471;-65,75398;76,98154;48,67765;-65,09505;75,20251;48,34473;-65,26913;75,56931;13,04394;-60,94916;80,95689;70,60033;-64,80735;77,9445;172,9524;-66,67417;79,2822;-89,36865;-66,58317;75,04795;-89,36304;-66,79958;75,04184;16,56722;-67,29411;77,01013;96,04799;-66,94386;80,99364;-159,5632;-68,85226;79,83865;-57,58347;-66,78227;71,0956;-57,2419;-67,01022;70,72424;27,34144;-76,02514;65,62011;59,72221;-62,5332;83,45822;161,6559;-64,05143;84,99774;-96,22067;-64,50279;76,15443;-96,28603;-64,78514;76,22674;0;0;0;189,1784;73,16924;-76,67783;-118,2734;-26,4055;53,34632;-313,7215;203,97;288,0566;-404,9043;416,7689;451,7932;120,7816;107,0751;-18,32525;94,46249;492,4827;193,0852;-27,82514;715,3254;379,5281;-124,0129;797,6039;477,4329;-221,4831;832,3792;552,8394;34,77992;152,3654;56,39537;-36,55119;561,136;306,7403;-304,917;519,5347;423,7293;-369,0968;308,5273;315,365;-225,6412;379,229;285,6925;-39,30075;197,5991;123,9157;-148,7925;592,3232;390,0896;-437,2724;374,203;408,3872;-404,6052;234,5514;303,9034;-252,7282;383,4368;315,4882;-113,2504;239,4082;189,6193;-257,5375;591,1798;454,9294;-407,5096;597,0375;543,515;-470,8542;455,8458;471,0434;-350,1706;498,562;436,0364;0;0;0;0;0;0;-108,9892;-51,95171;-324,0069;-103,4203;-49,29971;-307,4384;-80,03139;-12,19082;-231,122;0;0;0;0;0;0;-27,19724;-440,7749;-223,639;150,8632;-237,0586;-320,1628;380,6248;261,9953;-316,4234;0;0;0;0;0;0;-239,6979;-4156,883;-3133,807;527,4868;-2219,67;-4328,773;443,3456;-806,5667;-2594,417;0;0;0;0;0;0;-281,3186;-2974,102;-2453,513;1317,115;-1156,327;-2434,53;1016,529;-105,5188;-1143,516;0;0;0;0;0;0;-85,95943;-4076,568;-2658,554;286,7346;-2761,205;-3731,166;213,7499;-814,5104;-1799,775;12,08461;4,420965;2,485456;0,887204;60,63804;-18,96554;68,09437;18,6117;-11,26769;10,61814;10,03276;9,604105;-10,11375;54,94478;103,5775;93,78993;-11,86236;82,59615;103,3226;93,87173;-7,334625;48,63459;103,312;94,14545;51,21048;-82,82455;-0,000458;6,680946;-41,62668;86,64705;-121,3086;-109,1696;33,79206;839,1036;0,000458;0,001373;-86,57781;674,1673;-0,000916;-0,000458;188,5188;1017,661;0;-0,000458;4228,005;-6813,376;-0,054932;601,2679;-3526,738;7331,248;-2426,101;-2183,203;2461,274;36312,42;0,054932;0,082397;-4052,111;11744,16;-0,082397;-0,027466;5189,56;41391,52;-0,027466;0,054932
33;528;00:00:00:528;0;0;0;0,609501;-0,890954;4,933944;4,818631;-3,108263;4,922755;4,580191;-6,820883;3,239949;3,4256;-9,377825;1,868707;0,580682;-1,55766;3,996399;1,404956;-7,686903;8,332356;2,884236;-12,17508;10,20106;4,050285;-14,4446;11,10049;5,250256;-16,12237;11,7253;0,514854;-2,414537;2,79724;1,279974;-8,971155;6,465042;6,715735;-10,43446;6,673658;6,765941;-7,675572;5,362702;4,271734;-7,668363;5,66926;0,388876;-3,1961;1,716788;1,019703;-9,575743;4,378725;5,991005;-9,762107;4,096703;5,386382;-7,206946;3,13226;2,970077;-7,746739;3,713907;0,300364;-3,952916;0,66379;0,733817;-9,69097;2,017295;4,489417;-10,92254;2,359844;4,67519;-9,085472;1,511204;2,387815;-8,927097;1,751487;12,07964;-54,10851;83,32051;90,30398;63,68761;62,49286;158,3984;63,68762;62,49293;177,87;63,93296;63,32752;177,87;63,93299;63,32748;11,69966;-54,10851;83,3205;27,84701;-65,42467;78,08918;37,91553;-65,07661;76,53418;47,8389;-64,41212;74,81166;47,51085;-64,58398;75,1751;13,81872;-59,98862;80,79857;85,42927;-62,3075;78,98219;-171,0665;-64,25311;79,05785;-74,01169;-63,71174;75,42714;-73,89;-63,91974;75,29153;17,36525;-66,30939;76,79245;98,05756;-66,18445;80,47373;-157,4306;-68,07592;79,17883;-55,94028;-65,89871;70,91442;-55,59822;-66,1224;70,54001;27,80606;-74,99796;65,68607;78,78603;-63,64084;81,91746;-178,2033;-65,30309;82,24815;-76,04118;-64,40134;73,40432;-75,89653;-64,67692;73,24409;0;0;0;177,8607;61,3571;-78,19048;-134,2715;-46,41656;58,9837;-331,3952;188,5769;284,6806;-422,5577;407,1615;439,2169;110,4412;97,46616;-21,30959;66,69455;472,6361;177,0045;-74,44118;685,205;358,8177;-174,9514;766,6489;455,389;-272,4029;805,0852;530,9085;25,68604;145,619;51,46321;-62,30629;545,7757;287,6983;-371,5995;394,8486;356,0425;-391,8933;213,2209;249,0554;-240,8866;326,3232;241,2729;-47,27925;193,5343;117,0777;-171,1306;582,0684;369,4201;-469,1848;302,9426;415,639;-397,4628;168,697;310,6496;-251,7088;347,8;307,9038;-120,1378;237,9042;181,0014;-275,2149;586,6286;433,7464;-478,3171;499,1053;476,1868;-501,928;375,4678;409,5177;-363,797;466,6738;400,6466;0;0;0;-679,0637;-708,7279;-90,75951;-959,8911;-1200,664;338,2426;-1060,421;-923,5839;-202,5604;-1059,205;-576,4417;-754,5776;-620,4278;-576,5365;-179,0602;-1666,077;-1190,795;-964,8441;-2796,962;-1807,225;-1242,622;-3056,312;-1857,302;-1322,634;-3055,19;-1637,638;-1315,847;-545,6328;-404,7861;-295,9295;-1545,306;-921,6155;-1142,516;-4000,951;-7481,17;-4061,208;-1367,791;-5718,379;-3978,574;-914,7261;-3174,346;-2665,177;-478,7099;-243,8879;-410,2814;-1340,286;-615,2887;-1240,172;-1914,745;-4275,624;435,1072;428,5398;-3951,263;404,7761;61,16151;-2138,211;-455,0657;-413,2476;-90,24095;-517,0734;-1060,643;-273,0732;-1270,981;-4248,447;-5875,932;-4039,693;-1864,425;-4822,676;-3691,543;-817,5817;-1913,289;-2123,385;12,08183;4,252341;2,504537;1,137495;60,63804;-18,96554;68,09437;18,72306;-11,60738;11,47619;8,655556;8,364734;-8,502305;69,87167;103,5775;93,7899;-12,07349;83,49255;103,3226;93,87175;-9,462715;65,71421;103,312;94,14547;0;0;0;6,681633;-20,38107;51,48325;-82,63217;-74,36227;96,68661;895,6134;0;-0,001831;-12,66804;53,78357;0,000916;0,001373;-127,6854;1024,777;0,000458;0,001373;-3072,628;4969,473;0,027466;0,041199;1274,737;-2109,828;2320,584;2088,442;3773,673;3390,586;-0,027466;-0,192261;4434,586;-37223,02;0,109863;0,109863;-18972,25;426,9653;0,027466;0,109863
34;544;00:00:00:544;0;0;0;0,61062;-0,85161;4,940749;4,828646;-3,051965;4,948102;4,605992;-6,777982;3,292971;3,454112;-9,34594;1,940156;0,584953;-1,525412;4,008198;1,431729;-7,618724;8,390219;2,935817;-12,09669;10,26361;4,092021;-14,36791;11,17142;5,27004;-16,05639;11,80902;0,523174;-2,391481;2,815444;1,312849;-8,917381;6,532492;6,869593;-9,841296;6,497039;6,58892;-7,107931;5,161914;4,122784;-7,339775;5,585613;0,400882;-3,181594;1,740803;1,056055;-9,538581;4,450628;6,028207;-9,707016;4,172339;5,413785;-7,161588;3,188548;2,999382;-7,706752;3,773079;0,315942;-3,946605;0,693448;0,771814;-9,672595;2,089992;4,645564;-10,51896;2,217865;4,600137;-8,657562;1,403829;2,323931;-8,738664;1,760496;11,95049;-53,68637;83,6556;89,79762;64,05405;62,269;157,892;64,05404;62,26901;177,5385;64,30258;63,1097;177,5385;64,30263;63,10967;11,57051;-53,68635;83,65559;27,95033;-65,33371;78,28696;37,48417;-64,98454;76,73877;46,93697;-64,32558;75,01035;46,6046;-64,4949;75,37888;13,6312;-59,57016;81,19134;90,74877;-61,21101;79,90365;-165,3903;-63,15095;79,57677;-68,61488;-62,45845;76,22264;-68,46239;-62,65987;76,05081;17,06165;-65,89846;77,30076;97,82037;-65,7665;80,92113;-157,7115;-67,66019;79,66978;-56,33914;-65,50241;71,50869;-56,0068;-65,72716;71,1438;27,04922;-74,61761;66,64722;85,72296;-64,39329;81,53362;-170,8256;-66,06036;81,37682;-68,78733;-64,68653;72,7066;-68,56761;-64,95113;72,4638;0;0;0;174,6248;56,45916;-78,73389;-138,7104;-53,57428;58,68899;-336,8823;183,1451;280,8103;-428,2212;403,9766;432,0998;107,3717;93,45961;-22,48118;57,91525;464,2196;170,5305;-92,50021;673,3895;350,8983;-194,2407;755,3737;446,611;-290,4157;796,5492;521,3685;22,8275;142,7684;49,46836;-70,73024;539,171;279,9767;-409,3991;299,5799;350,4987;-381,5352;131,442;248,4981;-229,2688;281,5327;238,489;-49,95253;191,7616;114,2955;-178,712;577,5456;361,0121;-476,8698;291,6868;411,8159;-400,6775;158,8487;307,9539;-256,1712;340,9525;302,5579;-122,6281;237,1633;177,4753;-281,5378;584,452;425,0967;-515,3704;431,9376;477,5237;-500,3169;311,9784;409,7616;-357,6321;440,6932;395,4579;0;0;0;-194,1554;-293,8764;-32,60493;-266,329;-429,4631;-17,68255;-329,2279;-325,912;-232,2178;-339,8123;-191,0934;-427,0248;-184,1662;-240,3924;-70,29533;-526,7576;-504,9877;-388,4396;-1083,542;-708,9328;-475,1687;-1157,358;-676,5117;-526,6799;-1080,767;-512,1603;-572,402;-171,5124;-171,0362;-119,6914;-505,4372;-396,2831;-463,2997;-2267,974;-5716,118;-332,6282;621,4871;-4906,736;-33,43534;697,0682;-2687,435;-167,0337;-160,3968;-106,3628;-166,9292;-454,8862;-271,3651;-504,4827;-461,0996;-675,3502;-229,3882;-192,8801;-590,9013;-161,7451;-267,7417;-410,8472;-320,7521;-149,4169;-44,45457;-211,5634;-379,3773;-130,5942;-518,981;-2223,201;-4030,068;80,21449;96,66824;-3809,367;14,63413;369,893;-1558,837;-311,3208;12,07154;4,214401;2,500665;1,29552;60,63804;-18,96554;68,09437;18,89009;-11,94999;11,6153;8,128134;7,89006;-7,784371;75,76765;103,5775;93,78992;-12,07349;83,49255;103,3226;93,87175;-10,68331;72,13399;103,312;94,14548;0;0;0;10,02182;-20,55668;8,346748;-31,64532;-28,48039;43,07605;353,7584;0;0,001373;0;0;0;0;-73,23549;385,1866;0;0,000458;0;0;0;200,4112;-10,53657;-2588,19;3059,211;2752,913;-3216,634;-32511,3;0;0,192261;760,0822;-3227,014;-0,054932;-0,082397;3266,994;-38375,45;-0,027466;-0,054932
35;560;00:00:00:560;0;0;0;0,575768;-0,749876;4,961378;4,803863;-2,929212;5,045459;4,611667;-6,688551;3,463477;3,456293;-9,276535;2,152452;0,560582;-1,442271;4,042314;1,401429;-7,442751;8,551725;2,966918;-11,87983;10,47153;4,124516;-14,13698;11,41206;5,283971;-15,82514;12,08363;0,512231;-2,332259;2,866671;1,303229;-8,778785;6,71947;6,918564;-9,137985;6,452502;6,303744;-6,482854;5,072329;3,894524;-6,951121;5,612221;0,402087;-3,144243;1,807125;1,065709;-9,442641;4,648513;6,040628;-9,592538;4,412243;5,422043;-7,070251;3,373017;3,005701;-7,615317;3,949575;0,328961;-3,930406;0,774648;0,800652;-9,625113;2,288893;4,746594;-10,0294;2,220178;4,45274;-8,17559;1,441362;2,220108;-8,517808;1,903036;11,01456;-52,59316;84,67726;87,61704;64,84527;60,57436;155,7114;64,84529;60,57439;175,8938;65,10759;61,41712;175,8938;65,10758;61,41714;10,63455;-52,59316;84,67728;27,46836;-64,79959;79,55442;36,2717;-64,45605;78,02956;45,08408;-63,81293;76,30191;44,7482;-63,97702;76,67593;12,45435;-58,50071;82,4733;95,3494;-59,4468;81,72977;-160,5293;-61,36756;81,09796;-64,08781;-60,55197;78,0675;-63,9191;-60,7465;77,87394;15,44699;-64,86981;79,04154;96,36987;-64,69823;82,51104;-159,3307;-66,60448;81,43461;-58,16596;-64,54556;73,43753;-57,86326;-64,77507;73,10261;23,9717;-73,71981;69,88091;92,3338;-64,82747;82,03775;-163,7748;-66,47493;81,39863;-62,08174;-64,67795;73,12151;-61,79773;-64,92858;72,80765;0;0;0;174,5576;54,09855;-79,14217;-139,3113;-56,95217;57,16815;-338,4304;180,571;277,629;-429,629;403,572;427,0226;107,1155;91,52472;-23,18913;56,30892;460,129;167,0587;-98,17065;665,0399;345,8155;-200,7172;747,1358;440,7257;-296,736;790,2331;515,1297;22,32835;141,385;48,37612;-72,70273;535,9446;275,9296;-412,8806;256,7837;325,3437;-367,5412;110,1764;225,2219;-218,9815;272,8476;224,3824;-50,67286;190,8912;112,8546;-180,8931;575,3159;356,6978;-479,1019;288,3813;407,2778;-402,3217;156,1272;304,5766;-257,9295;338,5533;299,0076;-123,5628;236,7846;175,6959;-283,8177;583,3495;420,7349;-520,8478;400,3833;457,7807;-488,9577;294,0764;388,3571;-350,35;436,1997;383,9849;0;0;0;-4,02832;-141,6367;-24,49644;-36,05532;-202,6731;-91,25018;-92,88454;-154,4444;-190,8789;-84,46597;-24,27864;-304,6302;-15,37442;-116,0935;-42,4768;-96,37999;-245,4386;-208,3032;-340,226;-500,9737;-304,965;-388,5884;-494,2731;-353,1189;-379,2186;-378,9654;-374,3276;-29,94856;-83,00256;-65,53441;-118,3494;-193,5854;-242,8207;-208,8919;-2567,774;-1509,301;839,6387;-1275,936;-1396,575;617,2427;-521,1038;-846,3964;-43,21968;-52,22153;-86,45438;-130,8668;-133,7843;-258,8524;-133,9273;-198,3275;-272,2864;-98,65092;-163,29;-202,6377;-105,4988;-143,9538;-213,0189;-56,08105;-22,71795;-106,7684;-136,7884;-66,1497;-261,7092;-328,64;-1893,253;-1184,575;681,5471;-1074,122;-1284,267;436,9225;-269,6113;-688,3864;12,03549;4,19161;2,488439;1,471743;60,63804;-18,96554;68,09437;19,41903;-12,48281;12,35328;7,424891;7,257203;-7,045089;81,95591;103,5775;93,78994;-12,07349;83,49255;103,3226;93,87175;-12,24807;79,16969;103,312;94,14545;0;0;0;31,73595;-31,96895;44,27868;-42,19453;-37,97144;44,35693;371,2957;0,000458;0,000916;0;0;0;0;-93,88606;422,1418;-0,000458;-0,001373;0;0;0;1302,848;-684,7366;2155,916;-632,9531;-569,4625;76,85279;1052,243;0,027466;-0,027466;0;0;0;0;-1239,034;2217,316;-0,027466;-0,109863
36;576;00:00:00:576;0;0;0;0,4883;-0,592989;4,991896;4,695573;-2,802463;5,216496;4,496902;-6,609518;3,753932;3,260543;-9,190082;2,503554;0,482157;-1,314718;4,095576;1,197734;-7,172187;8,809979;2,681803;-11,55586;10,9088;3,77463;-13,79947;11,95345;4,870113;-15,49203;12,71527;0,44534;-2,241995;2,948686;1,117952;-8,566178;7,020506;6,738991;-8,843366;6,776817;6,084977;-6,246675;5,306417;3,682261;-6,735321;5,857131;0,345517;-3,087043;1,914269;0,908547;-9,294997;4,968446;5,885186;-9,49259;4,819667;5,305335;-7,000476;3,689312;2,875315;-7,507034;4,243049;0,282487;-3,905702;0,906683;0,680453;-9,551853;2,61189;4,639093;-9,790211;2,507073;4,259289;-7,961467;1,706471;2,047851;-8,391121;2,196209;9,244864;-50,82259;85,58908;83,35196;65,93371;56,21888;151,4464;65,93374;56,21892;173,2649;66,22182;57,04744;173,2649;66,22186;57,04743;8,864882;-50,82259;85,58907;24,4534;-63,01799;81,66851;32,63091;-62,70971;80,19795;40,90569;-62,11602;78,48513;40,5718;-62,2677;78,86263;10,29239;-56,76911;83,82233;94,62344;-57,54239;83,27326;-161,3374;-59,46715;82,72529;-65,06936;-58,67467;79,83878;-64,91848;-58,87082;79,66234;12,59586;-63,2023;81,12791;93,7659;-62,96059;84,37106;-162,1955;-64,88581;83,56951;-61,33714;-63,00444;75,80534;-61,07996;-63,24154;75,51701;18,95096;-72,24244;74,20509;93,45216;-63,97443;83,45145;-162,6091;-65,61631;82,75571;-61,2828;-63,76121;74,8244;-61,00315;-64,00997;74,51296;0;0;0;176,6487;47,99449;-80,37992;-137,8243;-64,31736;51,32679;-338,7709;175,2052;267,3986;-428,7322;404,0539;411,7943;108,5777;86,53623;-25,23608;58,12693;449,5706;157,3683;-99,5207;652,7886;333,6191;-201,9914;735,9214;427,2701;-296,8952;781,438;500,863;22,98489;137,8317;45,30249;-72,12552;527,6288;264,7109;-414,4691;213,3736;318,6809;-349,7453;76,58546;221,7263;-205,0481;252,6995;218,0554;-50,74514;188,6502;108,8752;-181,4724;569,5594;344,8247;-479,8472;281,5126;392,8835;-402,8171;150,647;293,5084;-258,3086;333,0672;288,4178;-124,3439;235,8126;170,8239;-285,5479;580,5007;408,8009;-524,6476;368,7959;444,1577;-476,2504;270,0408;373,566;-342,1978;426,6459;370,7261;0;0;0;125,4673;-366,2433;-74,265;89,21957;-441,9115;-350,4814;-20,4277;-321,948;-613,821;53,80726;28,91636;-913,6992;87,73254;-299,3095;-122,817;109,0804;-633,5048;-581,4249;-81,00342;-735,0797;-731,7838;-76,44939;-672,8639;-807,3378;-9,551524;-527,707;-856,0038;39,39226;-213,1991;-184,418;34,63268;-498,9481;-673,1214;-95,30925;-2604,606;-399,7664;1067,758;-2015,457;-209,7359;836,0009;-1208,885;-379,6205;-4,336595;-134,4631;-238,7609;-34,75427;-345,3827;-712,3861;-44,71492;-412,1218;-863,6556;-29,72602;-328,8095;-664,0877;-22,74656;-329,1635;-635,3874;-46,8657;-58,31908;-292,32;-103,8165;-170,9318;-716,0425;-227,9892;-1895,246;-817,3857;762,4397;-1442,13;-887,465;489,1376;-573,2231;-795,5245;12,10721;4,177341;2,450896;1,484392;60,63804;-18,96554;68,09437;21,06153;-12,37539;12,1991;6,868127;6,756157;-6,852345;83,55197;103,5775;93,78994;-12,07349;83,49255;103,3226;93,87175;-13,14777;82,45972;103,312;94,14545;0;0;0;98,5501;6,445198;-9,250545;-33,40585;-30,06274;11,5646;95,76369;-0,000458;0;0;0;0;0;-53,98183;197,4019;-0,000458;0;0;0;0;4008,849;2304,849;-3211,753;527,3213;474,5217;-1967,54;-16531,92;-0,054932;-0,054932;0;0;0;0;2394,254;-13484,4;0;0,082397
37;592;00:00:00:592;0;0;0;0,427822;-0,489314;5,008656;4,615481;-2,724204;5,328234;4,404428;-6,560205;3,945199;3,105039;-9,127595;2,732171;0,426266;-1,230043;4,127953;1,044638;-6,990098;8,974286;2,469803;-11,34365;11,1742;3,525163;-13,57765;12,27638;4,587525;-15,26872;13,08686;0,395294;-2,181417;3,000797;0,974378;-8,42154;7,21422;6,595536;-8,745039;7,040422;6,550124;-6,139587;5,446004;4,056612;-5,83496;5,514595;0,300683;-3,047709;1,983607;0,782478;-9,192664;5,175954;5,758835;-9,429834;5,088014;5,210554;-6,958366;3,898141;2,770719;-7,435122;4,434918;0,24276;-3,887314;0,993094;0,578876;-9,498343;2,822985;4,5388;-9,724727;2,743145;4,157104;-7,911187;1,909539;1,944547;-8,340114;2,394835;8,096475;-49,64601;86,04537;80,27815;66,55936;52,97884;148,3726;66,55936;52,97892;171,3743;66,86509;53,78831;171,3743;66,86513;53,78828;7,716475;-49,64601;86,04539;22,74623;-62,00374;82,72682;30,71004;-61,71581;81,28565;38,80126;-61,14923;79,58598;38,47072;-61,29435;79,96309;8,912409;-55,61393;84,54255;93,1955;-56,39431;84,04402;-173,6985;-58,32579;83,60541;-87,05841;-57,86758;80,54315;-87,04059;-58,08374;80,52214;10,81788;-62,08136;82,28065;92,14008;-61,79614;85,38521;-163,9679;-63,73096;84,74037;-63,31964;-61,96267;77,13721;-63,08933;-62,20418;76,87657;15,96801;-71,21764;76,61138;92,54395;-63,03716;84,46033;-163,5986;-64,68371;83,84962;-62,48398;-62,89404;76,0938;-62,22515;-63,14566;75,80335;0;0;0;181,8968;38,5813;-82,21098;-131,3269;-71,92233;41,06455;-331,885;170,4632;249,9713;-416,1558;402,2152;388,8789;113,2832;78,8831;-28,43179;70,34863;433,3367;141,8731;-83,02393;633,4387;307,2681;-181,9561;716,2767;394,7744;-273,3228;762,773;463,2322;26,99834;132,4158;40,38159;-61,00894;514,8724;246,6488;-403,6948;195,6964;299,222;-336,496;27,81755;206,6979;-184,0712;205,6767;149,1224;-47,35099;185,2181;102,4466;-172,0426;560,7009;325,6288;-470,5207;275,5158;368,4381;-395,8146;146,4605;274,5308;-250,4854;326,5702;270,8094;-121,5555;234,3305;162,9018;-278,336;576,105;389,4211;-517,6691;354,0707;424,0152;-463,7298;258,3525;355,0057;-331,4066;419,8855;352,1628;0;0;0;314,8835;-564,7915;-109,8633;389,843;-456,2981;-615,7345;413,1517;-284,5208;-1045,641;754,5833;-110,3239;-1374,926;282,3307;-459,1877;-191,7431;733,302;-974,0323;-929,713;989,8063;-1160,992;-1581,058;1202,116;-1178,684;-1949,738;1414,347;-1119,899;-2257,845;240,8071;-324,9514;-295,2536;666,9945;-765,3837;-1083,731;646,4624;-1060,631;-1167,533;794,9538;-2926,075;-901,7029;1258,616;-2821,371;-4135,979;203,6488;-205,9221;-385,7188;565,7851;-531,5151;-1151,758;559,5903;-359,8108;-1466,726;420,1484;-251,1914;-1138,658;469,3894;-389,8215;-1056,504;167,3033;-88,9306;-475,3246;432,714;-263,7405;-1162,787;418,7079;-883,5139;-1208,545;751,2388;-701,2996;-1113,62;647,4666;-405,6273;-1113,8;12,12975;4,414615;2,42396;1,44245;60,63804;-18,96554;68,09437;22,25859;-12,49298;12,18716;6,692341;6,597963;-6,852345;83,55197;92,73616;84,03431;-12,07349;83,49255;103,3226;93,87175;-13,368;83,17043;103,312;94,14545;0;0;0;71,82392;-7,055454;-0,716915;-10,54716;-9,491643;0;0;-650,4775;-585,3378;0;0;0;0;-13,21369;42,64251;0,000458;0;0;0;0;-1603,571;-810,0391;512,0178;1371,521;1234,266;-693,8758;-5745,821;-39028,62;-35120,27;0;0;0;0;2446,088;-9285,561;0,054932;0
38;608;00:00:00:608;0;0;0;0,274613;-0,242148;5,037365;4,411225;-2,52546;5,5926;4,172437;-6,422602;4,39782;2,708865;-8,935136;3,259192;0,285362;-1,026362;4,195218;0,66206;-6,543108;9,340234;1,976731;-10,84087;11,71193;2,95277;-13,05834;12,91591;3,939812;-14,74957;13,81629;0,270095;-2,032917;3,116715;0,617292;-8,060436;7,652781;6,234539;-8,483205;7,662252;7,815763;-6,363454;6,132872;6,736451;-4,433442;4,939041;0,189558;-2,947917;2,141843;0,470625;-8,930486;5,65091;5,442488;-9,252274;5,722638;4,97243;-6,835623;4,394705;2,510106;-7,24508;4,882071;0,145391;-3,835512;1,193353;0,329546;-9,35148;3,311205;4,285514;-9,645644;3,360325;3,960068;-7,870664;2,425956;1,727218;-8,238639;2,866275;5,325664;-46,86375;87,14355;72,1451;67,62637;44,51499;140,2395;67,6264;44,51505;166,4803;67,97448;45,23835;166,4803;67,97451;45,23832;4,945675;-46,86375;87,14355;19,4572;-60,33168;84,8831;26,83701;-60,08356;83,48386;34,42173;-59,57343;81,79395;34,0938;-59,70426;82,17401;5,655035;-52,87114;86,21693;89,83737;-53,66628;85,82691;152,4129;-55,60852;85,62025;-148,4862;-56,13409;82,77254;-148,7621;-56,24677;83,10461;6,748076;-59,3994;84,86256;88,39765;-59,01537;87,67068;-168,0011;-60,96573;87,34425;-67,84337;-59,46193;80,11414;-67,66883;-59,71238;79,91175;9,573988;-68,69554;81,65035;88,56882;-60,28237;86,99037;-167,8497;-61,94395;86,6793;-67,23081;-60,42929;79,30331;-67,03521;-60,69099;79,0787;0;0;0;185,5255;32,3608;-83,2166;-126,5214;-76,61785;34,36026;-326,3365;167,5044;238,4953;-404,1653;407,5529;369,9011;116,6367;73,80255;-30,3744;79,53438;422,4114;132,0147;-75,53864;618,5953;289,6729;-175,0072;701,1842;373,1948;-266,604;748,8123;438,7961;30,0011;128,7812;37,25497;-52,39444;506,1941;235,026;-395,0875;189,7968;283,4057;-369,2393;-69,31333;229,0764;-195,0269;-29,6068;87,96841;-44,66092;182,8581;98,28632;-164,4785;554,5609;313,1783;-462,9396;271,7505;352,3372;-390,1278;143,9339;262,001;-244,2097;322,2555;259,2972;-119,1719;233,2272;157,7171;-272,2414;572,8944;376,7554;-511,6515;350,1416;409,8509;-457,5986;255,3357;342,8216;-325,2084;416,825;340,2452;0;0;0;217,7231;-373,2299;-60,33754;288,3303;-281,7317;-402,2577;332,9072;-177,5272;-688,558;719,4328;320,2629;-1138,666;201,2072;-304,833;-116,5566;551,145;-655,5175;-591,5043;449,1173;-890,6021;-1055,712;416,9326;-905,5452;-1294,78;403,1238;-837,6417;-1466,171;180,1656;-218,0808;-187,5976;516,8699;-520,6976;-697,3686;516,4375;-353,9765;-948,9783;-1964,596;-5827,852;1342,708;-657,345;-14117,01;-3669,239;161,4039;-141,6006;-249,616;453,8455;-368,3996;-747,0316;454,8654;-225,9193;-966,05;341,2084;-151,5956;-751,7881;376,5435;-258,8811;-690,731;143,0182;-66,19834;-311,0811;365,6802;-192,6355;-759,942;361,0582;-235,7425;-849,8583;367,8703;-181,0083;-731,0443;371,8943;-183,6262;-715,054;12,11508;6,269656;2,351495;1,266144;60,63804;-18,96554;68,09437;25,57142;-13,53272;12,65343;6,164911;6,123302;-6,852345;83,55197;62,39234;56,73124;-12,07349;83,49255;103,3226;93,87175;-13,368;83,17043;103,312;94,14545;0;0;0;198,7698;-62,38454;27,97674;-31,64583;-28,47965;0;0;-1820,629;-1638,184;0;0;0;0;0;0;0;0;0;0;0;7616,752;-3319,745;1721,619;-1265,92;-1139,28;0;0;-70209,1;-63170,79;0;0;0;0;792,8214;-2558,551;-0,027466;0
39;624;00:00:00:624;0;0;0;0,052118;0,056684;5,050066;4,108833;-2,270362;5,922582;3,834454;-6,226975;4,951929;2,180134;-8,643452;3,867861;0,081528;-0,776947;4,257277;0,112848;-5,979755;9,732437;1,195256;-10,14465;12,43542;2,029603;-12,30803;13,82935;2,893616;-13,97226;14,89191;0,090141;-1,84621;3,240834;0,106758;-7,594901;8,13774;5,707517;-8,127353;8,421089;8,526343;-7,231063;7,657221;10,17333;-5,734923;6,489282;0,031153;-2,816562;2,319408;0,026915;-8,581018;6,18654;4,982632;-8,996174;6,497392;4,62439;-6,655176;5,008782;2,134823;-6,985713;5,410062;0,007971;-3,758691;1,424275;-0,022755;-9,139468;3,872015;3,919856;-9,508324;4,113684;3,674749;-7,78683;3,062066;1,417341;-8,083346;3,424129;1,593506;-43,52592;88,58314;60,9341;67,82049;32,92595;129,0285;67,82052;32,926;159,2982;68,21542;33,45978;159,2982;68,21542;33,45975;1,213516;-43,52592;88,58312;13,82554;-56,78574;88,17686;20,58339;-56,60779;86,87204;27,61376;-56,19407;85,24529;27,30514;-56,30124;85,61648;1,401232;-49,56017;88,32479;85,47678;-50,37059;88,05602;114,1442;-52,31622;88,10719;141,7731;-53,72752;86,58627;141,5423;-53,59327;86,87275;1,659749;-56,12788;87,95911;83,65668;-55,62209;90,4535;-173,0299;-57,57925;90,45969;-73,42759;-56,41481;83,63936;-73,31037;-56,67407;83,49886;2,303313;-65,51827;87,14227;83,59305;-56,91364;90,02991;-173,0952;-58,58201;90,0268;-73,04411;-57,41766;83,07513;-72,9133;-57,68927;82,92012;0;0;0;194,7181;17,53082;-84,93914;-114,266;-88,54251;18,4983;-312,4171;159,2482;211,338;-376,2708;407,1184;331,3248;125,0909;61,58172;-34,41028;102,489;395,5919;110,0578;-44,67017;590,405;258,1504;-138,823;674,3665;336,4895;-225,588;724,7401;398,0215;37,51308;119,8712;30,29984;-30,96929;484,5278;208,7123;-373,4277;174,0868;246,0959;-457,8525;-122,8153;269,4164;-374,5147;-338,3266;229,4804;-37,99342;176,8706;88,79218;-145,7673;538,8302;284,6809;-443,9588;261,0968;314,2598;-375,8404;136,5693;232,2072;-228,5729;310,853;232,4681;-113,3297;230,119;145,7016;-257,2816;564,0826;347,4622;-496,4543;345,3967;372,8202;-445,7765;252,9043;311,8366;-312,1686;410,7366;311,9588;0;0;0;551,553;-889,7985;-103,3523;735,3222;-715,4792;-951,7174;835,1669;-495,3718;-1629,436;1673,67;-26,06964;-2314,582;507,2557;-733,2498;-242,1525;1377,279;-1609,168;-1317,412;1852,109;-1691,425;-1891,351;2171,053;-1609,065;-2202,314;2460,96;-1444,333;-2446,469;450,7184;-534,5992;-417,3075;1285,509;-1299,977;-1578,817;1299,588;-942,6011;-2238,589;-5316,794;-3210,116;2420,405;-10769,26;-18523,19;8490,721;400,0504;-359,2508;-569,6489;1122,672;-943,8428;-1709,84;1138,85;-639,2183;-2284,647;857,2454;-441,8757;-1787,629;938,208;-684,1521;-1609,749;350,5296;-186,4886;-720,9313;897,5873;-528,7056;-1757,594;911,8281;-284,6946;-2221,846;709,3276;-145,8821;-1859,103;782,3853;-365,3097;-1697,185;12,26519;8,90071;2,264627;1,045212;60,63804;-18,96554;68,09437;29,77508;-13,26233;12,25034;5,666764;5,675025;-6,852345;83,55197;28,69466;26,40648;-12,07349;83,49255;103,3226;93,87175;-13,368;83,17043;103,312;94,14545;0;0;0;252,2192;16,22314;-24,18543;-29,88879;-26,89668;0;0;-2021,86;-1819,485;0;0;0;0;0;0;0;0;0;0;0;3206,964;4716,461;-3129,73;105,4224;94,97852;0;0;-12073,86;-10878,06;0;0;0;0;0;0;0;0
40;640;00:00:00:640;0;0;0;-0,079991;0,219783;5,045235;3,921596;-2,127145;6,10003;3,621128;-6,109505;5,249879;1,743134;-8,351026;4,154406;-0,040643;-0,639416;4,280677;-0,221377;-5,661924;9,918879;0,810525;-9,829746;12,63706;1,596292;-12,00055;14,04758;2,407495;-13,67741;15,13169;-0,01928;-1,741104;3,299667;-0,20664;-7,327741;8,377245;5,377287;-7,919127;8,827035;8,417705;-7,704488;8,621132;10,80795;-7,113674;8,11838;-0,066695;-2,740033;2,408612;-0,248023;-8,375566;6,457263;4,691952;-8,840951;6,913538;4,403629;-6,545258;5,341526;1,90026;-6,83216;5,686567;-0,078643;-3,710342;1,543877;-0,244095;-9,008131;4,161353;3,685634;-9,417109;4,519959;3,490803;-7,727757;3,407462;1,220969;-7,984768;3,718429;-0,517128;-41,70518;89,28742;54,73676;67,41637;26,4696;122,8312;67,41639;26,46963;158,3845;67,83068;26,8783;158,3845;67,8307;26,87827;-0,89713;-41,70518;89,28746;12,06427;-56,84043;89,5841;18,33448;-56,68454;88,26767;24,94467;-56,30625;86,60895;24,62762;-56,40369;86,98978;-0,954186;-47,74176;89,36832;83,07085;-48,55867;89,15986;96,08271;-50,50112;89,33736;109,0198;-52,12901;88,66145;108,9296;-51,92435;88,77582;-1,075303;-54,31276;89,48094;81,09282;-53,74284;91,82089;-175,7202;-55,69782;91,9821;-76,41504;-54,71911;85,37881;-76,32447;-54,98206;85,26804;-1,35723;-63,71059;89,72495;80,92265;-55,04379;91,51862;-175,883;-56,71034;91,65723;-76,1379;-55,73689;84,93274;-76,03709;-56,01261;84,81097;0;0;0;208,0677;-0,399061;-85,7012;-96,12251;-103,8483;-1,300581;-292,1381;147,5106;178,0915;-338,0546;403,1201;285,4664;137,321;46,61683;-38,13388;135,4417;361,7908;86,52564;-7,105747;544,0721;211,3535;-97,65656;623,7658;276,7126;-180,8786;672,663;327,5947;48,31029;108,6688;22,85275;-0,337277;456,5957;179,6147;-341,8063;152,7356;200,5658;-507,8473;-83,11092;225,4537;-598,9407;-315,4095;246,9522;-28,48915;168,9893;78,1383;-119,1447;517,8622;252,5432;-416,3674;245,7308;267,7746;-354,9579;125,7425;195,3625;-206,056;295,291;200,7886;-105,0845;225,5098;131,8463;-236,1436;551,3619;313,8136;-474,5148;337,1575;327,6186;-428,6573;247,8743;273,67;-293,576;401,419;278,4875;0;0;0;800,9784;-1075,793;-45,72379;1088,611;-918,3497;-1187,933;1216,74;-704,2543;-1994,794;2292,972;-239,9025;-2751,503;733,8037;-897,8931;-223,416;1977,162;-2028,067;-1411,931;2253,865;-2779,973;-2807,815;2469,986;-3036,04;-3586,617;2682,566;-3124,623;-4225,61;647,8328;-672,1458;-446,8251;1837,921;-1675,927;-1745,855;1897,281;-1281,068;-2731,81;-2999,685;2382,26;-2637,766;-13465,56;1375,026;1048,306;570,2562;-472,8806;-639,2326;1597,357;-1258,08;-1928,265;1655,479;-921,9617;-2789,114;1252,946;-649,6095;-2210,679;1351,018;-933,7191;-1900,768;494,7109;-276,5536;-831,3181;1268,28;-763,2437;-2018,914;1316,371;-494,3547;-2712,094;1027,15;-301,8021;-2289,996;1115,557;-559,0524;-2008,274;12,21935;9,970709;2,163136;0,772578;60,63804;-18,96554;68,09437;35,1758;-15,13663;13,25592;5,168618;5,22671;-6,852345;83,55197;13,14149;12,4076;-12,07349;83,49255;103,3226;93,87175;-13,368;83,17043;103,312;94,14545;0;0;0;324,0435;-112,4581;60,33428;-29,88876;-26,89885;0;0;-933,1901;-839,9329;0;0;0;0;0;0;0;0;0;0;0;4309,456;-7720,875;5071,182;0,001717;-0,130463;0;0;65320,21;58773,14;0;0;0;0;0;0;0;0
41;656;00:00:00:656;0;0;0;-0,312137;0,486563;5,017462;3,565907;-1,906054;6,384771;3,191522;-5,918305;5,726056;1,186033;-8,042188;4,62221;-0,261414;-0,412354;4,300736;-0,853013;-5,125232;10,17325;-0,069374;-9,222213;13,07579;0,584272;-11,3635;14,59467;1,291483;-13,02392;15,77283;-0,225389;-1,564239;3,379641;-0,813324;-6,86955;8,721498;4,723755;-7,583023;9,4725;7,778458;-7,573496;9,508702;10,25702;-7,248978;9,2508;-0,259335;-2,607011;2,539662;-0,793994;-8,015347;6,857963;4,103438;-8,585773;7,577608;3,955952;-6,369054;5,877912;1,431848;-6,571549;6,114818;-0,258288;-3,62076;1,726201;-0,699699;-8,767541;4,600383;3,19528;-9,260241;5,170495;3,101965;-7,627132;3,964772;0,81351;-7,807714;4,177536;-4,145151;-38,74495;90,05235;45,20294;65,92719;16,13198;113,2974;65,92722;16,13207;151,8366;66,36169;16,33995;151,8365;66,36171;16,33989;-4,52515;-38,74495;90,05236;7,243415;-54,84675;91,99235;13,39181;-54,75245;90,72226;19,89601;-54,45489;89,0908;19,5894;-54,5334;89,46743;-4,93432;-44,76449;90,66582;79,01746;-45,58911;90,55018;88,99456;-47,51828;90,92024;99,03387;-49,18639;90,59791;98,99476;-48,97263;90,64967;-5,588124;-51,31234;91,49877;76,8366;-50,63902;93,60609;179,8511;-52,58133;93,99394;-81,3148;-51,91272;87,73089;-81,26226;-52,18016;87,66425;-7,092867;-60,66228;93,22139;76,51707;-51,94955;93,48254;179,5526;-53,60492;93,82615;-81,1894;-52,94872;87,46003;-81,13129;-53,22939;87,38734;0;0;0;215,9943;-10,18504;-85,41132;-84,88823;-112,4414;-11,9475;-279,3386;140,4624;160,2145;-307,414;393,0582;262,6054;144,6512;38,36496;-39,53786;155,4953;342,7209;75,33913;10,81796;525,1782;197,81;-79,52484;605,4757;261,4648;-161,6869;655,3624;310,559;54,87557;102,3624;19,32274;18,46661;440,5661;165,2444;-321,9926;140,2421;176,209;-502,743;-55,54354;176,7523;-640,7619;-237,5878;172,0599;-22,61823;164,3976;72,78606;-102,6485;505,535;236,2998;-398,9266;236,4174;242,8058;-341,7123;119,1474;175,3979;-191,9821;286,0778;184,1983;-99,88773;222,6089;124,6701;-222,8631;543,4817;296,4533;-460,4615;331,6846;303,2421;-417,6206;244,3299;252,9463;-281,7937;395,5043;260,8296;0;0;0;475,5949;-587,1589;17,39287;674,0566;-515,5849;-638,8149;767,9715;-422,8928;-1072,62;1838,436;-603,7115;-1371,656;439,8143;-495,1121;-84,2387;1203,211;-1144,19;-671,1906;1075,422;-1133,629;-812,607;1087,903;-1097,405;-914,8635;1151,504;-1038,039;-1022,142;393,9167;-378,3817;-211,8006;1128,233;-961,7757;-862,2179;1188,825;-749,613;-1461,407;306,261;1654,043;-2922,083;-2509,269;4669,301;-4493,534;352,2547;-275,5029;-321,1341;989,773;-739,6316;-974,6031;1046,449;-558,8007;-1498,126;794,7406;-395,7059;-1197,875;844,4287;-552,7925;-995,4164;311,8086;-174,056;-430,5689;796,8263;-472,8126;-1041,617;843,1978;-328,3725;-1462,588;662,2009;-212,6627;-1243,423;706,9387;-354,8827;-1059,478;12,21332;10,21449;2,109759;0,625688;60,63804;-18,96554;68,09437;38,34944;-16,15452;13,32053;5,110059;5,173961;-6,852345;83,55197;10,24202;9,797716;-12,07349;83,49255;103,3226;93,87175;-13,368;83,17043;103,312;94,14545;0;0;0;190,4182;-61,07311;3,876972;-3,513536;-3,164978;0;0;-173,9685;-156,5928;0;0;0;0;0;0;0;0;0;0;0;-8017,513;3083,1;-3387,438;1582,513;1424,032;0;0;45553,3;41000,4;0;0;0;0;0;0;0;0
42;672;00:00:00:672;0;0;0;-0,486388;0,597679;4,991524;3,252851;-1,894942;6,553029;2,767212;-5,904927;5,956025;0,532265;-7,718521;4,744732;-0,439072;-0,316685;4,294372;-1,414496;-4,88795;10,2273;-0,782466;-8,951513;13,21261;-0,223117;-11,0823;14,78305;0,400382;-12,74153;16,00918;-0,407274;-1,487452;3,397239;-1,379017;-6,661513;8,811316;4,097852;-7,544023;9,789774;7,136475;-7,736115;10,03973;9,64818;-7,658454;10,01958;-0,444724;-2,545219;2,576377;-1,32776;-7,844623;6,971859;3,516374;-8,563492;7,891489;3,509478;-6,377774;6,145877;0,972742;-6,491142;6,288503;-0,447249;-3,57462;1,782818;-1,173189;-8,644869;4,734209;2,678154;-9,25564;5,464109;2,686624;-7,644948;4,225111;0,386895;-7,744768;4,352343;-6,950298;-37,629;89,85282;41,41998;64,04275;10,76913;109,5144;64,04278;10,76919;154,2133;64,48191;10,89568;154,2133;64,48191;10,89566;-7,330294;-37,629;89,85284;4,650254;-53,88567;93,09105;10,44565;-53,82481;91,8438;16,6355;-53,5764;90,22372;16,33313;-53,64235;90,59935;-7,987044;-43,61739;90,86003;75,91862;-44,4452;90,80836;83,19123;-46,35751;91,32108;90,68728;-48,0388;91,25992;90,68443;-47,82237;91,26378;-9,010228;-50,12358;92,21403;73,5337;-49,37359;94,20289;176,4247;-51,29841;94,75818;-84,90232;-50,86587;88,6006;-84,87254;-51,13537;88,56227;-11,33387;-59,3896;94,96178;73,11841;-50,68639;94,20204;176,0411;-52,32623;94,69565;-84,8674;-51,91027;88,44165;-84,83472;-52,19317;88,4002;0;0;0;229,923;-26,1918;-83,74496;-63,5469;-125,7069;-29,03196;-253,5622;128,9904;131,6439;-264,0583;388,1572;223,0886;157,8975;24,74123;-40,74139;193,3934;310,5194;60,0771;62,71719;482,9015;169,7822;-20,15599;559,2694;226,0559;-96,44034;607,107;268,9212;67,2421;91,75053;14,52432;54,86763;413,0746;144,5893;-282,7806;120,0759;137,4811;-465,6631;-63,75633;131,7354;-611,1183;-232,3212;124,9654;-11,05987;156,4162;64,92303;-69,89016;483,9219;212,2578;-363,6158;221,1068;202,9616;-314,8517;108,5752;143,2148;-163,8775;270,4411;158,5033;-89,109;217,2339;113,7307;-195,5269;529,0463;270,1115;-431,0403;322,2725;264,21;-394,2903;238,2924;219,5077;-257,3462;384,8811;233,2831;0;0;0;835,722;-960,4052;99,98202;1280,48;-795,9272;-1025,068;1546,583;-688,3192;-1714,233;2601,342;-294,0616;-2371,01;794,7742;-817,424;-72,21185;2273,889;-1932,093;-915,7222;3113,954;-2536,606;-1681,67;3562,131;-2772,38;-2124,54;3914,792;-2895,323;-2498,268;741,9919;-636,7117;-287,9056;2184,061;-1649,486;-1239,309;2352,715;-1209,974;-2323,673;2224,794;-492,7672;-2701,017;1778,618;315,9971;-2825,675;693,5016;-478,8808;-471,7823;1965,498;-1296,787;-1442,521;2118,647;-918,64;-2390,649;1611,637;-634,3317;-1930,992;1686,28;-938,1994;-1541,705;646,7238;-322,4973;-656,3658;1640,172;-866,126;-1580,508;1765,274;-564,7258;-2341,929;1399,821;-362,2484;-2006,315;1466,852;-637,3915;-1652,787;12,33433;10,53221;2,020818;0,419274;60,63804;-18,96554;68,09437;44,58534;-16,40793;14,50497;4,787738;4,883951;-6,852345;83,55197;7,635403;7,451482;-12,07349;83,49255;103,3226;93,87175;-13,368;83,17043;103,312;94,14545;0;0;0;374,154;-15,20462;71,06603;-19,33925;-17,40057;0;0;-156,397;-140,774;0;0;0;0;0;0;0;0;0;0;0;11024,15;2752,109;4031,344;-949,543;-854,1355;0;0;1054,289;949,1262;0;0;0;0;0;0;0;0
43;688;00:00:00:688;0;0;0;-0,570771;0,610296;4,98105;3,099194;-1,938569;6,614452;2,562496;-5,941128;6,011363;0,24588;-7,598619;4,73177;-0,524599;-0,305408;4,285583;-1,682427;-4,854857;10,20247;-1,156526;-8,93946;13,17964;-0,658407;-11,08523;14,75029;-0,086528;-12,75981;15,9807;-0,494172;-1,477449;3,390067;-1,647951;-6,630209;8,788703;3,795152;-7,596781;9,870667;6,820658;-7,860538;10,20137;9,332839;-7,861313;10,26498;-0,532647;-2,535349;2,569424;-1,580549;-7,815863;6,951405;3,233661;-8,609033;7,962529;3,29361;-6,425266;6,215492;0,753184;-6,499024;6,310454;-0,536279;-3,5654;1,776713;-1,396419;-8,620713;4,717648;2,430547;-9,290555;5,520319;2,487381;-7,681462;4,280517;0,184392;-7,745375;4,364537;-8,310658;-37,58189;89,79134;40,88551;62,99068;9,399106;108,9799;62,99068;9,399137;156,3658;63,4303;9,511815;156,3658;63,43032;9,51178;-8,690649;-37,58189;89,79134;2,916367;-54,08278;93,7372;8,604349;-54,04414;92,48112;14,71019;-53,8265;90,83933;14,4022;-53,88492;91,22073;-9,473334;-43,54952;90,99311;74,41138;-44,37802;90,97156;80,98862;-46,28001;91,55619;87,8336;-47,96163;91,59161;87,84262;-47,74535;91,57947;-10,6845;-50,02784;92,60644;71,89171;-49,24098;94,55629;174,7175;-51,15463;95,1976;-86,61046;-50,83768;89,0337;-86,59064;-51,10779;89,00819;-13,42666;-59,23763;95,86995;71,43112;-50,55323;94,61465;174,2944;-52,18315;95,18524;-86,61514;-51,88457;88,92538;-86,59357;-52,16813;88,89803;0;0;0;240,3781;-32,85877;-82,18864;-44,76353;-126,3736;-39,12744;-228,1036;128,1877;117,8457;-220,0444;374,1642;210,6789;168,557;19,00109;-40,35953;227,0824;296,2825;56,83377;103,9799;465,935;160,9307;25,95269;541,6105;213,8463;-45,95698;589,5475;253,7162;78,15517;87,14329;13,46842;88,80923;400,5924;139,2002;-245,2265;117,7358;118,4446;-427,4594;-54,0281;101,9114;-575,4359;-208,2278;84,02382;0,063476;152,7087;62,72012;-37,86422;473,6784;205,424;-328,3919;219,7699;184,1288;-288,0633;109,0984;127,1369;-136,3311;265,6167;148,0822;-77,77137;214,4655;110,3337;-167,1175;521,686;262,0819;-400,0127;321,9965;246,5931;-369,3698;239,3614;203,8873;-231,7493;381,1043;222,7947;0;0;0;627,3079;-400,0186;93,37842;1127,002;-40,00211;-605,7286;1527,513;-48,16174;-827,8906;2640,833;-839,5786;-744,5812;639,5702;-344,4083;22,91143;2021,339;-854,2142;-194,5993;2475,762;-1017,986;-531,0881;2766,521;-1059,534;-732,5763;3029,001;-1053,566;-912,3001;654,7841;-276,4345;-63,35368;2036,496;-748,9328;-323,3478;2253,251;-140,4004;-1142,186;2292,217;583,6941;-1789,438;2140,943;1445,6;-2456,492;667,401;-222,4488;-132,1746;1921,556;-614,6049;-410,0247;2113,433;-80,21449;-1129,972;1607,304;31,39257;-964,6725;1652,781;-289,464;-625,2658;680,2575;-166,1024;-203,8221;1704,566;-441,6161;-481,7762;1861,656;-16,56246;-1057,013;1495,226;64,13698;-937,2238;1535,814;-226,6073;-629,3048;12,38091;10,64229;1,98965;0,400223;60,63804;-18,96554;68,09437;47,28571;-16,72087;14,67369;4,670554;4,778441;-6,852345;83,55197;6,991088;6,871497;-12,07349;83,49255;103,3226;93,87175;-13,368;83,17043;103,312;94,14545;0;0;0;162,0225;-18,77621;10,12367;-7,031049;-6,330585;0;0;-38,65888;-34,79911;0;0;0;0;0;0;0;0;0;0;0;-12727,89;-214,2951;-3656,542;738,4922;664,199;0;0;7064,287;6358,496;0;0;0;0;0;0;0;0
44;704;00:00:00:704;0;0;0;-0,764454;0,637819;4,951555;2,737095;-2,038707;6,74285;2,083662;-6,020314;6,116701;-0,326766;-7,408966;4,69796;-0,721024;-0,279989;4,258689;-2,297658;-4,776115;10,11929;-2,059812;-8,888808;13,09473;-1,72879;-11,05958;14,6751;-1,298604;-12,76332;15,92307;-0,693827;-1,453701;3,36526;-2,265568;-6,553666;8,708237;3,087116;-7,713393;10,02585;6,075874;-8,113957;10,51523;8,575809;-8,251155;10,7311;-0,734578;-2,51076;2,543644;-2,161007;-7,743713;6,875523;2,573094;-8,707678;8,095021;2,787346;-6,530081;6,352401;0,244185;-6,512455;6,336777;-0,740754;-3,541198;1,751452;-1,908989;-8,557984;4,651831;1,85293;-9,363574;5,620143;2,021377;-7,759408;4,384101;-0,283895;-7,740484;4,367872;-11,45555;-37,55335;89,65002;40,06651;60,52811;6,618366;108,1609;60,52813;6,618401;159,423;60,96844;6,709296;159,423;60,96846;6,709278;-11,83553;-37,55334;89,65;-1,529674;-54,14576;95,19693;3,840497;-54,16435;93,9367;9,684349;-54,02752;92,26354;9,368337;-54,06598;92,65392;-12,9081;-43,45895;91,29895;70,92847;-44,28687;91,34682;76,6277;-46,15987;92,09603;82,64789;-47,83461;92,32172;82,67828;-47,61995;92,28064;-14,54887;-49,85425;93,50556;68,10317;-48,98487;95,36182;170,7816;-50,86654;96,19829;-90,55724;-50,81723;90,03486;-90,56045;-51,08781;90,03901;-18,23192;-58,89745;97,93337;67,53967;-50,29165;95,55547;170,269;-51,89311;96,30044;-90,65326;-51,86631;90,04349;-90,65745;-52,15034;90,04879;0;0;0;245,4411;-33,6158;-81,56023;-35,54415;-123,7559;-42,81284;-215,8206;130,3598;114,5255;-195,4604;374,2628;204,0802;173,6886;18,3245;-39,83223;243,1583;294,2969;58,32383;124,8595;465,9403;162,6241;49,6074;543,7598;215,6886;-19,9832;594,1814;255,7622;83,36906;86,54311;13,89874;104,9453;398,7142;140,557;-227,0645;120,9013;113,591;-408,8831;-46,56694;94,6218;-557,5193;-196,4998;75,43896;5,338878;152,1165;63,13734;-22,69685;471,9529;206,6512;-311,4292;222,5023;179,8663;-275,1112;111,9479;122,96;-123,1576;266,0897;146,7651;-72,42953;213,9123;110,7;-153,7237;520,2366;263,0756;-385,1563;324,0913;243,2205;-357,4153;241,5522;200,5629;-219,5991;381,1407;222,0631;0;0;0;303,7777;-45,42124;37,70506;553,1627;157,058;-221,124;736,9809;130,3217;-199,2152;1475,04;5,918025;-395,9269;307,8961;-40,59523;31,63808;964,5537;-119,1358;89,40303;1252,776;0,314713;101,6021;1419,282;128,9577;110,5399;1558,427;278,0313;122,7593;312,8332;-36,01062;25,81894;968,1637;-112,6943;81,40754;1089,718;189,9297;-291,2178;1114,58;447,6689;-437,3746;1074,995;703,6821;-515,0914;316,5241;-35,53462;25,03359;910,0423;-103,5347;73,63271;1017,764;163,948;-255,7454;777,1239;170,9697;-250,6149;790,4097;28,37563;-79,02359;320,5107;-33,19358;21,97766;803,6262;-86,96365;59,62228;891,386;125,6933;-202,3544;717,2727;131,4497;-199,4605;729,0101;2,18296;-43,8981;12,47464;10,78721;1,953314;0,469787;60,63804;-18,96554;68,09437;51,18314;-17,02208;14,54973;4,348255;4,488339;-6,852345;83,55197;6,229637;6,186086;-12,07349;83,49255;103,3226;93,87175;-13,368;83,17043;103,312;94,14545;0;0;0;233,8458;-18,07274;-7,437801;-19,33794;-17,40615;0;0;-45,68707;-41,12466;0;0;0;0;0;0;0;0;0;0;0;4309,401;42,20798;-1053,688;-738,4133;-664,5338;0;0;-421,6914;-379,533;0;0;0;0;0;0;0;0
45;720;00:00:00:720;0;0;0;-0,968868;0,747656;4,900143;2,317679;-2,055884;6,893166;1,513487;-6,013206;6,288924;-0,935246;-7,188301;4,748081;-0,934554;-0,181724;4,222356;-2,991596;-4,511667;10,05911;-3,107908;-8,589912;13,08871;-2,973112;-10,75298;14,70808;-2,703697;-12,46003;15,99595;-0,918603;-1,369072;3,346854;-2,973763;-6,310353;8,674844;2,251699;-7,689409;10,26388;5,185139;-8,234797;10,91969;7,65598;-8,510619;11,28571;-0,968534;-2,435737;2,538262;-2,836743;-7,531945;6,865169;1,785087;-8,689132;8,32384;2,181152;-6,550442;6,564948;-0,354931;-6,418617;6,426649;-0,984146;-3,476914;1,760371;-2,516844;-8,390838;4,667141;1,154087;-9,349935;5,826035;1,454181;-7,774177;4,578457;-0,844443;-7,65177;4,450992;-14,90722;-36,76266;89,1345;38,05544;57,85745;2,289729;106,1498;57,85747;2,289743;159,8844;58,29909;2,344259;159,8844;58,2991;2,344234;-15,2872;-36,76265;89,13451;-6,307105;-53,14417;96,23103;-1,153933;-53,22441;95,00644;4,498964;-53,1738;93,35474;4,189363;-53,19141;93,74147;-16,63327;-42,57847;91,24014;67,15391;-43,40237;91,36123;72,2506;-45,23597;92,27185;77,69353;-46,89377;92,67998;77,74256;-46,68229;92,61273;-18,66748;-48,85572;94,03048;64,10795;-47,9031;95,75132;166,6601;-49,74195;96,76941;-94,85081;-49,9786;90,7429;-94,87823;-50,24822;90,77867;-23,15225;-57,67034;99,51905;63,44599;-49,19779;96,07953;166,0612;-50,76118;96,98547;-95,04301;-51,02425;90,87627;-95,0741;-51,30721;90,91619;0;0;0;257,062;-35,26716;-79,79055;-13,81818;-117,7477;-50,51668;-187,0906;135,1109;108,2052;-156,0519;367,2211;201,3332;185,474;16,79935;-38,21859;280,0721;289,5724;63,31443;178,5022;464,3558;167,9216;112,9295;544,9071;220,7158;51,51758;598,3619;260,1922;95,34839;85,11821;15,38716;142,0023;394,1216;145,3849;-184,5823;127,8981;104,2802;-364,4398;-31,34688;77,36532;-512,7546;-173,3301;51,49175;17,4547;150,6412;64,68414;12,1306;467,6238;211,2041;-271,7952;228,4211;171,9168;-244,7353;118,2368;114,7454;-92,61767;266,8955;145,1857;-60,16105;212,4602;112,2156;-122,9695;516,4728;267,0246;-350,4993;328,4725;237,231;-329,455;246,229;194,3479;-191,5018;380,8473;221,863;0;0;0;697,257;-99,08205;106,1808;1303,558;360,4946;-462,2304;1723,8;285,0716;-379,2178;2364,509;-422,503;-164,8164;707,129;-91,50964;96,81826;2214,829;-283,4716;299,4364;3218,56;-95,06606;317,8475;3799,324;68,83907;301,6348;4290,046;250,8344;265,8019;718,7597;-85,49416;89,3054;2223,42;-275,5537;289,6786;2548,93;419,8036;-558,6483;2666,599;913,2036;-1035,389;2685,879;1390,184;-1436,832;726,9495;-88,51933;92,808;2089,647;-259,7408;273,1747;2378,042;355,1245;-476,9718;1822,552;377,3324;-492,8719;1832,397;48,35128;-94,76208;736,1083;-87,12672;90,94047;1845,252;-225,8234;236,9399;2079,418;262,8679;-359,3688;1677,615;280,6077;-372,9021;1685,835;-17,6053;-12,00628;12,54723;10,8765;1,935657;0,557953;60,63804;-18,96554;68,09437;53,68863;-17,11214;14,26357;4,172417;4,330155;-6,852345;83,55197;5,73176;5,737912;-12,07349;83,49255;103,3226;93,87175;-13,368;83,17043;103,312;94,14545;0;0;0;150,3291;-5,403785;-17,1698;-10,55031;-9,491014;0;0;-29,8726;-26,89044;0;0;0;0;0;0;0;0;0;0;0;-5011,001;760,1371;-583,9199;527,2578;474,9081;0;0;948,8685;854,0531;0;0;0;0;0;0;0;0
46;736;00:00:00:736;0;0;0;-1,135333;0,961511;4,826553;1,91217;-1,937002;7,050225;0,927931;-5,86632;6,536444;-1,543963;-6,847778;4,900039;-1,121078;0,009187;4,180646;-3,648098;-4,010162;10,05488;-4,09152;-7,977636;13,19917;-4,140812;-10,09129;14,8872;-4,024408;-11,76785;16,23656;-1,130284;-1,206376;3,344657;-3,6659;-5,853229;8,73027;1,407939;-7,442525;10,59108;4,27073;-8,128552;11,40741;6,697327;-8,540683;11,91424;-1,201731;-2,295856;2,56876;-3,516477;-7,140762;6,96791;0,972267;-8,48222;8,664902;1,554195;-6,42727;6,858493;-0,963334;-6,170983;6,604347;-1,238905;-3,360608;1,824228;-3,149098;-8,088748;4,814374;0,414017;-9,194117;6,16382;0,848982;-7,678845;4,881527;-1,432581;-7,443707;4,648972;-18,02565;-34,94859;87,99429;34,69353;55,35577;-3,485406;102,7879;55,3558;-3,48538;158,7908;55,79835;-3,480594;158,7908;55,79838;-3,480627;-18,40564;-34,9486;87,9943;-9,865565;-51,09499;96,22024;-4,994614;-51,22113;95,06053;0,38443;-51,23767;93,47866;0,094982;-51,23864;93,84986;-19,91506;-40,66508;90,45322;63,83628;-41,48252;90,63345;68,46784;-43,27499;91,65874;73,45454;-44,9102;92,20615;73,51569;-44,7027;92,11942;-22,16829;-46,81646;93,6588;60,75894;-45,79728;95,22807;163,2525;-47,59345;96,36163;-98,60099;-48,07232;90,60778;-98,64637;-48,33986;90,66866;-27,01844;-55,40356;99,77803;60,03468;-47,07691;95,65353;162,598;-48,60256;96,65957;-98,86456;-49,11008;90,84014;-98,91551;-49,39072;90,90739;0;0;0;269,3268;-41,85738;-76,70583;11,34676;-116,7171;-59,53561;-152,8801;134,6845;97,8718;-114,6934;357,7292;193,9081;198,2858;10,90344;-36,03858;321,7084;273,7055;66,92504;240,994;445,5746;167,9441;186,9539;525,7747;218,3612;134,9649;579,9001;255,5735;108,8349;80,04048;16,49154;184,494;379,5229;147,3885;-134,4573;126,459;89,99844;-311,1963;-24,0739;54,39426;-458,1065;-157,9028;21,52759;31,49205;146,1398;65,00706;52,67477;454,9178;211,8254;-224,5147;227,3083;158,1877;-208,3637;119,4584;101,9926;-56,6707;261,2652;139,7934;-45,55753;208,6032;111,6805;-86,49822;506,4441;266,106;-308,5687;327,6541;224,8776;-295,4233;247,1151;182,6865;-157,869;375,5244;216,8758;0;0;0;735,8894;-395,4132;185,0831;1509,897;61,83886;-541,1356;2052,63;-25,58827;-620,0029;2481,51;-569,5123;-445,507;768,7075;-353,7545;130,8006;2498,175;-952,0125;216,6367;3749,508;-1126,877;1,351833;4441,464;-1147,943;-141,2773;5006,84;-1107,714;-277,1258;809,1934;-304,6639;66,26263;2549,501;-875,9265;120,2166;3007,499;-86,34352;-856,9064;3194,608;436,3792;-1378,264;3278,889;925,6381;-1797,85;842,241;-270,0834;19,37485;2432,65;-762,3653;37,27483;2836,824;-66,76768;-823,7464;2182,299;73,2994;-765,1691;2156,818;-337,8181;-323,5388;876,2114;-231,421;-32,10711;2188,278;-601,7274;-55,11761;2515,833;-49,10087;-741,2066;2041,905;53,16639;-699,681;2017,969;-319,3702;-299,2315;12,60462;10,95371;1,923498;0,65618;60,63804;-18,96554;68,09437;55,99924;-17,20256;14,4411;3,967238;4,145576;-6,852345;83,55197;5,321744;5,368815;-12,07349;83,49255;103,3226;93,87175;-13,368;83,17043;103,312;94,14545;0;0;0;138,6369;-5,424842;10,65187;-12,31071;-11,07476;0;0;-24,60093;-22,14577;0;0;0;0;0;0;0;0;0;0;0;-701,531;-1,263428;1669,3;-105,6241;-95,02486;0;0;316,2998;284,6798;0;0;0;0;0;0;0;0
47;752;00:00:00:752;0;0;0;-1,189674;1,077389;4,788842;1,749624;-1,852354;7,114888;0,678153;-5,765577;6,655681;-1,803921;-6,653426;4,981653;-1,188209;0,11326;4,160533;-3,907654;-3,73503;10,06332;-4,469805;-7,635021;13,27239;-4,583945;-9,716157;14,99727;-4,520153;-11,36989;16,37795;-1,213543;-1,116922;3,346553;-3,94898;-5,601223;8,772035;1,053655;-7,277934;10,7455;3,880496;-8,025511;11,63021;6,282089;-8,499491;12,19836;-1,298984;-2,218472;2,589336;-3,802479;-6,924238;7,035903;0,624027;-8,342124;8,831388;1,285218;-6,335446;6,998184;-1,220843;-6,023213;6,697529;-1,350072;-3,295554;1,863601;-3,423472;-7,920329;4,906228;0,089209;-9,086304;6,334586;0,581813;-7,605852;5,032618;-1,689252;-7,320053;4,757862;-19,21988;-33,94393;87,27834;33,02514;54,32796;-6,241;101,1196;54,32801;-6,240961;158,3289;54,77043;-6,258646;158,3289;54,77046;-6,258674;-19,59987;-33,94394;87,27835;-10,85221;-49,98487;95,85065;-6,048129;-50,12376;94,72146;-0,742918;-50,15892;93,17661;-1,02142;-50,15536;93,53935;-21,14438;-39,61814;89,85432;62,59651;-40,43244;90,05467;66,98479;-42,20807;91,11472;71,73483;-43,83244;91,71068;71,79959;-43,62688;91,61698;-23,43915;-45,71764;93,18567;59,55367;-44,67527;94,69238;162,0407;-46,45466;95,85681;-99,98595;-47,02095;90,23823;-100,0367;-47,28743;90,30739;-28,32826;-54,21633;99,45707;58,81397;-45,94841;95,14775;161,3719;-47,45929;96,1797;-100,2708;-48,05467;90,50324;-100,3276;-48,33415;90,57942;0;0;0;279,3148;-54,68869;-72,29041;35,6773;-123,85;-68,95919;-117,7467;125,8713;83,02058;-75,5272;339,1845;182,4459;209,4773;-0,551205;-33,53599;361,0985;243,6152;67,17931;299,985;407,1435;160,8667;256,9895;483,5733;206,8909;214,1908;535,2995;240,1745;121,5358;70,27871;16,62332;226,0222;352,0954;144,063;-83,8317;111,646;70,36655;-256,4464;-30,43145;25,87205;-400,8969;-156,1627;-14,29;45,48392;137,7469;63,17713;93,45882;431,4468;205,661;-175,7456;214,8935;137,724;-170,7463;112,0681;84,37988;-20,16654;246,4072;129,1315;-30,272;201,6248;107,8491;-48,56296;488,3187;257,2721;-264,1645;318,3051;204,6105;-259,1113;241,3952;164,5023;-122,5807;363,0406;204,997;0;0;0;599,277;-769,8785;264,9257;1459,832;-427,9754;-565,415;2108,002;-528,7921;-891,0728;2349,972;-1112,682;-687,7341;671,4877;-687,2784;150,1554;2363,406;-1805,416;15,2564;3539,458;-2305,867;-424,6423;4202,138;-2532,085;-688,2162;4753,551;-2676,035;-923,9401;762,0527;-585,7061;7,907151;2491,693;-1645,647;-199,5349;3037,538;-888,7817;-1177,913;3284,992;-381,4529;-1711,332;3432,575;104,4052;-2149,055;839,5123;-503,5707;-109,7957;2447,043;-1408,258;-369,8659;2926,151;-744,8845;-1227,822;2257,044;-443,4171;-1056,764;2190,249;-891,4819;-639,7125;917,132;-418,7007;-229,8867;2276,116;-1087,523;-530,0374;2664,252;-560,9435;-1216,028;2178,718;-343,194;-1091,052;2117,299;-749,0286;-712,728;12,62928;10,9942;1,918692;0,712477;60,63804;-18,96554;68,09437;57,22416;-17,23203;14,78508;3,938008;4,119131;-6,852345;83,55197;5,087426;5,157955;-12,07349;83,49255;103,3226;93,87175;-13,368;83,17043;103,312;94,14545;0;0;0;73,49509;-1,768112;20,63913;-1,753836;-1,586695;0;0;-14,05912;-12,65164;0;0;0;0;0;0;0;0;0;0;0;-3908,51;219,4038;599,2355;633,4124;569,284;0;0;632,5085;569,6479;0;0;0;0;0;0;0;0
48;768;00:00:00:768;0;0;0;-1,253509;1,282349;4,721588;1,488735;-1,703903;7,210715;0,247182;-5,576422;6,844141;-2,248576;-6,285281;5,106312;-1,281861;0,299709;4,123313;-4,31988;-3,23036;10,06946;-5,050178;-7,033159;13,36027;-5,254342;-9,06781;15,13168;-5,262324;-10,68909;16,55175;-1,344905;-0,953235;3,346967;-4,417045;-5,132741;8,835237;0,452696;-6,973819;10,98659;3,210671;-7,833785;11,97989;5,56207;-8,418825;12,64603;-1,463342;-2,073184;2,621865;-4,290532;-6,515536;7,144717;0,020261;-8,077397;9,095553;0,818526;-6,162396;7,219358;-1,662227;-5,74516;6,845187;-1,547092;-3,169282;1,92835;-3,907061;-7,595082;5,056922;-0,488194;-8,875134;6,609806;0,104309;-7,460934;5,276202;-2,143631;-7,080056;4,934739;-21,05227;-32,24867;85,62482;30,41521;52,64869;-10,99331;98,50961;52,64872;-10,9933;157,9203;53,09022;-11,04379;157,9202;53,09024;-11,04382;-21,43226;-32,24867;85,62482;-11,99237;-48,54549;94,9529;-7,234362;-48,69907;93,86059;-1,988055;-48,75523;92,36114;-2,252894;-48,74664;92,71339;-23,0094;-37,85345;88,36723;60,71844;-38,66232;88,59641;64,72082;-40,41086;89,70372;69,09666;-42,01662;90,36835;69,16589;-41,8144;90,26474;-25,33735;-43,86936;91,86902;57,75514;-42,7933;93,28171;160,2425;-44,54622;94,48535;-102,0608;-45,24236;89,08003;-102,1182;-45,50695;89,16071;-30,22236;-52,23015;98,3202;56,99823;-44,05571;93,77769;159,5574;-45,54342;94,84195;-102,3723;-46,26888;89,39027;-102,4364;-46,54631;89,47875;0;0;0;282,5753;-61,6414;-70,02773;45,43003;-128,9288;-72,83896;-102,7601;119,8267;75,86636;-55,00069;330,7723;173,285;213,5052;-6,7956;-32,3292;376,6718;227,1073;66,67287;320,5231;381,4021;154,371;280,3478;453,1769;196,8906;239,9226;501,4373;227,1248;126,5313;64,91151;16,50958;243,007;336,975;141,5571;-62,57464;101,7705;61,10094;-233,2187;-36,57956;13,70819;-376,4857;-158,7117;-28,25917;51,3191;133,1039;61,94257;110,6189;418,4554;201,5813;-154,8511;206,4878;127,7348;-154,6076;106,5587;75,99847;-4,716016;237,541;123,5406;-23,60195;197,7216;105,4867;-32,10052;478,2136;251,7608;-244,676;311,8363;194,3645;-243,0811;237,0157;155,4369;-107,1805;355,6214;198,4636;0;0;0;195,6282;-417,1625;135,7602;585,1639;-304,7325;-232,786;899,2001;-362,6732;-429,2529;1231,59;-504,7302;-549,6504;241,6749;-374,6637;72,40765;934,4014;-990,476;-30,38656;1232,291;-1544,48;-389,7407;1401,499;-1823,782;-600,0215;1543,911;-2031,729;-782,9789;299,7286;-322,0317;-6,824881;1019,089;-907,2218;-150,351;1275,423;-592,5292;-555,936;1393,666;-368,8869;-729,8317;1464,668;-152,9395;-838,1501;350,1107;-278,5821;-74,07331;1029,606;-779,4857;-244,7791;1253,667;-504,3439;-599,3506;968,3174;-330,5661;-502,8845;927,0316;-531,9728;-335,4556;400,2026;-234,1962;-141,7429;987,7462;-606,3079;-330,6756;1169,309;-388,1263;-614,7565;961,81;-262,7749;-543,9255;924,0124;-445,1523;-392,0045;12,62831;11,06371;1,91291;0,819828;60,63804;-18,96554;68,09437;59,45126;-17,74384;15,87646;3,938008;4,119226;-6,852345;83,55197;4,706694;4,815197;-12,07349;83,49255;103,3226;93,87175;-13,368;83,17043;103,312;94,14545;0;0;0;133,626;-30,70873;65,48241;0;0,005722;0;0;-22,84392;-20,56546;0;0;0;0;0;0;0;0;0;0;0;3607,855;-1736,437;2690,596;105,2301;95,54499;0;0;-527,0879;-474,829;0;0;0;0;0;0;0;0
49;784;00:00:00:784;0;0;0;-1,278417;1,395404;4,682692;1,374789;-1,598841;7,257252;0,058272;-5,451564;6,948159;-2,437191;-6,089194;5,182534;-1,320357;0,402544;4,102355;-4,494704;-2,953612;10,07791;-5,280267;-6,668756;13,45499;-5,512659;-8,658692;15,27311;-5,54217;-10,24606;16,73071;-1,400571;-0,863137;3,348584;-4,617333;-4,876338;8,877966;0,189931;-6,775275;11,11773;2,9152;-7,676669;12,1632;5,242139;-8,303981;12,87519;-1,534;-1,993795;2,642966;-4,50073;-6,292727;7,214767;-0,244358;-7,904964;9,242601;0,61337;-6,041893;7,340541;-1,854089;-5,581513;6,930766;-1,632606;-3,100724;1,968879;-4,116693;-7,418607;5,151695;-0,741897;-8,738491;6,766406;-0,106047;-7,361731;5,413724;-2,341859;-6,941803;5,039946;-21,90069;-31,24165;84,90369;28,93726;51,80304;-13,32913;97,03166;51,80307;-13,32912;157,4311;52,24363;-13,39724;157,431;52,24365;-13,39726;-22,28068;-31,24164;84,9037;-12,01526;-47,20033;94,23666;-7,265853;-47,35441;93,17257;-2,045165;-47,41157;91,7118;-2,29781;-47,40277;92,05499;-23,85442;-36,81267;87,71218;59,8696;-37,61879;87,95313;63,73093;-39,35454;89,077;67,96758;-40,9514;89,76746;68,03768;-40,75072;89,66028;-26,17112;-42,78917;91,27363;56,97146;-41,69871;92,64107;159,4684;-43,43964;93,85551;-102,9863;-44,1925;88,5637;-103,0458;-44,45613;88,64887;-30,99769;-51,08851;97,76083;56,21169;-42,95607;93,15166;158,7799;-44,43333;94,22408;-103,3062;-45,21537;88,89162;-103,3726;-45,49175;88,98486;0;0;0;286,4053;-73,93901;-65,99251;61,08338;-137,8359;-78,58858;-76,90179;108,4774;64,55875;-26,0529;310,0683;163,8878;219,1243;-17,98251;-30,09602;401,4054;196,8271;66,30447;356,904;341,801;148,5788;322,9937;408,8907;187,8798;287,5885;453,6808;215,2823;134,4131;55,09026;16,48472;271,0909;308,8661;137,765;-26,51712;83,52365;46,63548;-193,1008;-48,06773;-6,809905;-333,4782;-163,5729;-53,93511;61,18057;124,3866;59,99084;139,9021;393,9333;195,0525;-118,6252;190,6042;111,8849;-126,6061;96,1757;62,72801;21,76702;220,8578;114,6812;-11,78078;190,1453;101,6017;-3,085188;458,6988;242,7191;-210,0318;299,1661;177,8513;-214,4309;228,3206;140,8218;-79,91771;341,2216;187,851;0;0;0;229,8031;-737,8563;242,1133;939,2008;-534,4211;-344,9778;1551,497;-680,9563;-678,4565;1736,868;-1242,243;-563,8325;337,1458;-671,2146;133,991;1484,015;-1816,813;-22,10426;2182,85;-2376,065;-347,5341;2558,751;-2657,175;-540,6475;2859,953;-2865,392;-710,5493;472,9049;-589,2756;-1,491308;1685,031;-1686,533;-227,5293;2163,451;-1094,811;-867,9279;2407,075;-689,2902;-1231,086;2580,451;-291,672;-1540,556;591,6877;-523,0357;-117,1038;1756,991;-1471,327;-391,7284;2173,556;-953,016;-950,9954;1680,091;-622,9805;-796,2273;1588,982;-1000,992;-531,568;709,2703;-454,5765;-233,0968;1740,92;-1170,888;-542,4985;2078,652;-760,2109;-990,7922;1719,013;-521,7061;-876,905;1635,767;-863,9903;-636,7578;12,6602;11,09299;1,91156;0,869692;60,63804;-18,96554;68,09437;60,45347;-17,48789;16,56328;3,967337;4,145576;-6,852345;83,55197;4,560293;4,683455;-12,07349;83,49255;103,3226;93,87175;-13,368;83,17043;103,312;94,14545;0;0;0;60,13252;15,3566;41,2096;1,759744;1,580973;0;0;-8,784056;-7,904548;0;0;0;0;0;0;0;0;0;0;0;-4409,61;2763,919;-1456,368;105,5846;94,51502;0;0;843,5919;759,6547;0;0;0;0;0;0;0;0
50;800;00:00:00:800;0;0;0;-1,309259;1,693453;4,574621;1,122351;-1,300703;7,359519;-0,388821;-5,090842;7,206387;-2,874729;-5,613681;5,390282;-1,390435;0,676156;4,042797;-4,873425;-2,206468;10,09316;-5,821472;-5,710745;13,64918;-6,128733;-7,595009;15,56609;-6,209166;-9,103148;17,1037;-1,520305;-0,619996;3,350208;-5,070234;-4,178205;8,986216;-0,422543;-6,208162;11,43785;2,220419;-7,201833;12,60404;4,48569;-7,922526;13,41905;-1,697252;-1,776302;2,697726;-4,990843;-5,680601;7,397982;-0,873123;-7,406774;9,609954;0,125164;-5,688605;7,641228;-2,304483;-5,122416;7,146793;-1,838899;-2,909157;2,076448;-4,619969;-6,927192;5,403034;-1,357463;-8,33696;7,165771;-0,618954;-7,064722;5,763796;-2,820302;-6,549051;5,313176;-23,83641;-28,55634;82,86745;25,22813;49,67688;-19,20344;93,32253;49,67693;-19,20342;155,0839;50,11382;-19,31279;155,0839;50,11383;-19,31281;-24,21641;-28,55633;82,86745;-12,46201;-44,22137;92,44373;-7,527384;-44,38159;91,43688;-2,175611;-44,44419;90,05269;-2,403342;-44,4349;90,37796;-25,74603;-34,04658;85,80766;57,97392;-34,84594;86,07253;61,62749;-36,55183;87,22537;65,65132;-38,12823;87,96245;65,721;-37,931;87,84933;-27,98836;-39,93142;89,47339;55,27076;-38,81042;90,73895;157,8055;-40,52433;91,9667;-105,0211;-41,4;86,94516;-105,0834;-41,66129;87,03903;-32,58989;-48,09489;95,97218;54,51383;-40,05602;91,27573;157,1169;-41,5099;92,35655;-105,3521;-42,41393;87,30705;-105,4213;-42,68779;87,40938;0;0;0;287,8998;-80,72227;-63,65872;67,92015;-144,1396;-81,38081;-65,56721;100,9859;58,3177;-11,5354;300,1452;156,6537;221,4341;-24,15262;-28,83855;411,8948;180,2222;65,797;371,5674;313,4759;141,1635;339,9459;373,825;176,254;306,4258;412,961;199,8358;137,753;49,68439;16,38774;283,1082;293,482;135,2012;-10,7512;71,61098;38,7673;-175,4871;-57,46762;-17,06783;-314,5921;-170,4876;-65,78922;65,42004;119,6233;58,72482;152,5139;380,5647;190,8495;-102,748;180,2583;103,062;-114,2968;88,94551;55,457;33,27876;211,039;109,5464;-6,649911;186,0318;99,17;9,49274;448,1103;237,0328;-194,8097;290,9675;168,4553;-201,8096;222,3684;132,5705;-68,02406;332,9265;181,5386;0;0;0;89,66875;-406,9962;140,0274;410,2063;-378,2265;-167,5333;680,0751;-449,4917;-374,4632;871,05;-595,3845;-434,0458;138,5836;-370,2065;75,44785;629,3649;-996,2918;-30,44843;879,8032;-1699,509;-444,9191;1017,132;-2103,939;-697,546;1130,24;-2443,19;-926,7897;200,3989;-324,3517;-5,819052;721,0392;-923,0503;-153,825;945,9552;-714,7604;-472,0902;1056,821;-563,9934;-615,4756;1133,17;-414,8841;-711,2463;254,3682;-285,8011;-75,96159;756,7098;-802,1121;-252,1813;952,6283;-620,7568;-529,3715;738,5602;-433,8112;-436,2609;690,7043;-589,1275;-308,0835;307,8522;-246,8111;-145,9046;754,6756;-635,3101;-341,1812;913,3301;-491,9171;-563,7595;757,2813;-357,1315;-495,0771;713,6192;-497,7092;-378,7436;12,66882;11,13408;1,910982;0,94012;60,63804;-18,96554;68,09437;61,8454;-17,4278;17,87502;4,231007;4,382891;-6,852345;83,55197;4,325992;4,472513;-12,07349;83,49255;103,3226;93,87175;-13,368;83,17043;103,312;94,14545;0;0;0;83,51577;3,60569;78,70444;15,8202;14,23888;0;0;-14,05804;-12,65648;0;0;0;0;0;0;0;0;0;0;0;1402,995;-705,0544;2249,691;843,6272;759,4745;0;0;-316,4388;-285,1158;0;0;0;0;0;0;0;0
51;816;00:00:00:816;0;0;0;-1,328607;1,845955;4,509584;0,978138;-1,140724;7,406485;-0,635045;-4,890853;7,3264;-3,106717;-5,361764;5,476961;-1,430147;0,817884;4,002555;-5,079765;-1,811583;10,06999;-6,128106;-5,185793;13,72235;-6,483891;-7,004931;15,69303;-6,599257;-8,464457;17,27469;-1,585729;-0,49166;3,34116;-5,314909;-3,805087;9,010538;-0,761587;-5,897379;11,58384;1,833036;-6,934681;12,81856;4,061959;-7,699431;13,69158;-1,785079;-1,659137;2,715584;-5,253949;-5,349535;7,462329;-1,218416;-7,129958;9,780235;-0,144232;-5,491025;7,784091;-2,549772;-4,871607;7,23827;-1,948953;-2,803338;2,121145;-4,888614;-6,656808;5,505564;-1,692541;-8,109264;7,353299;-0,898649;-6,894241;5,930986;-3,078041;-6,330413;5,433741;-25,0194;-27,2179;81,84408;23,59705;48,35755;-22,01163;91,69147;48,3576;-22,01161;154,0272;48,7923;-22,1369;154,0271;48,79231;-22,13691;-25,39939;-27,2179;81,84406;-12,90085;-42,4951;91,47031;-7,891322;-42,66109;90,49351;-2,490932;-42,73045;89,14885;-2,705355;-42,71992;89,46488;-26,91267;-32,65552;84,87234;56,8044;-33,45027;85,15234;60,38079;-35,13678;86,32725;64,3233;-36,70005;87,09309;64,39285;-36,50492;86,97643;-29,12737;-38,4803;88,61667;54,1897;-37,34055;89,82893;156,7396;-39,03646;91,072;-106,267;-39,98844;86,1808;-106,331;-40,24814;86,28011;-33,6402;-46,55285;95,16765;53,432;-38,57811;90,3845;156,049;-40,01639;91,47709;-106,6051;-40,99624;86,56396;-106,6761;-41,26841;86,67196;0;0;0;289,7504;-98,60524;-57,1745;83,06644;-162,0279;-87,51685;-38,74166;79,3426;42,82406;16,07807;272,36;143,0725;225,6388;-40,56936;-25,26507;434,6181;135,3936;64,88254;405,5808;253,1354;129,0555;379,3225;305,3529;157,7454;349,5929;338,1428;175,9401;144,937;35,09592;16,29026;310,2822;251,5939;128,7062;25,99721;37,58418;19,55978;-133,8432;-85,94678;-43,24025;-269,3213;-193,3809;-97,70992;75,21519;106,5737;55,43918;181,9208;343,8371;179,8566;-65,02216;150,3668;81,02086;-85,00444;67,74824;37,41583;60,30243;183,4931;96,58473;5,727678;174,5377;92,71585;39,68929;418,6254;221,9525;-157,8757;266,8756;144,4934;-171,0351;204,5478;111,5662;-39,31748;309,3613;165,1448;0;0;0;111,0334;-1072,978;389,0533;908,7774;-1073,294;-368,1628;1609,533;-1298,599;-929,6187;1656,808;-1667,114;-814,8723;252,2836;-985,0043;214,409;1363,397;-2689,72;-54,86727;2040,806;-3620,427;-726,4766;2362,598;-4108,327;-1110,515;2590,021;-4489,092;-1433,742;431,0403;-875,3081;-5,848557;1630,441;-2513,282;-389,6978;2204,904;-2041,607;-1152,451;2498,631;-1708,749;-1570,345;2716,246;-1373,596;-1915,242;587,7088;-782,9739;-197,1381;1764,408;-2203,657;-659,5709;2263,552;-1793,486;-1322,471;1757,54;-1271,836;-1082,47;1621,42;-1652,749;-777,7015;742,6554;-689,6424;-387,2491;1811,793;-1769,094;-904,8199;2216,038;-1445,512;-1437,718;1846,466;-1069,233;-1260,26;1722,394;-1413,907;-983,6261;12,68901;11,15054;1,91119;0,970037;60,63804;-18,96554;68,09437;62,43002;-17,169;18,43556;4,348165;4,488382;-6,852345;83,55197;4,238083;4,393469;-12,07349;83,49255;103,3226;93,87175;-13,368;83,17043;103,312;94,14545;0;0;0;35,07706;15,52769;33,63213;7,029504;6,329498;0;0;-5,274524;-4,74266;0;0;0;0;0;0;0;0;0;0;0;-2906,323;715,3198;-2704,339;-527,4415;-474,563;0;0;527,0107;474,829;0;0;0;0;0;0;0;0
52;832;00:00:00:832;0;0;0;-1,410371;2,056421;4,392162;0,673489;-0,911001;7,471982;-1,083794;-4,596664;7,462971;-3,503198;-5,003689;5,531094;-1,534999;1,015489;3,917558;-5,495375;-1,251989;9,935992;-6,71738;-4,441695;13,69851;-7,156041;-6,168608;15,73437;-7,330089;-7,559177;17,37182;-1,719414;-0,309983;3,296535;-5,772579;-3,271695;8,938125;-1,398444;-5,444121;11,74522;1,102074;-6,540214;13,11584;3,258395;-7,366252;14,10733;-1,943132;-1,490614;2,704801;-5,719215;-4,871914;7,447342;-1,840849;-6,722124;9,969863;-0,633474;-5,198483;7,958563;-2,992009;-4,506854;7,30497;-2,131582;-2,64825;2,144647;-5,338242;-6,261673;5,55135;-2,268746;-7,768912;7,562584;-1,378113;-6,637201;6,128874;-3,514718;-6,008052;5,533901;-27,60646;-25,53119;80,74878;22,08659;45,68234;-25,36181;90,181;45,68238;-25,3618;153,1815;46,11475;-25,49734;153,1814;46,11477;-25,49737;-27,98645;-25,53119;80,74879;-14,41055;-40,14176;90,76864;-9,222899;-40,32699;89,83262;-3,684702;-40,41994;88,53796;-3,88215;-40,40459;88,84252;-29,52557;-30,8443;84,00281;54,18;-31,62747;84,31944;57,54763;-33,26777;85,56008;61,28407;-34,79834;86,40113;61,356;-34,60844;86,27479;-31,76802;-36,52352;87,97986;51,63883;-35,34165;89,09616;154,1886;-36,99239;90,39867;-109,0661;-38,11948;85,70002;-109,1359;-38,37518;85,81275;-36,28174;-44,36532;94,80609;50,86545;-36,5584;89,70495;153,483;-37,9574;90,8471;-109,4273;-39,11181;86,13573;-109,5046;-39,37962;86,25797;0;0;0;290,9113;-107,7553;-53,27231;91,71924;-171,6266;-90,33479;-23,96817;67,34327;35,62322;31,56506;258,0764;136,5971;228,0215;-49,07301;-22,85056;446,9985;111,7005;66,27246;426,1142;216,5387;123,569;404,0102;261,5983;147,9976;377,4542;288,5534;162,3112;148,8625;27,39578;16,83316;324,9627;229,2069;127,2469;46,33984;18,93724;10,80094;-110,7005;-101,9488;-55,46361;-244,1684;-206,7736;-112,4032;80,48481;99,54378;54,36771;197,7071;323,9732;175,9958;-44,30453;133,7579;70,80396;-68,84069;55,89343;28,84398;75,01971;168,4446;91,09618;12,3309;168,1886;90,03403;55,80798;402,4023;215,8006;-137,771;253,2139;133,2417;-154,2535;194,319;101,5348;-23,85315;296,243;157,9109;0;0;0;69,65303;-549,0067;234,1311;519,1676;-575,9246;-169,0757;886,4093;-719,9596;-432,0502;929,2197;-857,018;-388,5262;142,961;-510,2191;144,8702;742,8217;-1421,586;83,39523;1232,005;-2195,805;-329,1928;1481,26;-2625,279;-584,8717;1671,68;-2975,361;-817,7361;235,528;-462,0087;32,57409;880,8303;-1343,222;-87,56088;1220,558;-1118,816;-525,5305;1388,563;-960,1181;-733,4019;1509,171;-803,5662;-881,5991;316,1773;-421,7952;-64,2879;947,1816;-1191,835;-231,652;1243,058;-996,5371;-613,0134;969,8252;-711,2881;-514,3109;883,0376;-902,9117;-329,3134;396,1931;-380,9473;-160,9089;967,1214;-973,3857;-369,1091;1206,282;-819,7045;-675,0984;1006,901;-613,7287;-601,8862;927,8598;-787,0959;-434,0336;12,70348;11,17375;1,911753;1,004433;60,63804;-18,96554;68,09437;63,09816;-16,83403;19,44887;4,582617;4,699279;-6,852345;83,55197;4,033083;4,208916;-12,07349;83,49255;103,3226;93,87175;-13,368;83,17043;103,312;94,14545;0;0;0;40,08819;20,09846;60,79879;14,06711;12,65382;0;0;-12,29999;-11,07319;0;0;0;0;0;0;0;0;0;0;0;300,6681;274,2462;1630;422,256;379,4591;0;0;-421,5282;-379,8316;0;0;0;0;0;0;0;0
53;848;00:00:00:848;0;0;0;-1,45047;2,219701;4,298623;0,490285;-0,706914;7,508257;-1,360507;-4,346055;7,56708;-3,748349;-4,75336;5,596381;-1,591643;1,16868;3,851696;-5,736471;-0,820447;9,844304;-7,104091;-3,833339;13,70127;-7,617606;-5,471033;15,79259;-7,849023;-6,7947;17,47769;-1,796754;-0,169487;3,265358;-6,044114;-2,861114;8,899407;-1,78812;-5,058749;11,86406;0,651739;-6,177464;13,32289;2,761853;-7,02974;14,38879;-2,038052;-1,361074;2,703233;-6,000079;-4,505421;7,457084;-2,225228;-6,377051;10,11709;-0,936472;-4,944095;8,089696;-3,261979;-4,213161;7,364456;-2,244183;-2,529635;2,172779;-5,614566;-5,95958;5,610963;-2,628414;-7,483302;7,732237;-1,678615;-6,41702;6,286401;-3,785172;-5,752351;5,626449;-29,2662;-24,08895;79,991;20,76151;43,82106;-27,74918;88,8559;43,82109;-27,74917;151,7693;44,25117;-27,89428;151,7693;44,25119;-27,89431;-29,64619;-24,08895;79,99099;-15,59471;-38,00162;89,97164;-10,3666;-38,20189;89,06877;-4,81179;-38,31501;87,81534;-4,994708;-38,29516;88,11044;-31,16726;-29,31729;83,37144;52,5353;-30,09239;83,70888;55,85561;-31,70203;84,98312;59,53819;-33,21139;85,86238;59,60969;-33,02476;85,73154;-33,38089;-34,9003;87,46711;50,08702;-33,69391;88,52128;152,6523;-35,31572;89,85081;-110,7912;-36,54838;85,29206;-110,8628;-36,80129;85,41199;-37,80562;-42,5969;94,40054;49,31256;-34,89686;89,15751;151,9444;-36,27084;90,32132;-111,1599;-37,52998;85,75587;-111,2392;-37,79479;85,88564;0;0;0;295,8171;-120,3833;-46,22696;109,9981;-185,41;-94,26462;2,956766;49,69194;27,42899;55,15722;236,4892;133,5084;234,3126;-60,92934;-17,75072;471,9351;78,12485;74,31234;464,171;170,9449;125,4682;448,4781;209,7531;146,092;426,5845;231,864;157,008;156,8836;16,49514;19,51063;352,4229;197,2034;131,5917;84,5513;-8,258252;1,117766;-66,87139;-125,6085;-73,11549;-196,032;-226,7646;-136,8741;89,96798;89,43237;55,01468;225,6231;295,3159;176,895;-6,958555;109,2878;59,42635;-39,48614;38,34092;18,37568;101,554;146,5594;87,09414;23,28865;158,8833;88,62395;82,78564;378,6942;213,0535;-103,1987;232,7928;120,6846;-125,4856;178,8966;89,6615;2,347514;276,9014;151,9013;0;0;0;294,3492;-757,6754;422,7215;1096,733;-827,0023;-235,7901;1615,496;-1059,08;-491,6541;1415,529;-1295,232;-185,3192;377,4676;-711,3801;305,9904;1496,195;-2014,536;482,3927;2283,408;-2735,627;113,951;2668,075;-3110,708;-114,3372;2947,819;-3401,367;-318,1901;481,2648;-654,0386;160,6482;1647,613;-1920,211;260,6864;2292,688;-1631,73;-580,9905;2629,746;-1419,586;-1059,113;2888,184;-1199,459;-1468,252;568,9902;-606,6846;38,81764;1674,959;-1719,438;53,95531;2240,759;-1468,203;-682,6569;1761,273;-1053,151;-628,0981;1592,055;-1313,111;-240,1221;657,465;-558,3185;-84,60509;1618,659;-1422,482;-164,8292;2074,338;-1225,267;-753,4246;1726,071;-925,3434;-712,3961;1572,04;-1160,501;-360,5775;12,73374;11,17457;1,911665;1,000122;60,63804;-18,96554;68,09437;63,01464;-16,3052;19,59269;4,670512;4,778482;-6,852345;83,55197;3,974537;4,156145;-12,07349;83,49255;103,3226;93,87175;-13,368;83,17043;103,312;94,14545;0;0;0;-5,011138;31,72954;8,629189;5,273723;4,752187;0;0;-3,512778;-3,166265;0;0;0;0;0;0;0;0;0;0;0;-2705,96;697,8652;-3130,176;-527,6029;-474,0978;0;0;527,233;474,4153;0;0;0;0;0;0;0;0
54;864;00:00:00:864;0;0;0;-1,41522;2,339844;4,246336;0,444609;-0,564823;7,52312;-1,490373;-4,158226;7,647732;-3,880658;-4,558692;5,678594;-1,579018;1,283475;3,820222;-5,79212;-0,486649;9,833874;-7,234254;-3,387591;13,74908;-7,782903;-4,970432;15,87346;-8,038819;-6,254143;17,58571;-1,81286;-0,061268;3,260277;-6,143382;-2,538496;8,929256;-1,951082;-4,773076;11,95639;0,454567;-5,919057;13,45045;2,537484;-6,799921;14,54618;-2,079569;-1,258168;2,721405;-6,131933;-4,21245;7,520807;-2,411894;-6,116261;10,23464;-1,082366;-4,755134;8,184218;-3,387447;-3,985547;7,434182;-2,310711;-2,432223;2,213884;-5,773119;-5,712477;5,706274;-2,831395;-7,26129;7,871008;-1,851498;-6,246963;6,407975;-3,939482;-5,547343;5,72551;-29,75243;-22,98633;78,85731;19,51197;43,05211;-29,93621;87,60638;43,05214;-29,93619;150,3466;43,47984;-30,09232;150,3466;43,47985;-30,09236;-30,13242;-22,98633;78,85731;-15,77753;-36,81161;88,81319;-10,45616;-37,01428;87,92543;-4,828547;-37,12925;86,69215;-5,003798;-37,10933;86,98255;-31,60052;-28,19025;82,25199;52,10643;-28,96312;82,59237;55,39048;-30,56476;83,86546;59,03344;-32,06812;84,74801;59,10289;-31,88245;84,61685;-33,74223;-33,74902;86,34301;49,75581;-32,5374;87,37438;152,3474;-34,1531;88,69669;-111,2132;-35,40913;84,2121;-111,2832;-35,66132;84,33259;-38,0181;-41,4181;93,21487;48,99224;-33,73734;88,01023;151,6476;-35,10619;89,16659;-111,5756;-36,38799;84,67801;-111,6531;-36,65206;84,80818;0;0;0;298,223;-130,1801;-40,61461;120,9904;-197,6552;-96,4411;19,5595;34,65537;21,18243;69,47355;221,2629;129,9097;237,7112;-70,1208;-13,79898;486,4009;52,23234;79,81364;487,5845;133,8533;125,1536;476,533;166,7;142,216;458,2353;184,1223;149,9371;161,524;8,065417;21,38125;368,715;172,5685;133,9147;107,9318;-31,38055;-6,012797;-39,8799;-147,3651;-85,35334;-166,317;-246,9549;-153,2879;95,66314;81,65999;55,10881;242,4749;273,3263;176,3105;16,10415;88,58344;50,59299;-21,30628;23,07763;10,50773;117,7521;128,9378;83,52496;30,04468;151,7664;86,93604;99,36511;360,5686;209,4767;-81,61863;215,6562;110,5054;-107,4555;165,6857;80,20989;18,57474;261,5593;146,3484;0;0;0;144,3572;-587,8093;336,7406;659,5344;-734,7142;-130,5889;996,1639;-902,1944;-374,7932;858,9799;-913,5732;-215,9228;203,9194;-551,4868;237,1045;867,9485;-1553,55;330,078;1404,811;-2225,494;-18,87703;1683,294;-2583,189;-232,5582;1899,044;-2864,496;-424,2561;278,4254;-505,783;112,237;977,5242;-1478,092;139,384;1402,831;-1387,338;-427,8337;1619,49;-1305,395;-734,2708;1782,903;-1211,419;-984,8263;341,7095;-466,3428;5,648016;1011,108;-1319,374;-35,0697;1383,762;-1242,263;-530,0016;1090,792;-915,7972;-472,0768;971,8901;-1057,297;-214,1504;405,3621;-427,0113;-101,2741;994,7679;-1087,536;-214,6082;1294,804;-1028,196;-610,7526;1081,807;-792,6542;-567,0966;973,6337;-920,5226;-333,1732;12,72573;11,17362;1,911502;0,99151;60,63804;-18,96554;68,09437;62,8476;-16,27392;19,7108;4,787738;4,883911;-6,852345;83,55197;3,915967;4,103508;-12,07349;83,49255;103,3226;93,87175;-13,368;83,17043;103,312;94,14545;0;0;0;-10,02205;1,876831;7,086639;7,033567;6,325721;0;0;-3,514209;-3,158226;0;0;0;0;0;0;0;0;0;0;0;-300,6546;-1791,163;-92,55297;105,5906;94,41203;0;0;-0,085831;0,482368;0;0;0;0;0;0;0;0
55;880;00:00:00:880;0;0;0;-1,360057;2,58567;4,119909;0,396636;-0,21128;7,544009;-1,648009;-3,733872;7,832122;-4,047997;-4,192286;5,887576;-1,554412;1,515283;3,744652;-5,844077;0,168827;9,813705;-7,402055;-2,489209;13,85494;-7,992413;-3,951381;16,05333;-8,266535;-5,144967;17,82687;-1,827071;0,152615;3,249329;-6,254366;-1,912986;9,007782;-2,144778;-4,124012;12,16293;0,218567;-5,268529;13,72411;2,269069;-6,157938;14,8728;-2,128138;-1,060431;2,767699;-6,2885;-3,653074;7,682296;-2,639546;-5,534769;10,50586;-1,260654;-4,316092;8,399188;-3,538023;-3,514197;7,599951;-2,393081;-2,250223;2,316471;-5,968464;-5,249846;5,944696;-3,084355;-6,780188;8,198273;-2,067929;-5,868525;6,693192;-4,130721;-5,139793;5,966043;-30,65703;-20,31638;77,44131;16,51214;41,34958;-33,70164;84,60654;41,34961;-33,70163;146,6094;41,77075;-33,88333;146,6094;41,77076;-33,88336;-31,03702;-20,31638;77,44133;-16,36402;-34,02205;87,31442;-10,62741;-34,23232;86,45965;-4,650525;-34,35085;85,26913;-4,80877;-34,33167;85,54966;-32,36366;-25,47515;80,84671;51,3563;-26,24401;81,19019;54,69809;-27,83162;82,45348;58,37949;-29,32602;83,33212;58,44291;-29,14163;83,20218;-34,31815;-30,99243;84,90159;49,24426;-29,77268;85,88927;151,9021;-31,37909;87,18788;-111,9209;-32,67205;82,85855;-111,9861;-32,92302;82,97887;-38,22368;-38,62337;91,59724;48,51017;-30,96797;86,51846;151,2247;-32,32921;87,65159;-112,2646;-33,64624;83,32357;-112,3367;-33,90903;83,45326;0;0;0;296,108;-137,3887;-37,47743;123,7309;-206,1807;-97,33289;27,35147;23,38569;16,34332;75,71954;208,6723;126,3584;236,9537;-77,00848;-11,91055;489,7398;32,20444;80,43945;495,4121;107,8165;122,5426;486,6014;136,5222;137,2679;469,9961;150,0671;142,5692;162,4903;1,572243;21,68617;374,6711;153,2115;132,1238;117,7096;-48,52096;-11,55259;-28,04959;-162,8696;-93,00658;-152,8548;-260,7441;-162,7314;98,15421;75,48566;54,01846;250,3861;255,748;172,4871;27,3041;72,93601;43,5394;-12,55265;11,73998;4,83638;125,2803;115,281;79,34144;34,03639;145,9217;84,4697;108,8783;345,7424;203,7581;-69,43979;202,3354;102,1792;-97,08253;155,4823;72,91544;27,83333;249,2588;140,4047;0;0;0;-126,8992;-432,5144;188,2308;164,4337;-511,5287;-53,50721;467,5183;-676,1808;-290,3464;374,7596;-755,4388;-213,0775;-45,45307;-413,2615;113,3059;200,3374;-1201,674;37,54806;469,654;-1562,207;-156,6574;604,1021;-1810,666;-296,8883;705,6484;-2043,316;-442,071;57,97934;-389,5905;18,29535;357,3661;-1161,423;-107,4572;586,6649;-1028,425;-332,3874;709,8183;-930,268;-459,1941;807,7297;-827,3492;-566,6113;149,4641;-370,4599;-65,42122;474,6737;-1054,697;-229,4039;671,9972;-938,8453;-423,2152;525,2177;-680,2591;-340,2811;451,6876;-819,4084;-251,0118;239,5025;-350,6841;-147,9807;570,7916;-889,5721;-343,1167;730,7302;-799,2439;-499,5746;622,378;-612,2038;-437,6667;555,5151;-738,0294;-356,6201;12,69844;11,15811;1,911048;0,954343;60,63804;-18,96554;68,09437;62,12379;-16,25668;19,56394;5,256541;5,305814;-6,852345;83,55197;3,915967;4,103508;-12,07349;83,49255;103,3226;93,87175;-13,368;83,17043;103,312;94,14545;0;0;0;-43,42895;1,034431;-8,811607;28,12815;25,31416;0;0;0;0;0;0;0;0;0;0;0;0;0;0;0;-2004,414;-50,54396;-953,8947;1265,675;1139,306;0;0;210,8525;189,4935;0;0;0;0;0;0;0;0
56;896;00:00:00:896;0;0;0;-1,360057;2,58567;4,119909;0,396636;-0,21128;7,544009;-1,648009;-3,733872;7,832122;-4,047997;-4,192286;5,887576;-1,554412;1,515283;3,744652;-5,844077;0,168827;9,813705;-7,402055;-2,489209;13,85494;-7,992413;-3,951381;16,05333;-8,266535;-5,144967;17,82687;-1,827071;0,152615;3,249329;-6,254366;-1,912986;9,007782;-2,144778;-4,124012;12,16293;0,218567;-5,268529;13,72411;2,269069;-6,157938;14,8728;-2,128138;-1,060431;2,767699;-6,2885;-3,653074;7,682296;-2,639546;-5,534769;10,50586;-1,260654;-4,316092;8,399188;-3,538023;-3,514197;7,599951;-2,393081;-2,250223;2,316471;-5,968464;-5,249846;5,944696;-3,084355;-6,780188;8,198273;-2,067929;-5,868525;6,693192;-4,130721;-5,139793;5,966043;-30,65703;-20,31638;77,44131;16,51214;41,34958;-33,70164;84,60654;41,34961;-33,70163;146,6094;41,77075;-33,88333;146,6094;41,77076;-33,88336;-31,03702;-20,31638;77,44133;-16,36402;-34,02205;87,31442;-10,62741;-34,23232;86,45965;-4,650525;-34,35085;85,26913;-4,80877;-34,33167;85,54966;-32,36366;-25,47515;80,84671;51,3563;-26,24401;81,19019;54,69809;-27,83162;82,45348;58,37949;-29,32602;83,33212;58,44291;-29,14163;83,20218;-34,31815;-30,99243;84,90159;49,24426;-29,77268;85,88927;151,9021;-31,37909;87,18788;-111,9209;-32,67205;82,85855;-111,9861;-32,92302;82,97887;-38,22368;-38,62337;91,59724;48,51017;-30,96797;86,51846;151,2247;-32,32921;87,65159;-112,2646;-33,64624;83,32357;-112,3367;-33,90903;83,45326;0;0;0;292,7982;-152,1383;-29,89179;126,6094;-227,3933;-98,58624;36,80965;-2,07556;5,279928;85,75985;186,6879;113,8195;235,4774;-90,91699;-7,376365;492,8572;-7,124092;81,64952;505,4801;53,91363;116,1909;499,1719;75,37912;126,4754;483,659;83,51656;128,0998;163,343;-11,26071;22,34302;381,3301;115,6808;127,4122;129,3313;-87,46475;-23,94452;-13,88962;-201,9012;-109,4263;-136,7499;-299,263;-182,3286;101,0683;63,62141;51,24083;259,7802;222,1855;162,7978;40,96326;38,0465;27,2668;-1,855334;-14,60257;-8,061781;134,3148;87,00002;69,39532;38,97857;135,0017;78,31451;120,599;317,9846;189,4527;-54,26217;173,4693;82,54327;-84,09665;132,776;55,80242;39,30766;224,8059;125,9728;0;0;0;-198,5879;-884,9752;455,1387;172,7056;-1272,753;-75,20126;567,4907;-1527,675;-663,8036;602,4184;-1319,064;-752,3324;-88,5787;-834,5103;272,0511;187,0422;-2359,712;72,60489;604,082;-3234,174;-381,104;754,2314;-3668,584;-647,5496;819,7747;-3993,031;-868,1666;51,16081;-769,9769;39,41103;399,5418;-2251,838;-282,6919;697,3056;-2336,627;-743,5163;849,598;-2341,899;-985,186;966,294;-2311,136;-1175,833;174,8468;-711,855;-166,6574;563,6415;-2013,751;-581,3605;819,5497;-2093,37;-976,356;641,8391;-1580,553;-773,8896;542,0729;-1696,859;-596,7672;296,5309;-655,1985;-369,3116;703,2415;-1665,469;-858,3204;910,6575;-1731,967;-1178,155;779,1527;-1362,38;-1026,782;688,4599;-1467,178;-865,9172;12,69844;11,15811;1,911048;0,954343;60,63804;-18,96554;68,09437;62,12379;-16,25668;19,56394;5,256541;5,305814;-6,852345;83,55197;3,915967;4,103508;-12,07349;83,49255;103,3226;93,87175;-13,368;83,17043;103,312;94,14545;0;0;0;0;0;0;0;0;0;0;0;0;0;0;0;0;0;0;0;0;0;0;0;2605,737;-62,06588;528,6964;-1687,689;-1518,849;0;0;0;0;0;0;0;0;0;0;0;0
57;912;00:00:00:912;0;0;0;-1,360057;2,58567;4,119909;0,396636;-0,21128;7,544009;-1,648009;-3,733872;7,832122;-4,047997;-4,192286;5,887576;-1,554412;1,515283;3,744652;-5,844077;0,168827;9,813705;-7,402055;-2,489209;13,85494;-7,992413;-3,951381;16,05333;-8,266535;-5,144967;17,82687;-1,827071;0,152615;3,249329;-6,254366;-1,912986;9,007782;-2,144778;-4,124012;12,16293;0,218567;-5,268529;13,72411;2,269069;-6,157938;14,8728;-2,128138;-1,060431;2,767699;-6,2885;-3,653074;7,682296;-2,639546;-5,534769;10,50586;-1,260654;-4,316092;8,399188;-3,538023;-3,514197;7,599951;-2,393081;-2,250223;2,316471;-5,968464;-5,249846;5,944696;-3,084355;-6,780188;8,198273;-2,067929;-5,868525;6,693192;-4,130721;-5,139793;5,966043;-30,65703;-20,31638;77,44131;16,51214;41,34958;-33,70164;84,60654;41,34961;-33,70163;146,6094;41,77075;-33,88333;146,6094;41,77076;-33,88336;-31,03702;-20,31638;77,44133;-16,36402;-34,02205;87,31442;-10,62741;-34,23232;86,45965;-4,650525;-34,35085;85,26913;-4,80877;-34,33167;85,54966;-32,36366;-25,47515;80,84671;51,3563;-26,24401;81,19019;54,69809;-27,83162;82,45348;58,37949;-29,32602;83,33212;58,44291;-29,14163;83,20218;-34,31815;-30,99243;84,90159;49,24426;-29,77268;85,88927;151,9021;-31,37909;87,18788;-111,9209;-32,67205;82,85855;-111,9861;-32,92302;82,97887;-38,22368;-38,62337;91,59724;48,51017;-30,96797;86,51846;151,2247;-32,32921;87,65159;-112,2646;-33,64624;83,32357;-112,3367;-33,90903;83,45326;0;0;0;292,7982;-152,1383;-29,89179;126,6094;-227,3933;-98,58624;36,80965;-2,07556;5,279928;85,75985;186,6879;113,8195;235,4774;-90,91699;-7,376365;492,8572;-7,124092;81,64952;505,4801;53,91363;116,1909;499,1719;75,37912;126,4754;483,659;83,51656;128,0998;163,343;-11,26071;22,34302;381,3301;115,6808;127,4122;129,3313;-87,46475;-23,94452;-13,88962;-201,9012;-109,4263;-136,7499;-299,263;-182,3286;101,0683;63,62141;51,24083;259,7802;222,1855;162,7978;40,96326;38,0465;27,2668;-1,855334;-14,60257;-8,061781;134,3148;87,00002;69,39532;38,97857;135,0017;78,31451;120,599;317,9846;189,4527;-54,26217;173,4693;82,54327;-84,09665;132,776;55,80242;39,30766;224,8059;125,9728;0;0;0;0;0;0;0;0;0;0;0;0;0;0;0;0;0;0;0;0;0;0;0;0;0;0;0;0;0;0;0;0;0;0;0;0;0;0;0;0;0;0;0;0;0;0;0;0;0;0;0;0;0;0;0;0;0;0;0;0;0;0;0;0;0;0;0;0;0;0;0;0;0;0;0;12,69844;11,15811;1,911048;0,954343;60,63804;-18,96554;68,09437;62,12379;-16,25668;19,56394;5,256541;5,305814;-6,852345;83,55197;3,915967;4,103508;-12,07349;83,49255;103,3226;93,87175;-13,368;83,17043;103,312;94,14545;0;0;0;0;0;0;0;0;0;0;0;0;0;0;0;0;0;0;0;0;0;0;0;0;0;0;0;0;0;0;0;0;0;0;0;0;0;0;0;0
58;928;00:00:00:928;0;0;0;-1,241783;3,116556;3,775467;0,206845;0,582251;7,53208;-2,119518;-2,719517;8,130913;-4,553477;-3,393425;6,294332;-1,512706;2,029864;3,510851;-6,033314;1,688155;9,551953;-8,038175;-0,147154;13,8457;-8,803576;-1,209205;16,21331;-9,168422;-2,11176;18,1362;-1,882352;0,646468;3,1557;-6,590679;-0,431169;8,960679;-2,744267;-2,595771;12,46095;-0,512205;-3,741254;14,20405;1,43973;-4,653732;15,49727;-2,26863;-0,584959;2,797281;-6,734003;-2,297502;7,828317;-3,312697;-4,136299;10,94947;-1,793054;-3,264617;8,768778;-3,980084;-2,381196;7,817626;-2,617737;-1,792817;2,46772;-6,503535;-4,094064;6,28216;-3,803306;-5,587733;8,775419;-2,683146;-4,926759;7,21405;-4,663845;-4,124555;6,349063;-33,84235;-14,69086;73,87456;11,41599;36,33522;-41,42834;79,51036;36,33526;-41,42835;137,2185;36,74266;-41,64351;137,2185;36,74266;-41,64352;-34,22234;-14,69086;73,87456;-20,09891;-25,87752;82,44897;-12,8925;-26,13428;81,67892;-5,654351;-26,29321;80,58894;-5,768547;-26,27008;80,84685;-35,27725;-19,67544;77,4407;48,46564;-20,42765;77,81074;52,03273;-21,95763;79,10036;55,88904;-23,41502;80,01009;55,94133;-23,23576;79,878;-36,88818;-25,01538;81,58394;46,81199;-23,75961;82,4601;149,5901;-25,31837;83,76121;-114,7654;-26,77509;79,74477;-114,8229;-27,02073;79,872;-40,14298;-32,42409;88,18797;46,12792;-24,93105;83,1105;148,9489;-26,25198;84,24051;-115,0797;-27,72886;80,23625;-115,1434;-27,98606;80,37259;0;0;0;292,7982;-152,1383;-29,89179;126,6094;-227,3933;-98,58624;36,80965;-2,07556;5,279928;76,05461;180,772;122,021;235,4774;-90,91699;-7,376365;492,8572;-7,124092;81,64952;517,0251;64,493;122,7989;516,92;87,19231;135,3206;506,4232;93,42372;137,1756;163,343;-11,26071;22,34302;381,3301;115,6808;127,4122;129,3313;-87,46475;-23,94452;-13,83236;-201,9178;-109,7966;-136,5951;-299,2632;-183,2764;101,0683;63,62141;51,24083;259,7802;222,1855;162,7978;40,96326;38,0465;27,2668;-1,855334;-14,60257;-8,061781;134,3148;87,00002;69,39532;38,97857;135,0017;78,31451;120,599;317,9846;189,4527;-54,26217;173,4693;82,54327;-84,09665;132,776;55,80242;39,30766;224,8059;125,9728;0;0;0;0;0;0;0;0;0;0;0;0;-582,314;-354,9557;492,0859;0;0;0;0;0;0;692,6965;634,7619;396,4784;1064,884;708,7912;530,7126;1365,852;594,4297;544,5477;0;0;0;0;0;0;0;0;0;3,43591;-0,997066;-22,21441;9,292602;-0,011444;-56,86784;0;0;0;0;0;0;0;0;0;0;0;0;0;0;0;0;0;0;0;0;0;0;0;0;0;0;0;0;0;0;12,77381;11,05446;1,91672;0,741435;60,63804;-18,96554;68,09437;57,83662;-13,76713;17,2127;6,868185;6,756157;-6,852345;83,55197;4,033083;4,208916;-12,07349;83,49255;103,3226;93,87175;-13,368;83,17043;103,312;94,14545;0;0;0;-257,2302;149,3734;-141,0744;96,69862;87,02061;0;0;7,026987;6,324491;0;0;0;0;0;0;0;0;0;0;0;-15433,81;8962,401;-8464,464;5801,917;5221,237;0;0;421,6192;379,4695;0;0;0;0;0;0;0;0
59;944;00:00:00:944;0;0;0;-1,241783;3,116556;3,775467;0,206845;0,582251;7,53208;-2,119518;-2,719517;8,130913;-4,553477;-3,393425;6,294332;-1,512706;2,029864;3,510851;-6,033314;1,688155;9,551953;-8,038175;-0,147154;13,8457;-8,803576;-1,209205;16,21331;-9,168422;-2,11176;18,1362;-1,882352;0,646468;3,1557;-6,590679;-0,431169;8,960679;-2,744267;-2,595771;12,46095;-0,512205;-3,741254;14,20405;1,43973;-4,653732;15,49727;-2,26863;-0,584959;2,797281;-6,734003;-2,297502;7,828317;-3,312697;-4,136299;10,94947;-1,793054;-3,264617;8,768778;-3,980084;-2,381196;7,817626;-2,617737;-1,792817;2,46772;-6,503535;-4,094064;6,28216;-3,803306;-5,587733;8,775419;-2,683146;-4,926759;7,21405;-4,663845;-4,124555;6,349063;-33,84235;-14,69086;73,87456;11,41599;36,33522;-41,42834;79,51036;36,33526;-41,42835;137,2185;36,74266;-41,64351;137,2185;36,74266;-41,64352;-34,22234;-14,69086;73,87456;-20,09891;-25,87752;82,44897;-12,8925;-26,13428;81,67892;-5,654351;-26,29321;80,58894;-5,768547;-26,27008;80,84685;-35,27725;-19,67544;77,4407;48,46564;-20,42765;77,81074;52,03273;-21,95763;79,10036;55,88904;-23,41502;80,01009;55,94133;-23,23576;79,878;-36,88818;-25,01538;81,58394;46,81199;-23,75961;82,4601;149,5901;-25,31837;83,76121;-114,7654;-26,77509;79,74477;-114,8229;-27,02073;79,872;-40,14298;-32,42409;88,18797;46,12792;-24,93105;83,1105;148,9489;-26,25198;84,24051;-115,0797;-27,72886;80,23625;-115,1434;-27,98606;80,37259;0;0;0;285,7018;-183,9914;-9,225278;137,9968;-275,0052;-97,87049;65,10019;-62,9369;-12,64751;106,3835;132,8403;97,61559;232,975;-121,7918;6,6517;504,2115;-98,2838;97,35466;555,1923;-76,03032;123,3536;565,5898;-77,33826;125,722;560,5364;-88,5687;118,6158;166,6599;-40,89192;27,96073;401,5089;26,77181;130,2384;165,3007;-179,1593;-41,82601;30,01399;-293,5543;-138,5929;-86,83473;-389,5156;-220,7447;109,4978;35,09312;49,46588;286,5103;140,8512;154,0365;81,35231;-45,86166;0,64981;30,08866;-77,69103;-30,23721;160,8385;19,01993;56,33479;52,45793;107,5574;69,23959;152,7032;248,6377;169,2049;-11,12515;101,922;47,91453;-47,18364;76,27003;24,55097;71,29513;163,8915;102,9915;0;0;0;-425,786;-1911,187;1239,99;683,2466;-2856,713;42,94502;1697,432;-3651,68;-1075,646;1819,731;-2875,898;-1464,323;-150,1436;-1852,49;841,6838;681,2553;-5469,582;942,3082;2290,028;-8431,398;33,28657;2920,186;-9871,833;-575,9131;3246,792;-10919,55;-1113,589;199,0135;-1777,872;337,0626;1210,726;-5334,54;169,5692;2158,16;-5501,671;-1072,889;2630,781;-5498,189;-1727,777;2985,619;-5415,144;-2248,1;505,7709;-1711,697;-106,4973;1603,811;-4880,062;-525,675;2423,343;-5034,489;-1597,019;1916,64;-3785,307;-1330,526;1591,419;-4078,804;-783,6313;808,7612;-1646,662;-544,4948;1926,255;-4160,815;-1214,869;2588,221;-4292,836;-2077,725;2214,78;-3390,356;-1875,086;1919,248;-3654,861;-1378,873;12,77381;11,05446;1,91672;0,741435;60,63804;-18,96554;68,09437;57,83662;-13,76713;17,2127;6,868185;6,756157;-6,852345;83,55197;4,033083;4,208916;-12,07349;83,49255;103,3226;93,87175;-13,368;83,17043;103,312;94,14545;0;0;0;0;0;0;0;0;0;0;0;0;0;0;0;0;0;0;0;0;0;0;0;15433,81;-8962,401;8464,464;-5801,917;-5221,237;0;0;-421,6192;-379,4695;0;0;0;0;0;0;0;0
60;960;00:00:01:000;0;0;0;-1,190072;3,341341;3,59559;0,079068;0,935638;7,498824;-2,390639;-2,239018;8,201921;-4,860765;-3,093077;6,493004;-1,499413;2,254715;3,376792;-6,150465;2,38308;9,326484;-8,305855;0,908672;13,6859;-9,105248;0,014708;16,11101;-9,461098;-0,770831;18,08623;-1,917575;0,871501;3,079449;-6,781216;0,261409;8,82403;-3,096628;-1,882341;12,50648;-0,94396;-3,029112;14,34592;0,949223;-3,953142;15,71601;-2,346132;-0,359541;2,771288;-6,977247;-1,650167;7,778357;-3,69653;-3,470214;11,05745;-2,099382;-2,765239;8,871882;-4,229317;-1,842966;7,832165;-2,73718;-1,567137;2,491647;-6,78874;-3,526794;6,324366;-4,201786;-5,00414;8,944242;-3,024674;-4,463867;7,378345;-4,953506;-3,626654;6,433052;-35,85239;-12,42725;72,05238;9,976264;33,58748;-44,54716;78,07065;33,58752;-44,54718;131,3024;33,99045;-44,7674;131,3024;33,99045;-44,76742;-36,23239;-12,42725;72,05238;-21,67624;-22,61084;80,32664;-13,34823;-22,88685;79,58424;-5,122695;-23,05412;78,52365;-5,221173;-23,03318;78,77523;-37,18222;-17,29257;75,75127;46,56897;-18,03284;76,14207;50,29386;-19,52263;77,46431;54,28103;-20,95407;78,40525;54,32917;-20,77829;78,27009;-38,66626;-22,50661;80,00701;45,09096;-21,22707;80,82517;147,9131;-22,75005;82,15086;-116,655;-24,31833;78,26638;-116,7102;-24,56012;78,39983;-41,69146;-29,74385;86,69413;44,42406;-22,38028;81,5008;147,2837;-23,67067;82,64989;-116,9605;-25,25723;78,78194;-117,0217;-25,51034;78,92464;0;0;0;285,7018;-183,9914;-9,225278;137,9968;-275,0052;-97,87049;65,10019;-62,9369;-12,64751;96,86475;125,7266;106,1887;232,975;-121,7918;6,6517;504,2115;-98,2838;97,35466;559,6869;-75,78008;124,4915;572,6583;-79,99068;126,1322;569,8398;-95,41338;116,9255;166,6599;-40,89192;27,96073;401,5089;26,77181;130,2384;165,3007;-179,1593;-41,82601;30,07127;-293,5702;-138,9631;-86,67985;-389,5127;-221,6925;109,4978;35,09312;49,46588;286,5103;140,8512;154,0365;81,35231;-45,86166;0,64981;30,08866;-77,69103;-30,23721;160,8385;19,01993;56,33479;52,45793;107,5574;69,23959;152,7032;248,6377;169,2049;-11,12515;101,922;47,91453;-47,18364;76,27003;24,55097;71,29513;163,8915;102,9915;0;0;0;0;0;0;0;0;0;0;0;0;-571,1227;-426,826;514,3858;0;0;0;0;0;0;269,68;15,01465;68,27258;424,1152;-159,1451;24,61195;558,2056;-410,6809;-101,4147;0;0;0;0;0;0;0;0;0;3,436983;-0,94986;-22,2137;9,293317;0,174522;-56,86712;0;0;0;0;0;0;0;0;0;0;0;0;0;0;0;0;0;0;0;0;0;0;0;0;0;0;0;0;0;0;12,68695;10,93433;1,937746;0,544884;60,63804;-18,96554;68,09437;53,35456;-12,87417;17,10197;8,040223;7,810952;-6,852345;83,55197;4,15025;4,314341;-12,07349;83,49255;103,3226;93,87175;-13,368;83,17043;103,312;94,14545;0;0;0;-268,9231;53,5774;-6,643867;70,32231;63,28765;0;0;7,030019;6,325492;0;0;0;0;0;0;0;0;0;0;0;-16135,38;3214,644;-398,632;4219,338;3797,259;0;0;421,8011;379,5295;0;0;0;0;0;0;0;0
61;976;00:00:01:016;0;0;0;-1,181741;3,410124;3,53322;0,049029;1,06025;7,48248;-2,448966;-2,082955;8,225797;-4,925895;-2,984985;6,551727;-1,498498;2,322424;3,330998;-6,177993;2,586325;9,253858;-8,321802;1,243814;13,66133;-9,107808;0,416503;16,11432;-9,447593;-0,319161;18,11145;-1,926006;0,937717;3,054637;-6,822849;0,461506;8,783648;-3,17358;-1,648887;12,52014;-1,037028;-2,781106;14,38718;0,845083;-3,696094;15,77842;-2,36266;-0,294945;2,764867;-7,028649;-1,465709;7,769018;-3,778685;-3,256065;11,09475;-2,165187;-2,600142;8,905924;-4,282617;-1,67889;7,840087;-2,761767;-1,503978;2,503412;-6,847618;-3,367792;6,347517;-4,285415;-4,821147;9,004868;-3,096314;-4,316278;7,436217;-5,013788;-3,480052;6,467238;-36,43764;-11,60762;71,72738;9,411033;32,70687;-45,30312;77,50541;32,7069;-45,30312;129,7921;33,10801;-45,52585;129,7921;33,10802;-45,52587;-36,81763;-11,60762;71,72738;-21,56038;-21,16147;79,64039;-13,07651;-21,43623;78,90502;-4,72135;-21,59911;77,85458;-4,813008;-21,5798;78,10367;-37,72359;-16,43756;75,46146;46,0316;-17,17429;75,85772;49,83164;-18,65246;77,18774;53,88276;-20,07684;78,13562;53,92915;-19,90194;77,99994;-39,15505;-21,61541;79,74375;44,61997;-20,32955;80,54538;147,4597;-21,84258;81,87601;-117,1796;-23,44119;78,03186;-117,2335;-23,68185;78,16682;-42,08819;-28,80594;86,44127;43,96084;-21,47762;81,22692;146,8359;-22,75956;82,37952;-117,4801;-24,3758;78,55318;-117,54;-24,62771;78,69737;0;0;0;282,5991;-197,4785;1,567371;145,6634;-296,2083;-95,87511;81,36742;-91,76679;-16,90802;113,3793;106,0859;96,07382;232,1774;-135,2829;14,69526;511,2404;-139,9793;110,8829;579,3433;-141,3858;134,1722;596,2646;-157,2705;132,0278;594,4077;-181,1866;119,0429;168,7733;-54,39388;32,5358;412,9411;-14,78286;138,4373;186,4423;-221,965;-44,55766;56,00521;-336,3063;-147,6608;-57,17198;-431,5454;-235,2905;114,1479;21,56801;51,02547;301,105;102,011;157,0341;104,3823;-85,8268;-5,828753;48,46833;-107,6537;-36,42346;175,7924;-13,27386;55,46245;59,62454;94,01656;67,80395;169,8156;214,6015;166,6725;12,78368;66,90645;37,78517;-26,69198;48,49655;14,69327;88,6748;134,0174;97,95221;0;0;0;-186,161;-809,2275;647,5589;459,9974;-1272,191;119,7231;976,0336;-1729,793;-255,6305;990,8727;-1178,438;-606,8923;-47,8549;-809,4649;482,6138;421,7377;-2501,729;811,6929;1179,382;-3936,344;580,8434;1416,375;-4636,79;353,7347;1474,07;-5146,393;127,0401;126,8012;-810,1177;274,5039;685,933;-2493,281;491,9364;1268,499;-2568,345;-163,899;1556,037;-2564,167;-521,8613;1770,472;-2521,962;-815,8793;279,0062;-811,5063;93,57547;875,6804;-2330,406;179,8553;1381,798;-2397,908;-388,7137;1102,78;-1797,762;-371,1748;897,2368;-1937,628;-52,34063;429,9967;-812,4482;-86,1386;1026,739;-2042,172;-151,9418;1434,53;-2100,935;-607,7617;1229,5;-1666,409;-591,4619;1042,781;-1792,444;-302,36;12,69565;10,90604;1,94411;0,509857;60,63804;-18,96554;68,09437;52,40805;-12,19521;17,5104;8,216042;7,969177;-6,852345;83,55197;4,208823;4,367087;-12,07349;83,49255;103,3226;93,87175;-13,368;83,17043;103,312;94,14545;0;0;0;-56,79107;40,7377;24,50592;10,54911;9,493531;0;0;3,514337;3,164806;0;0;0;0;0;0;0;0;0;0;0;12727,92;-770,3819;1868,987;-3586,392;-3227,647;0;0;-210,9409;-189,6412;0;0;0;0;0;0;0;0
62;992;00:00:01:032;0;0;0;-1,173622;3,483998;3,463159;0,015466;1,197241;7,461931;-2,512433;-1,911395;8,24828;-4,995507;-2,860596;6,609775;-1,498158;2,395368;3,279091;-6,208714;2,806098;9,168874;-8,343317;1,571876;13,61232;-9,123534;0,801295;16,08555;-9,458128;0,109298;18,0991;-1,935462;1,009326;3,025701;-6,868341;0,678291;8,733988;-3,257705;-1,392564;12,52966;-1,141111;-2,507552;14,42952;0,725528;-3,412037;15,8482;-2,380587;-0,224873;2,756063;-7,084236;-1,265524;7,753705;-3,867934;-3,020722;11,13051;-2,23676;-2,418272;8,939414;-4,340493;-1,49963;7,844595;-2,788132;-1,435233;2,514519;-6,910813;-3,194832;6,368405;-4,375692;-4,619809;9,066783;-3,17364;-4,153536;7,496058;-5,078672;-3,319744;6,500799;-37,09416;-10,71303;71,38661;8,819649;31,72462;-46,08624;76,91402;31,72465;-46,08625;128,2839;32,12382;-46,31143;128,2839;32,12382;-46,31145;-37,47415;-10,71303;71,38661;-21,53201;-19,94925;79,18517;-13,03537;-20,22375;78,45554;-4,677515;-20,38614;77,41348;-4,763548;-20,36701;77,66058;-38,33118;-15,50272;75,1608;45,42853;-16,2354;75,56324;49,24687;-17,70037;76,90233;53,3099;-19,11563;77,85992;53,35448;-18,94203;77,7232;-39,70443;-20,63943;79,47392;44,0896;-19,34658;80,25754;146,9488;-20,84824;81,59414;-117,7672;-22,48084;77,79327;-117,8197;-22,72021;77,9299;-42,53677;-27,77679;86,18605;43,43913;-20,48874;80,94592;146,3312;-21,76106;82,10287;-118,0623;-23,41047;78,32117;-118,1206;-23,66105;78,46706;0;0;0;282,0993;-201,6055;5,309589;147,4657;-303,6851;-94,89445;84,86707;-101,1306;-18,34054;115,4513;97,98994;94,30016;232,1225;-139,3454;17,44285;512,8922;-152,174;115,2404;581,9567;-164,1076;135,1606;598,9678;-185,3808;130,8531;596,8545;-213,3615;115,9779;169,2791;-58,36682;34,02454;415,4391;-26,78865;140,8602;191,0594;-235,9723;-45,37734;61,5893;-351,1866;-150,1361;-50,92358;-446,9683;-239,0354;115,1397;17,69224;51,41077;304,1891;90,9436;157,5944;109,3116;-98,67571;-8,066743;52,41662;-117,5595;-38,46592;178,9904;-23,1184;54,98711;61,09974;90,22704;67,09807;173,3482;205,0613;165,2835;17,80142;55,92687;34,14765;-22,39357;39,64119;11,22098;92,29168;125,2213;95,90104;0;0;0;-29,99067;-247,6208;224,5331;108,1374;-448,6027;58,83944;209,9787;-561,8294;-85,95139;124,32;-485,7587;-106,4193;-3,293037;-243,752;164,8553;99,10583;-731,683;261,4531;156,8069;-1363,306;59,30328;162,1914;-1686,616;-70,48273;146,8105;-1930,494;-183,8972;30,35044;-238,3765;89,32488;149,8804;-720,3476;145,3728;277,0278;-840,4341;-49,18098;335,0451;-892,8209;-148,5193;374,9034;-925,3749;-224,6947;59,50426;-232,5466;23,11814;185,0452;-664,0474;33,61845;295,7575;-770,9352;-134,2794;236,8975;-594,3467;-122,5474;191,8795;-590,6726;-28,52011;88,51218;-227,3712;-42,35279;211,9589;-572,4091;-83,34445;301,0645;-658,7745;-218,2513;257,9044;-531,3214;-208,3379;217,0122;-527,7672;-123,0705;12,67832;10,88039;1,95091;0,479175;60,63804;-18,96554;68,09437;51,48936;-11,90379;18,01592;8,245313;7,995564;-6,852345;83,55197;4,208823;4,367087;-12,07349;83,49255;103,3226;93,87175;-13,368;83,17043;103,312;94,14545;0;0;0;-55,12138;17,48537;30,33119;1,756267;1,583233;0;0;0;0;0;0;0;0;0;0;0;0;0;0;0;100,1816;-1395,14;349,5163;-527,5703;-474,6179;0;0;-210,8602;-189,8884;0;0;0;0;0;0;0;0
63;1008;00:00:01:048;0;0;0;-1,144161;3,563973;3,390884;-0,014927;1,333898;7,438718;-2,593655;-1,722246;8,264785;-5,095674;-2,733766;6,693776;-1,483607;2,477032;3,224582;-6,225456;3,065219;9,074068;-8,41231;1,916704;13,51509;-9,216146;1,187286;15,99323;-9,565896;0,524401;18,01398;-1,939766;1,093145;2,993654;-6,913736;0,939704;8,673751;-3,35876;-1,113871;12,53086;-1,270146;-2,224653;14,46385;0,575257;-3,130019;15,9095;-2,401391;-0,139125;2,743649;-7,152095;-1,018424;7,727757;-3,984019;-2,758333;11,15765;-2,329991;-2,220328;8,966914;-4,412767;-1,291139;7,841358;-2,825267;-1,347599;2,521551;-6,998359;-2,975222;6,379177;-4,502104;-4,387461;9,12015;-3,283162;-3,967876;7,549274;-5,169164;-3,124604;6,526147;-37,80415;-9,841924;70,66723;8,296959;30,70137;-47,2032;76,39137;30,70142;-47,20321;125,9821;31,09881;-47,43014;125,9821;31,09881;-47,43017;-38,18415;-9,841916;70,66724;-22,21159;-19,27153;78,75997;-13,5787;-19,5542;78,03694;-5,102393;-19,72597;77,001;-5,185337;-19,70513;77,24686;-38,99327;-14,58726;74,48663;44,77089;-15,31545;74,89597;48,63634;-16,76583;76,24585;52,73752;-18,17142;77,21396;52,78028;-17,9991;77,07615;-40,30995;-19,67829;78,83656;43,50272;-18,37786;79,60124;146,3808;-19,86679;80,94569;-118,4102;-21,53662;77,18816;-118,4613;-21,77455;77,32677;-43,04524;-26,75572;85,57295;42,86061;-19,51338;80,29774;145,7692;-20,7749;81,46067;-118,7;-22,4608;77,72362;-118,7568;-22,70988;77,87149;0;0;0;281,6121;-206,0379;9,513236;149,4795;-311,9045;-93,66153;88,67508;-111,4242;-19,68951;116,1546;87,2975;94,20123;232,1021;-143,7221;20,55732;514,7355;-165,3603;120,3394;581,4911;-183,798;137,7251;597,2982;-208,8516;131,832;594,2754;-239,9751;115,4802;169,8465;-62,66338;35,7607;418,1686;-39,7958;143,8399;196,107;-251,3516;-45,94874;67,8486;-367,6036;-152,7689;-43,71159;-464,0102;-243,4591;116,2153;13,48794;51,93901;307,5243;78,93248;158,5133;114,6665;-112,7963;-10,21233;56,71099;-128,4717;-40,47533;182,463;-33,87397;54,71666;62,68163;86,10233;66,4316;177,1399;194,6838;164,0302;23,21805;43,8466;30,4327;-17,75403;29,8767;7,630526;96,18477;115,6029;93,88737;0;0;0;-29,23107;-265,9449;252,2188;120,8267;-493,1688;73,97532;228,4806;-617,6154;-80,93833;42,19794;-641,5464;-5,935907;-1,223087;-262,5983;186,8681;110,5957;-791,1801;305,9406;-27,93789;-1181,429;153,868;-100,1759;-1408,248;58,73465;-154,747;-1596,818;-29,86407;34,04259;-257,7935;104,169;163,7678;-780,4283;178,7796;302,8514;-922,7628;-34,28399;375,5579;-985,0186;-157,9664;432,7198;-1022,512;-265,4199;64,53537;-252,2574;31,69441;200,1114;-720,6666;55,13048;321,2979;-847,2347;-128,7353;257,6623;-654,7314;-120,5653;208,3554;-645,334;-16,22736;94,91336;-247,4824;-39,9878;227,5021;-622,6537;-75,1984;324,9979;-724,816;-222,8969;278,3724;-585,8695;-215,427;233,5857;-577,1083;-120,8199;12,59943;10,82802;1,965828;0,431572;60,63804;-18,96554;68,09437;49,70768;-12,25115;18,03945;8,391829;8,127385;-6,852345;83,55197;4,238083;4,393469;-12,07349;83,49255;103,3226;93,87175;-13,368;83,17043;103,312;94,14545;0;0;0;-106,9006;-20,84175;1,411629;8,790951;7,90924;0;0;1,755638;1,582889;0;0;0;0;0;0;0;0;0;0;0;-3106,755;-2299,627;-1735,174;422,081;379,5604;0;0;105,3383;94,97336;0;0;0;0;0;0;0;0
64;1024;00:00:01:064;0;0;0;-1,141997;3,630875;3,319893;-0,056677;1,464285;7,413953;-2,662827;-1,558692;8,275246;-5,166314;-2,603047;6,728242;-1,488053;2,543597;3,170255;-6,265793;3,267645;8,975126;-8,357516;2,193568;13,48014;-9,111035;1,505991;15,9859;-9,421807;0,877289;18,02388;-1,952494;1,159111;2,960379;-6,966479;1,140325;8,60724;-3,452958;-0,870195;12,52454;-1,385719;-1,961543;14,49129;0,443151;-2,854353;15,96548;-2,421184;-0,07408;2,72874;-7,212306;-0,832376;7,694002;-4,080478;-2,534063;11,17596;-2,40758;-2,046218;8,987813;-4,475847;-1,122305;7,831581;-2,85215;-1,283256;2,524851;-7,063272;-2,813567;6,380978;-4,596139;-4,195007;9,163694;-3,363426;-3,811629;7,594313;-5,23625;-2,973202;6,543375;-38,52446;-9,028304;70,37904;7,852615;29,69172;-47,83296;75,94701;29,69177;-47,83298;124,9282;30,08765;-48,06112;124,9282;30,08765;-48,06114;-38,90445;-9,028303;70,37904;-21,13084;-18,11839;78,35854;-12,57026;-18,38823;77,63503;-4,168133;-18,54297;76,60338;-4,245835;-18,52592;76,84784;-39,66821;-13,72785;74,24544;44,10015;-14,45134;74,66197;47,98236;-15,88662;76,02341;52,09441;-17,28166;77,00349;52,13554;-17,11083;76,86435;-40,93167;-18,77152;78,635;42,89833;-17,46341;79,38092;145,7941;-18,93907;80,73434;-119,0668;-20,64694;77,01818;-119,1167;-20,88338;77,15887;-43,57649;-25,78622;85,40181;42,2641;-18,59197;80,0862;145,1881;-19,84221;81,2561;-119,3518;-21,56538;77,56164;-119,4072;-21,8129;77,71162;0;0;0;279,8445;-210,8364;13,8497;151,3031;-320,1039;-92,26879;93,54838;-122,7731;-20,67987;120,9976;78,54585;90,32106;231,229;-148,6219;23,82785;515,74;-180,9076;126,0278;587,7953;-212,764;141,1926;606,2468;-244,2845;133,1992;605,1447;-279,9828;114,6132;170,1047;-67,6925;37,68355;420,8923;-55,48056;147,4541;202,1703;-268,0732;-46,02036;75,59069;-384,5776;-154,8289;-34,69534;-480,9313;-247,137;117,4635;8,343088;52,68381;311,5959;64,10649;160,0701;121,6316;-128,5396;-11,84061;62,30486;-140,3484;-42,12534;186,7995;-46,38346;54,9109;64,90973;80,84428;66,00967;182,3927;181,5071;163,3839;30,80275;29,90573;27,23072;-11,18271;18,73711;4,437536;101,6143;103,8945;92,36651;0;0;0;-106,0581;-287,909;260,1877;109,4184;-491,9643;83,56439;292,3983;-680,9349;-59,42165;290,5783;-525,0985;-232,8103;-52,38676;-293,9901;196,2318;60,2703;-932,8358;341,3007;378,2558;-1737,958;208,0479;536,9167;-2125,974;82,03268;652,1558;-2400,458;-52,0184;15,4953;-301,7471;115,3713;163,4216;-941,0861;216,8541;363,7976;-1003,295;-4,296898;464,5257;-1018,437;-123,6012;540,9747;-1015,265;-220,6764;74,89227;-308,6913;44,6881;244,2927;-889,5593;93,41025;417,9039;-944,5989;-97,69678;335,632;-712,5992;-99,00033;260,1878;-750,5693;11,65438;133,6859;-315,4825;-25,31576;315,1646;-790,5978;-38,77687;455,0822;-836,4522;-192,1184;394,2793;-668,3756;-191,5794;325,77;-702,5027;-91,2516;12,56238;10,80998;1,971471;0,419621;60,63804;-18,96554;68,09437;49,09523;-11,94268;19,68749;8,333264;8,074676;-6,852345;83,55197;4,238083;4,393469;-12,07349;83,49255;103,3226;93,87175;-13,368;83,17043;103,312;94,14545;0;0;0;-36,7472;18,50807;98,88232;-3,513851;-3,162575;0;0;0;0;0;0;0;0;0;0;0;0;0;0;0;4209,205;2360,989;5848,241;-738,2881;-664,3088;0;0;-105,3383;-94,97336;0;0;0;0;0;0;0;0
65;1040;00:00:01:080;0;0;0;-1,15436;3,866936;3,036999;-0,267694;1,945317;7,297816;-2,982915;-0,948997;8,258419;-5,481777;-2,105485;6,785473;-1,524651;2,781209;2,945338;-6,474651;4,001259;8,51818;-8,597919;3,341217;13,08766;-9,37726;2,872588;15,63568;-9,715291;2,413389;17,71416;-2,019277;1,398034;2,808495;-7,220191;1,87267;8,263092;-3,897382;0,034513;12,42391;-1,929542;-0,977634;14,53004;-0,178281;-1,817937;16,12443;-2,513287;0,164472;2,640072;-7,488628;-0,148592;7,470357;-4,523999;-1,697499;11,16359;-2,765315;-1,395275;9,009466;-4,767312;-0,497261;7,723465;-2,969895;-1,044267;2,499122;-7,349276;-2,214249;6,293498;-5,016316;-3,472644;9,245172;-3,721194;-3,223301;7,699206;-5,533826;-2,408588;6,530656;-41,69957;-6,229052;69,30169;6,78563;25,5875;-49,82737;74,88001;25,58754;-49,82737;121,6487;25,97969;-50,05514;121,6487;25,9797;-50,05516;-42,07956;-6,229044;69,30169;-22,1514;-13,86712;76,78215;-13,76449;-14,1495;76,07923;-5,547231;-14,32528;75,07333;-5,606256;-14,30269;75,31207;-42,68196;-10,71718;73,38474;41,10147;-11,41849;73,83453;45,01333;-12,78377;75,25259;49,13712;-14,12863;76,29096;49,17254;-13,9649;76,14507;-43,75833;-15,53961;77,97017;40,13258;-14,19848;78,63676;143,0905;-15,61113;80,03856;-122,0161;-17,48934;76,48314;-122,0616;-17,7187;76,63372;-46,08965;-22,25481;84,92638;39,52605;-15,29355;79,38549;142,5041;-16,49013;80,59429;-122,2845;-18,38056;77,06485;-122,3353;-18,62064;77,22494;0;0;0;279,7147;-214,8505;18,1092;153,8081;-327,9271;-90,78284;97,69875;-132,5864;-21,30751;121,1114;66,41615;92,45377;231,4958;-152,6158;27,08745;518,1602;-193,0532;131,9643;591,8223;-237,3109;141,7759;611,0441;-275,0079;130,8613;610,4741;-315,2381;109,9576;170,8684;-71,65049;39,68;424,0569;-67,51781;151,4448;207,8221;-282,6938;-45,64154;82,51073;-400,3604;-156,3827;-26,80768;-497,4728;-250,2587;118,6511;4,440382;53,57835;315,2085;52,94363;162,0955;127,4192;-141,9958;-12,93951;66,96021;-150,795;-43,37932;190,5843;-56,51352;55,4975;66,52272;76,98367;65,81169;186,2875;171,8079;163,2758;36,44482;18,35849;24,61803;-6,366871;9,362272;1,73521;105,6394;94,81035;91,33279;0;0;0;-7,787704;-240,848;255,5701;150,2981;-469,3922;89,15662;249,0216;-588,7949;-37,65821;6,828547;-727,782;127,9628;16,00599;-239,6321;195,576;145,2141;-728,7347;356,1895;241,6134;-1472,81;35,00318;287,8389;-1843,406;-140,2738;319,7651;-2115,319;-279,3359;45,82;-237,4795;119,7867;189,8775;-722,2344;239,4411;339,1113;-877,2354;22,72904;415,202;-946,9699;-93,22857;473,2595;-992,4888;-187,2983;71,25591;-234,1624;53,67243;216,7597;-669,7715;121,5205;347,2538;-807,3742;-65,9341;279,3206;-626,795;-75,23864;227,0887;-607,8034;35,19594;96,77946;-231,637;-11,87897;233,6905;-581,9556;-6,485224;338,5243;-692,8346;-156,7618;288,9503;-562,49;-162,1395;241,5089;-545,0474;-62,0234;12,56101;10,74364;1,994159;0,399391;60,63804;-18,96554;68,09437;46,86813;-10,60411;21,20958;8,215994;7,969202;-6,852345;83,55197;4,208823;4,367087;-12,07349;83,49255;103,3226;93,87175;-13,368;83,17043;103,312;94,14545;0;0;0;-133,6258;80,31394;91,32545;-7,036228;-6,328411;0;0;-1,755638;-1,582889;0;0;0;0;0;0;0;0;0;0;0;-5812,715;3708,352;-453,4126;-211,3426;-189,9501;0;0;-105,3383;-94,97336;0;0;0;0;0;0;0;0
66;1056;00:00:01:096;0;0;0;-1,170917;3,918893;2,963161;-0,347154;2,058145;7,26344;-3,089508;-0,807023;8,234289;-5,587357;-2,013422;6,800172;-1,545875;2,833823;2,883473;-6,557549;4,164651;8,375248;-8,663657;3,576751;12,96249;-9,440222;3,148885;15,51851;-9,781049;2,723081;17,60363;-2,046196;1,451297;2,7616;-7,311307;2,036297;8,143403;-4,049942;0,24485;12,37265;-2,113667;-0,745123;14,5182;-0,386724;-1,569986;16,14681;-2,54471;0,217877;2,605882;-7,580805;0,004558;7,378296;-4,670271;-1,502979;11,13119;-2,883579;-1,242875;8,994692;-4,864726;-0,35429;7,670421;-3,006029;-0,990496;2,477718;-7,438054;-2,079565;6,234872;-5,148434;-3,304704;9,23409;-3,83304;-3,085764;7,700688;-5,626734;-2,279653;6,497464;-42,67781;-5,662482;69,10077;6,763352;24,46178;-50,13904;74,85774;24,46181;-50,13903;120,4064;24,8539;-50,36485;120,4064;24,8539;-50,36488;-43,0578;-5,662482;69,10078;-22,09927;-13,02629;76,5615;-13,86943;-13,30811;75,86083;-5,799294;-13,4858;74,85892;-5,854688;-13,4622;75,09668;-43,62727;-10,08221;73,25314;40,15913;-10,77614;73,71364;44,08302;-12,11859;75,15092;48,21443;-13,44695;76,20863;48,24868;-13,28553;76,06046;-44,66563;-14,83184;77,90559;39,23916;-13,48075;78,54823;142,21;-14,87225;79,96781;-122,9511;-16,80422;76,45656;-122,9959;-17,03121;76,6105;-46,93317;-21,44567;84,93807;38,63814;-14,56443;79,312;141,6274;-15,74296;80,53544;-123,2167;-17,68631;77,05119;-123,2667;-17,92388;77,21474;0;0;0;280,4564;-229,0142;35,08284;166,4691;-356,7891;-83,81464;116,904;-169,1681;-20,29788;137,8519;34,11657;91,31728;233,6917;-166,8725;40,58245;530,6917;-237,0701;159,3811;607,5939;-310,8117;163,7263;629,0802;-363,594;149,2873;630,6959;-415,1746;125,1385;174,8753;-85,98587;48,79309;439,2796;-111,4585;172,0936;234,4875;-336,9763;-39,60362;115,1401;-459,395;-158,7076;10,47827;-559,6577;-259,7957;124,1773;-9,872751;58,89844;331,7878;11,91658;175,5141;154,0304;-192,1897;-12,19743;88,42432;-189,8515;-44,67849;208,0721;-94,01613;61,98446;73,58739;62,64437;67,35545;203,4477;135,8488;168,5246;61,65545;-24,98332;19,72939;15,09923;-25,93741;-4,558414;123,494;60,93355;92,09596;0;0;0;44,50464;-849,8182;1018,419;759,6609;-1731,717;418,092;1152,317;-2194,902;60,57769;1004,429;-1937,975;-68,18961;131,7544;-855,4058;809,6996;751,8882;-2641,012;1645,007;946,2975;-4410,052;1317,023;1082,165;-5315,162;1105,558;1213,308;-5996,192;910,851;240,4167;-860,1225;546,7856;913,3616;-2636,44;1238,928;1599,925;-3256,947;362,2752;1957,763;-3542,075;-139,4963;2237,157;-3731,097;-572,2231;331,5725;-858,7878;319,2054;994,759;-2461,623;805,1183;1596,675;-3011,63;44,52471;1287,846;-2343,395;-77,95036;1049,272;-2250,156;389,2178;423,8802;-860,3578;92,62525;1029,612;-2157,544;314,9285;1512,637;-2600,509;-293,3183;1287,966;-2117,98;-377,6175;1071,274;-2032,608;45,79067;12,51943;10,70527;2,008046;0,405045;60,63804;-18,96554;68,09437;45,64322;-10,40549;22,14439;8,069543;7,837342;-6,852345;83,55197;4,208823;4,367087;-12,07349;83,49255;103,3226;93,87175;-13,368;83,17043;103,312;94,14545;0;0;0;-73,49487;11,91776;56,08852;-8,78706;-7,911586;0;0;0;0;0;0;0;0;0;0;0;0;0;0;0;3607,855;-4103,771;-2114,216;-105,0499;-94,99053;0;0;105,3383;94,97336;0;0;0;0;0;0;0;0
67;1072;00:00:01:112;0;0;0;-1,221266;4,021912;2,800327;-0,534609;2,296162;7,180242;-3,32704;-0,515435;8,164864;-5,79787;-1,763263;6,719434;-1,602865;2,937634;2,745147;-6,756096;4,483786;8,046204;-8,954453;4,117248;12,61314;-9,78924;3,808345;15,16796;-10,1827;3,476204;17,26082;-2,111063;1,555622;2,653878;-7,520741;2,354661;7,861981;-4,394954;0,677775;12,23803;-2,528258;-0,256127;14,4687;-0,854854;-1,040294;16,17161;-2,615257;0,321517;2,524025;-7,785495;0,301134;7,155644;-4,994592;-1,104914;11,03662;-3,146271;-0,927804;8,944518;-5,081819;-0,068151;7,536373;-3,082841;-0,886934;2,421946;-7,627951;-1,820129;6,084764;-5,434091;-2,96388;9,185964;-4,074211;-2,804769;7,684323;-5,826487;-2,024992;6,405112;-44,86898;-4,508172;68,84335;6,831488;21,99359;-50,56384;74,92587;21,99363;-50,56384;120,0398;22,38598;-50,78493;120,0398;22,38599;-50,78495;-45,24899;-4,508168;68,84335;-23,72104;-10,99928;75,99485;-15,6352;-11,30046;75,30796;-7,707295;-11,5084;74,31977;-7,754117;-11,47714;74,5548;-45,7474;-8,770079;73,14876;38,04569;-9,446808;73,63306;41,99553;-10,73672;75,11291;46,14376;-12,02678;76,21355;46,17549;-11,87069;76,06035;-46,70322;-13,3518;77,95012;37,22951;-11,97956;78,5395;140,2284;-13,32227;79,99889;-125,0451;-15,37316;76,5853;-125,0882;-15,59462;76,7466;-48,83209;-19,73214;85,15429;36,64087;-13,03666;79,33685;139,6544;-14,17359;80,59311;-125,3042;-16,23393;77,20856;-125,3523;-16,46568;77,37973;0;0;0;281,4499;-232,1316;39,51307;171,2368;-363,5588;-81,75208;123,2996;-177,6865;-18,85012;143,4059;27,68819;91,2681;234,9652;-170,0294;44,2944;535,6656;-246,8736;167,957;615,6651;-326,5389;171,3007;639,0547;-382,2726;156,4473;642,3528;-436,0368;132,0282;176,4905;-89,18164;51,60675;444,7466;-121,2761;179,275;243,6412;-349,5965;-36,52766;126,1876;-473,3456;-157,9973;22,98481;-574,5347;-261,1386;126,0626;-13,07707;60,94982;337,3185;2,727618;181,0378;162,8067;-203,8609;-10,25355;95,52012;-198,9955;-43,79202;213,917;-102,5944;65,16712;75,75547;59,41809;68,6397;208,7744;127,7677;172,0422;69,58253;-35,05969;20,39426;21,80998;-34,18962;-4,647329;129,0685;53,19744;94,08746;0;0;0;59,60798;-187,0465;265,8137;286,0579;-406,1808;123,7542;383,7325;-511,1067;86,86601;333,244;-385,7031;-2,95043;76,40791;-189,4111;222,7172;298,4361;-588,2091;514,5549;484,2739;-943,6296;454,4628;598,4716;-1120,718;429,6041;699,4171;-1251,729;413,382;96,91142;-191,7461;168,8197;328,022;-589,0596;430,8836;549,2177;-757,2141;184,5574;662,8517;-837,038;42,62066;750,3927;-892,622;-80,57355;113,1213;-192,259;123,0826;331,8372;-551,3374;331,4216;526,5791;-700,2718;116,6332;425,7484;-548,6404;53,18821;350,6898;-514,6962;190,9597;130,0846;-193,5764;77,05521;319,6006;-484,8654;211,0527;475,6254;-604,5819;39,89249;402,6452;-495,1329;-5,334913;334,4686;-464,1663;119,4899;12,56183;10,6911;2,013336;0,410024;60,63804;-18,96554;68,09437;45,1978;-9,601525;22,42072;7,952335;7,731851;-6,852345;83,55197;4,208823;4,367087;-12,07349;83,49255;103,3226;93,87175;-13,368;83,17043;103,312;94,14545;0;0;0;-26,72516;48,23759;16,57951;-7,03248;-6,329469;0;0;0;0;0;0;0;0;0;0;0;0;0;0;0;2806,182;2179,189;-2370,54;105,2748;94,92702;0;0;0;0;0;0;0;0;0;0;0;0
68;1088;00:00:01:128;0;0;0;-1,258729;4,126491;2,62617;-0,705786;2,54782;7,079866;-3,549486;-0,204691;8,084498;-5,998517;-1,498471;6,642376;-1,648712;3,044161;2,597986;-6,927783;4,815742;7,700975;-9,205383;4,653355;12,24082;-10,08976;4,454901;14,78992;-10,52781;4,210403;16,88599;-2,167028;1,664087;2,540555;-7,706853;2,68794;7,569419;-4,715207;1,1377;12,08374;-2,920128;0,266446;14,39701;-1,30386;-0,471836;16,17401;-2,67894;0,430458;2,439596;-7,971528;0,613453;6,927212;-5,298849;-0,680482;10,92854;-3,393515;-0,591299;8,882491;-5,282567;0,235124;7,393622;-3,154764;-0,776876;2,366496;-7,804924;-1,54486;5,934597;-5,705705;-2,598711;9,131675;-4,304621;-2,503006;7,662894;-6,01467;-1,753467;6,310554;-47,03378;-3,227926;68,4864;6,776973;19,48337;-51,08616;74,87136;19,48341;-51,08615;119,4108;19,87558;-51,30394;119,4108;19,87559;-51,30397;-47,41377;-3,22793;68,4864;-25,20869;-9,103775;75,50014;-17,23499;-9,422484;74,82553;-9,419866;-9,657681;73,84963;-9,4588;-9,619565;74,08218;-47,82368;-7,328698;72,93653;35,97852;-7,987698;73,44343;39,90171;-9,224638;74,96272;44,01905;-10,47462;76,10469;44,04762;-10,32419;75,9465;-48,67638;-11,74107;77,87582;35,28256;-10,34996;78,41356;138,3158;-11,64397;79,90938;-127,0732;-13,80734;76,59328;-127,1137;-14,02317;76,76141;-50,63479;-17,8903;85,2327;34,71041;-11,38012;79,24213;137,7537;-12,47561;80,52824;-127,3222;-14,64641;77,24293;-127,3676;-14,87224;77,42111;0;0;0;284,4708;-238,3127;49,28316;182,484;-377,8398;-76,76017;137,5515;-195,1818;-14,68456;155,0238;11,47908;97,20325;238,3845;-176,2581;52,59396;547,5784;-266,0217;187,6996;635,7323;-361,2592;191,7299;663,9432;-425,0544;176,6185;671,3829;-484,9697;151,4775;180,3825;-95,44114;58,07005;457,3126;-140,378;196,1603;264,3419;-375,572;-28,45064;151,0345;-502,6778;-154,8421;50,99518;-606,319;-262,1526;130,2955;-19,29548;65,86128;349,5999;-15,06695;194,3969;182,266;-227,7448;-4,579335;111,2817;-217,8998;-40,7816;226,9425;-119,7628;73,20999;80,36416;53,20433;71,986;220,1682;112,2015;181,0487;86,72195;-55,50916;23,28184;36,28025;-51,04934;-3,665417;141,0536;37,91776;99,62859;0;0;0;181,2544;-370,8672;586,2053;674,8351;-856,8621;299,5144;855,1161;-1049,716;249,9336;697,0703;-972,5464;356,1086;205,1611;-373,7197;497,9735;714,7665;-1148,887;1184,56;1204,033;-2083,218;1225,754;1493,308;-2566,908;1210,272;1741,802;-2935,973;1166,96;233,5195;-375,57;387,7977;753,9596;-1146,111;1013,118;1242,042;-1558,528;484,6213;1490,809;-1759,93;189,3103;1680,622;-1907,052;-60,84251;253,9694;-373,1045;294,6875;736,8865;-1067,674;801,5463;1167,555;-1433,035;340,4527;945,6928;-1134,256;180,6253;781,5341;-1030,101;482,5723;276,5214;-372,8256;200,778;683,6313;-933,9694;540,39;1028,365;-1226,968;173,2546;868,2162;-1011,583;58,91471;719,1095;-916,7809;332,4677;12,57129;10,67454;2,020472;0,418795;60,63804;-18,96554;68,09437;44,61317;-9,109318;22,86123;7,864394;7,652758;-6,852345;83,55197;4,15025;4,314341;-12,07349;83,49255;103,3226;93,87175;-13,368;83,17043;103,312;94,14545;0;0;0;-35,07729;29,53245;26,43116;-5,276441;-4,745578;0;0;-3,514337;-3,164806;0;0;0;0;0;0;0;0;0;0;0;-501,1277;-1122,308;591,0986;105,3623;95,03345;0;0;-210,8602;-189,8884;0;0;0;0;0;0;0;0
69;1104;00:00:01:144;0;0;0;-1,276398;4,174547;2,540288;-0,781142;2,670584;7,026508;-3,645323;-0,055788;8,04415;-6,082878;-1,370628;6,601635;-1,669493;3,093071;2,525947;-7,002729;4,967489;7,53501;-9,309263;4,903993;12,06269;-10,21427;4,760127;14,60821;-10,67256;4,559761;16,70464;-2,19152;1,713781;2,485922;-7,787015;2,840102;7,43054;-4,853864;1,358271;12,00581;-3,089025;0,521296;14,35473;-1,496226;-0,191359;16,1631;-2,70616;0,480151;2,399957;-8,050746;0,755745;6,820717;-5,429658;-0,477631;10,87495;-3,500025;-0,429165;8,850417;-5,368705;0,377361;7,32537;-3,184959;-0,72682;2,341825;-7,879359;-1,419712;5,867108;-5,821425;-2,425063;9,106368;-4,402798;-2,358694;7,652886;-6,094349;-1,627243;6,267773;-48,02536;-2,567364;68,35844;6,687213;18,29599;-51,29328;74,78159;18,29603;-51,2933;119,1864;18,68789;-51,51015;119,1864;18,6879;-51,51017;-48,40536;-2,567368;68,35845;-25,83611;-8,142087;75,27257;-17,96224;-8,468139;74,60327;-10,24304;-8,71567;73,63311;-10,27802;-8,674269;73,86444;-48,7663;-6,592763;72,87269;35,04119;-7,243427;73,38957;38,9819;-8,455861;74,92599;43,11177;-9,687758;76,08545;43,13855;-9,539808;75,92522;-49,56206;-10,92685;77,87181;34,40854;-9,527802;78,38633;137,4604;-10,79951;79,89778;-127,9843;-13,01248;76,6265;-128,0231;-13,22567;76,79756;-51,42768;-16,97117;85,29213;33,84582;-10,5455;79,22847;136,9052;-11,62205;80,52728;-128,227;-13,84147;77,28749;-128,2707;-14,06454;77,46869;0;0;0;286,7185;-244,5875;59,73254;192,7546;-392,9392;-70,73767;150,8983;-213,8264;-9,86266;166,8235;-4,696;102,0861;241,1354;-182,6497;61,42359;557,8796;-285,939;208,4134;652,1791;-394,6819;213,7517;684,062;-465,5141;198,8475;694,6851;-530,8458;173,4682;183,7404;-101,9491;64,86947;468,4793;-160,3747;213,714;283,557;-403,1675;-19,19339;174,5466;-534,0322;-150,5408;77,93552;-640,4264;-262,2966;134,1164;-25,83191;70,92701;360,7619;-33,80612;208,1028;200,5214;-253,2107;1,905709;126,1163;-238,0901;-37,05999;238,9874;-137,9592;81,775;84,67957;46,60091;75,313;230,7865;95,68545;190,0587;103,0188;-77,4193;26,53916;50,10483;-69,15508;-2,379656;152,3446;21,62625;105,3021;0;0;0;134,8643;-376,4848;626,963;616,2379;-905,9644;361,3497;800,8053;-1118,678;289,3137;707,9851;-970,5049;292,9727;165,051;-383,4958;529,7777;618,0724;-1195,039;1242,823;986,8096;-2005,364;1321,306;1207,128;-2427,583;1333,739;1398,136;-2752,57;1319,443;201,4754;-390,4753;407,9654;670,0029;-1199,804;1053,223;1152,909;-1655,731;555,4346;1410,73;-1881,263;258,0764;1616,42;-2046,447;-8,637427;229,2588;-392,1859;303,944;669,7182;-1124,35;822,3574;1095,324;-1527,952;389,1026;890,0778;-1211,419;223,2966;722,6915;-1091,788;513,9005;258,9243;-396,2055;199,6196;637,0983;-990,9661;540,6017;977,8117;-1314,608;195,4392;829,4745;-1086,344;77,14568;677,4601;-977,4907;340,4102;12,58195;10,67004;2,022202;0,421244;60,63804;-18,96554;68,09437;44,47398;-8,847977;23,10428;7,776525;7,573622;-6,852345;83,55197;4,15025;4,314341;-12,07349;83,49255;103,3226;93,87175;-13,368;83,17043;103,312;94,14545;0;0;0;-8,351669;15,68046;14,58275;-5,272121;-4,748153;0;0;0;0;0;0;0;0;0;0;0;0;0;0;0;1603,537;-831,1191;-710,9046;0,259209;-0,154495;0;0;210,8602;189,8884;0;0;0;0;0;0;0;0
70;1120;00:00:01:160;0;0;0;-1,293228;4,218065;2,458576;-0,848659;2,786174;6,973597;-3,729755;0,082939;8,005118;-6,157719;-1,256045;6,568645;-1,688684;3,137355;2,457653;-7,069844;5,104558;7,379117;-9,389786;5,095877;11,90038;-10,30726;4,984725;14,44307;-10,77951;4,812623;16,53892;-2,213494;1,758735;2,434526;-7,857974;2,977463;7,300939;-4,976534;1,563851;11,93033;-3,240878;0,761736;14,31292;-1,672456;0,075568;16,15257;-2,730092;0,524991;2,363181;-8,120168;0,884044;6,722292;-5,544717;-0,28894;10,82342;-3,593812;-0,277594;8,818826;-5,444471;0,508088;7,261268;-3,211082;-0,681723;2,319608;-7,943872;-1,306999;5,805989;-5,922445;-2,264017;9,082662;-4,488474;-2,224373;7,643331;-6,163661;-1,511867;6,228768;-48,93047;-1,925114;68,26452;6,571707;17,19222;-51,45792;74,66608;17,19225;-51,45793;118,8523;17,58371;-51,67426;118,8523;17,58371;-51,67427;-49,31047;-1,925109;68,26452;-26,18489;-7,494487;75,35895;-18,43612;-7,824612;74,69276;-10,83363;-8,080159;73,72629;-10,86594;-8,036414;73,95681;-49,62207;-5,880892;72,83625;34,19089;-6,523856;73,36208;38,09053;-7,713806;74,9137;42,18027;-8,927871;76,08995;42,20524;-8,782508;75,92764;-50,3606;-10,1432;77,88839;33,62041;-8,73727;78,382;136,6908;-9,988628;79,90721;-128,8058;-12,24583;76,6767;-128,843;-12,45662;76,85036;-52,13374;-16,09237;85,36363;33,0673;-9,743551;79,23621;136,1428;-10,80286;80,54613;-129,0421;-13,06557;77,34771;-129,084;-13,28612;77,53155;0;0;0;287,7787;-247,4709;64,88549;197,276;-400,3051;-67,53619;156,6485;-222,7606;-7,441788;171,5041;-12,82846;104,9452;242,3822;-185,5842;65,74594;562,3763;-295,0438;218,3712;657,8793;-412,1348;223,315;690,7391;-487,1573;208,0321;702,3873;-555,6159;182,2183;185,21;-104,9307;68,14744;473,2891;-169,5045;222,0468;291,8765;-416,4018;-14,51746;184,6519;-549,3152;-147,8188;89,40007;-657,2568;-261,1684;135,7496;-28,81351;73,30534;365,5149;-42,34362;214,4925;208,3699;-265,3817;5,121141;132,5069;-247,8182;-35,13555;244,1557;-146,4935;85,87016;86,49127;43,59753;76,79327;235,2527;88,17652;194,108;109,962;-87,83819;28,05761;55,99545;-77,81385;-1,779199;157,1253;14,05282;107,8689;0;0;0;63,61198;-173,0018;309,1768;271,2829;-441,9551;192,0891;345,0129;-536,0512;145,2523;280,8323;-487,9474;171,5455;74,81002;-176,0745;259,3413;269,8059;-546,2908;597,4717;342,0124;-1047,172;573,7953;400,629;-1298,587;551,0766;462,1295;-1486,204;525,0048;88,171;-178,8983;196,6781;288,5828;-547,7828;499,9637;499,1683;-794,0568;280,5564;606,3144;-916,9864;163,3201;687,8732;-1009,827;67,69323;97,99217;-178,8958;142,6996;285,1825;-512,2502;383,3785;470,9143;-730,2646;192,9259;383,4364;-583,683;115,4664;310,0991;-512,0537;245,7093;108,7021;-180,2028;88,81652;267,9691;-450,5353;242,9595;416,5921;-625,1331;91,10659;353,4372;-519,5264;36,02742;286,8426;-454,4057;154,0096;12,55373;10,66501;2,024998;0,425437;60,63804;-18,96554;68,09437;44,25126;-8,990928;23,60959;7,659295;7,468159;-6,852345;83,55197;4,091655;4,261632;-12,07349;83,49255;103,3226;93,87175;-13,368;83,17043;103,312;94,14545;0;0;0;-13,36327;-8,577061;30,3186;-7,033853;-6,32781;0;0;-3,515739;-3,162517;0;0;0;0;0;0;0;0;0;0;0;-300,6957;-1455,451;944,1512;-105,7039;-94,77939;0;0;-210,9443;-189,751;0;0;0;0;0;0;0;0
71;1136;00:00:01:176;0;0;0;-1,318499;4,29534;2,306667;-0,95942;2,99928;6,870071;-3,869559;0,339141;7,931669;-6,278899;-1,036736;6,498707;-1,718422;3,216559;2,331411;-7,176964;5,351725;7,095125;-9,548915;5,547192;11,58508;-10,49716;5,545824;14,1189;-10,99591;5,460528;16,21393;-2,24854;1,839808;2,340682;-7,972541;3,226147;7,067341;-5,178922;1,942869;11,78764;-3,48882;1,20694;14,22374;-1,95589;0,571067;16,11077;-2,768991;0,606375;2,297529;-8,233326;1,117134;6,547689;-5,735344;0,059491;10,72736;-3,749462;0,00293;8,758183;-5,569125;0,747854;7,145068;-3,254214;-0,59933;2,281945;-8,050166;-1,101298;5,701302;-6,090713;-1,966019;9,040678;-4,6315;-1,97527;7,626418;-6,278541;-1,299801;6,16153;-50,51438;-0,691079;68,07483;6,275518;15,20493;-51,7664;74,36991;15,20498;-51,76642;118,4521;15,59536;-51,9826;118,452;15,59537;-51,98264;-50,89437;-0,691071;68,07484;-27,4135;-5,548806;74,72839;-19,68812;-5,89314;74,07219;-12,11882;-6,169822;73,11559;-12,14329;-6,120984;73,34411;-51,10711;-4,523296;72,74506;32,71701;-5,152546;73,28616;36,65154;-6,302972;74,86344;40,76715;-7,487702;76,06587;40,78847;-7,346338;75,90057;-51,73148;-8,659584;77,88652;32,26716;-7,242486;78,34428;135,3742;-8,458449;79,89242;-130,2171;-10,79045;76,73269;-130,2507;-10,99701;76,91066;-53,32241;-14,44452;85,45086;31,73352;-8,22872;79,21873;134,8407;-9,258092;80,5471;-130,4398;-11,59388;77,42036;-130,478;-11,81002;77,6086;0;0;0;288,7885;-250,0819;69,78819;201,327;-407,2405;-64,36148;161,7144;-231,0842;-5,099863;175,8047;-19,93504;107,1318;243,5337;-188,2413;69,84361;566,4033;-303,268;227,7248;666,5914;-424,3056;233,3396;702,1549;-501,6178;218,3183;716,0857;-572,0103;192,5663;186,5284;-107,6279;71,2312;477,5466;-177,7461;229,8228;299,2367;-428,7365;-9,988858;193,763;-563,7417;-145,3103;99,97384;-673,2724;-260,5366;137,1856;-31,50388;75,51189;369,6802;-50,04153;220,398;215,2735;-276,7032;8,212745;138,1341;-256,9124;-33,24008;248,7016;-154,3371;89,71627;88,05866;40,8917;78,12627;239,1235;81,41378;197,7751;116,0232;-97,50091;29,47998;61,13603;-85,87311;-1,205876;161,284;7,13025;110,2092;0;0;0;60,58501;-156,6639;294,1621;243,0582;-416,1243;190,4826;303,9572;-499,4173;140,5155;258,0392;-426,3947;131,1951;69,08797;-159,4233;245,8595;241,6134;-493,4506;561,2153;522,7231;-730,2474;601,4771;684,946;-867,631;617,1698;821,9032;-983,6625;620,8827;79,10513;-161,8323;185,0256;255,4521;-494,4991;466,5641;441,6104;-740,0836;271,7158;546,6692;-865,5853;150,5148;634,4261;-960,9346;37,90569;86,15612;-161,4225;132,3931;249,9203;-461,8744;354,3305;414,2118;-679,2869;185,4962;337,6314;-545,6557;113,7283;272,7556;-470,6168;230,7665;94,04361;-162,3498;79,97953;232,2478;-405,7646;220,0284;363,6718;-579,7634;85,34234;308,4351;-483,5554;34,39933;249,5219;-415,3541;140,419;12,60358;10,66138;2,026406;0,427659;60,63804;-18,96554;68,09437;44,13991;-8,217762;23,70207;7,659295;7,468132;-6,852345;83,55197;4,091655;4,261632;-12,07349;83,49255;103,3226;93,87175;-13,368;83,17043;103,312;94,14545;0;0;0;-6,68106;46,38994;5,548553;0;-0,001574;0;0;0;0;0;0;0;0;0;0;0;0;0;0;0;400,9323;3298,02;-1486,203;422,0312;379,5742;0;0;210,9443;189,751;0;0;0;0;0;0;0;0
72;1152;00:00:01:192;0;0;0;-1,311209;4,398076;2,108735;-1,059186;3,279368;6,725913;-4,022467;0,69699;7,831592;-6,42029;-0,707942;6,407531;-1,724806;3,325797;2,167677;-7,250526;5,710371;6,731427;-9,68864;6,128649;11,17042;-10,68342;6,249686;13,68342;-11,22755;6,263195;15,76883;-2,271926;1,95669;2,220211;-8,071518;3,594667;6,770945;-5,388596;2,466875;11,59405;-3,759105;1,808949;14,09295;-2,275784;1,23127;16,03746;-2,80657;0,728595;2,21494;-8,347855;1,469907;6,329341;-5,946929;0,549594;10,59745;-3,923026;0,392352;8,672956;-5,700848;1,093849;6,995018;-3,306204;-0,471111;2,236839;-8,175201;-0,782213;5,574684;-6,293525;-1,536778;8,984751;-4,806627;-1,618744;7,602022;-6,415685;-0,982772;6,078416;-52,44036;0,961201;67,3868;5,788969;12,7117;-52,56728;73,88337;12,71174;-52,5673;117,9187;13,10036;-52,78448;117,9187;13,10036;-52,7845;-52,82035;0,961205;67,38682;-28,93735;-3,497126;73,96931;-21,41183;-3,858843;73,32448;-14,03522;-4,164293;72,37974;-14,05152;-4,1079;72,60578;-52,89389;-2,717857;72,17444;30,94637;-3,33008;72,73367;34,87093;-4,432146;74,34109;38,97042;-5,579595;75,57538;38,98665;-5,443449;75,40632;-53,35853;-6,700152;77,4205;30,66012;-5,270824;77,83598;133,8179;-6,443992;79,41079;-131,8921;-8,862892;76,33514;-131,9206;-9,064261;76,5181;-54,69828;-12,2887;85,08553;30,15416;-6,232575;78,73405;133,3051;-7,225892;80,0838;-132,095;-9,646383;77,04201;-132,1278;-9,857107;77,23526;0;0;0;290,3047;-254,7184;78,90274;207,9727;-420,0268;-58,14993;170,1026;-246,4564;-0,692904;182,9808;-33,20963;111,4316;245,318;-192,9935;77,41807;572,8304;-318,098;244,7644;677,603;-452,2877;252,062;715,7243;-536,2098;237,6582;731,7469;-611,548;212,237;188,6312;-112,4923;76,86182;484,4206;-192,6671;243,8387;311,3799;-451,4776;-1,427114;208,6109;-590,4459;-139,7741;116,9025;-703,0035;-257,5544;139,5195;-36,38693;79,451;376,4697;-64,02696;230,8742;226,7111;-297,6091;13,97681;147,4731;-273,7439;-29,60148;256,1809;-168,723;96,68826;90,64655;35,94812;80,38602;245,5011;69,07172;204,0564;126,1192;-115,3808;31,99897;69,71756;-100,8193;-0,191107;168,1769;-5,593713;114,2435;0;0;0;90,97766;-278,1915;546,8727;398,7408;-767,1776;372,6929;503,2911;-922,3279;264,4175;430,5668;-796,4752;257,9884;107,058;-285,1331;454,4681;385,6315;-889,7982;1022,372;660,6989;-1678,928;1123,346;814,1642;-2075,52;1160,394;939,6771;-2372,263;1180,242;126,1668;-291,8636;337,8374;412,4393;-895,2613;840,9505;728,5981;-1364,468;513,7047;890,8725;-1602,256;332,1697;1015,717;-1783,865;178,9355;140,0356;-292,9832;236,3462;407,3696;-839,1259;628,5696;686,2592;-1254,354;345,8441;560,3427;-1009,887;218,3157;448,7557;-863,1578;418,3198;155,2731;-296,6149;135,5856;382,6575;-740,5236;376,8739;605,7615;-1072,793;151,1398;514,8918;-896,7708;60,88614;413,5695;-763,4377;242,0583;12,62301;10,66176;2,027114;0,4288;60,63804;-18,96554;68,09437;44,08424;-7,935211;23,87357;7,483514;7,309919;-6,852345;83,55197;4,033083;4,208916;-12,07349;83,49255;103,3226;93,87175;-13,368;83,17043;103,312;94,14545;0;0;0;-3,340301;16,95308;10,29018;-10,54685;-9,492787;0;0;-3,51428;-3,162975;0;0;0;0;0;0;0;0;0;0;0;200,4455;-1766,212;284,4978;-632,8107;-569,4728;0;0;-210,8568;-189,7785;0;0;0;0;0;0;0;0
73;1168;00:00:01:208;0;0;0;-1,31259;4,419483;2,062613;-1,077756;3,344128;6,690985;-4,048178;0,776118;7,810874;-6,442987;-0,639126;6,391963;-1,727796;3,348341;2,130267;-7,265875;5,78302;6,652391;-9,721956;6,247559;11,07686;-10,73317;6,396266;13,5818;-11,29564;6,433858;15,66204;-2,276893;1,980495;2,193859;-8,089779;3,66884;6,709085;-5,424775;2,583227;11,55176;-3,804665;1,94685;14,06231;-2,328733;1,385666;16,01725;-2,813131;0,753093;2,19836;-8,367406;1,540359;6,286626;-5,982235;0,657333;10,57141;-3,952002;0,479317;8,655413;-5,723177;1,16721;6,964862;-3,314415;-0,445711;2,229882;-8,19515;-0,71901;5,553864;-6,326084;-1,443735;8,977314;-4,834599;-1,540671;7,600508;-6,437624;-0,917059;6,065477;-52,8292;1,38544;67,30437;5,611487;12,16299;-52,67995;73,70587;12,16302;-52,67997;117,7431;12,55099;-52,89792;117,7431;12,55101;-52,89796;-53,20919;1,385443;67,30437;-29,32218;-3,030238;73,91312;-21,94858;-3,396291;73,27111;-14,71157;-3,710625;72,32976;-14,72604;-3,651575;72,55503;-53,24612;-2,262582;72,11527;30,59844;-2,871371;72,67801;34,53562;-3,963853;74,29118;38,64478;-5,104187;75,5312;38,65968;-4,968998;75,3615;-53,66921;-6,214556;77,38097;30,35371;-4,783008;77,78835;133,5246;-5,947967;79,368;-132,2135;-8,383179;76,30886;-132,2406;-8,583539;76,49272;-54,94481;-11,76624;85,06241;29,85501;-5,74003;78,69077;133,0172;-6,726464;80,0443;-132,4111;-9,162778;77,01919;-132,4424;-9,372454;77,21335;0;0;0;289,8673;-260,8826;90,77868;213,9586;-436,8322;-49,50048;179,2771;-267,9272;5,311757;191,4643;-52,93724;116,9022;245,701;-199,5478;87,24211;577,2442;-339,6168;266,5862;685,977;-486,9465;277,0413;726,8558;-577,7435;264,1671;745,5488;-658,4341;239,7756;190,0343;-119,5052;84,09011;490,3593;-214,7784;261,6225;323,9604;-482,918;10,18833;224,828;-626,5665;-131,9268;136,0961;-742,6157;-253,1563;141,7742;-43,72013;84,40639;383,3415;-85,19332;243,9751;239,4062;-327,0152;21,7714;157,8869;-297,1092;-24,48785;264,0842;-189,4827;105,6913;93,76595;28,25499;83,09241;253,0032;49,9266;211,6535;138,288;-141,1353;35,35464;80,22522;-122,2108;1,272663;176,4055;-24,61543;119,2304;0;0;0;-26,24559;-369,8501;712,5563;359,1585;-1008,319;518,967;550,4694;-1288,253;360,2796;509,0081;-1183,657;328,2351;22,98403;-393,2576;589,4422;264,8248;-1291,127;1309,314;502,4356;-2079,529;1498,757;667,8886;-2492,022;1590,534;828,1088;-2813,167;1652,315;84,18917;-420,7735;433,6971;356,3203;-1326,675;1067,028;754,8265;-1886,421;696,9263;973,0238;-2167,233;470,8406;1151,617;-2376,732;263,8864;135,2849;-439,9919;297,3235;412,3049;-1269,982;786,0546;761,7058;-1764,367;467,6752;624,8281;-1401,918;306,8178;474,2002;-1245,583;540,1808;187,1645;-461,5874;162,3834;450,1276;-1148,708;455,8253;730,1245;-1545,269;201,34;630,4597;-1283,492;87,82624;493,7195;-1141,303;299,2101;12,62972;10,66176;2,027114;0,428799;60,63804;-18,96554;68,09437;44,08424;-7,933973;23,82635;7,336978;7,17805;-6,852345;83,55197;4,033083;4,208916;-12,07349;83,49255;103,3226;93,87175;-13,368;83,17043;103,312;94,14545;0;0;0;0;0,074244;-2,833214;-8,792152;-7,912158;0;0;0;0;0;0;0;0;0;0;0;0;0;0;0;200,4181;-1012,73;-787,4037;105,2816;94,83773;0;0;210,8568;189,7785;0;0;0;0;0;0;0;0
74;1184;00:00:01:224;0;0;0;-1,31259;4,419483;2,062613;-1,077756;3,344128;6,690985;-4,048178;0,776118;7,810874;-6,442987;-0,639126;6,391963;-1,727796;3,348341;2,130267;-7,265875;5,78302;6,652391;-9,731495;6,22079;11,07428;-10,75126;6,357236;13,57645;-11,32318;6,386779;15,65425;-2,276893;1,980495;2,193859;-8,089779;3,66884;6,709085;-5,424775;2,583227;11,55176;-3,804665;1,94685;14,06231;-2,328733;1,385666;16,01725;-2,813131;0,753093;2,19836;-8,367406;1,540359;6,286626;-5,982235;0,657333;10,57141;-3,952002;0,479317;8,655413;-5,723177;1,16721;6,964862;-3,314415;-0,445711;2,229882;-8,19515;-0,71901;5,553864;-6,326084;-1,443735;8,977314;-4,834599;-1,540671;7,600508;-6,437624;-0,917059;6,065477;-52,8292;1,38544;67,30437;5,611487;12,16299;-52,67995;73,70587;12,16302;-52,67997;117,7431;12,55099;-52,89792;117,7431;12,55101;-52,89796;-53,20919;1,385443;67,30437;-29,35988;-3,252338;74,17319;-22,07169;-3,618803;73,53124;-14,91018;-3,93512;72,59037;-14,92551;-3,87529;72,81545;-53,24612;-2,262582;72,11527;30,59844;-2,871371;72,67801;34,53562;-3,963853;74,29118;38,64478;-5,104187;75,5312;38,65968;-4,968998;75,3615;-53,66921;-6,214556;77,38097;30,35371;-4,783008;77,78835;133,5246;-5,947967;79,368;-132,2135;-8,383179;76,30886;-132,2406;-8,583539;76,49272;-54,94481;-11,76624;85,06241;29,85501;-5,74003;78,69077;133,0172;-6,726464;80,0443;-132,4111;-9,162778;77,01919;-132,4424;-9,372454;77,21335;0;0;0;289,9502;-262,167;93,54597;215,0728;-440,7177;-47,40478;180,8197;-272,675;6,554782;192,8261;-57,06617;117,8362;245,8804;-200,9004;89,48673;578,1651;-343,9757;271,3284;686,2776;-493,9806;282,4638;727,2704;-586,1739;270,111;746,4028;-667,9758;246,1996;190,3323;-120,9335;85,6712;491,4549;-219,2287;265,3341;326,1311;-489,8991;12,72565;227,5615;-634,8406;-130,0887;139,273;-751,8795;-251,9435;142,1679;-45,18999;85,40115;384,5145;-89,42045;246,5379;241,5246;-333,4796;23,3337;159,6255;-302,3271;-23,43526;265,424;-193,8844;107,5006;94,25861;26,73096;83,50981;254,2001;46,13444;212,9026;140,2415;-146,7178;35,80083;81,90353;-126,8952;1,363501;177,7218;-28,5582;120,0067;0;0;0;4,971027;-77,06451;166,0373;66,85065;-233,1362;125,7419;92,55909;-284,8649;74,58152;81,70795;-247,7356;56,04172;10,76174;-81,15649;134,6776;55,25494;-261,5375;284,5287;18,03875;-422,041;325,3512;24,87373;-505,8231;356,6365;51,24092;-572,5049;385,4384;17,87996;-85,69836;94,86507;65,74058;-267,0221;222,6963;130,2438;-418,8681;152,2395;164,0153;-496,4446;110,2867;190,6178;-555,8252;72,76296;23,61917;-88,19138;59,68594;70,38116;-253,6275;153,7728;127,1009;-387,8646;93,73783;104,3143;-313,0731;63,15529;80,38615;-264,0996;108,5601;29,55901;-91,44222;25,04396;71,8131;-227,5296;74,94878;117,2125;-334,9514;26,77113;100,6983;-281,0619;5,450248;78,97781;-236,5667;46,58031;12,60831;10,66176;2,027114;0,428799;60,63804;-18,96554;68,09437;44,08424;-8,27512;23,82355;7,249088;7,098985;-6,852345;83,55197;4,033083;4,208916;-12,07349;83,49255;103,3226;93,87175;-13,368;83,17043;103,312;94,14545;0;0;0;0;-20,46879;-0,167999;-5,27338;-4,743919;0;0;0;0;0;0;0;0;0;0;0;0;0;0;0;0;-1232,582;159,9129;211,1263;190,0944;0;0;0;0;0;0;0;0;0;0;0;0
75;1200;00:00:01:240;0;0;0;-1,298384;4,450719;2,003597;-1,071762;3,434907;6,645808;-4,052562;0,892512;7,796155;-6,451197;-0,53239;6,393464;-1,717554;3,382064;2,084791;-7,250912;5,895552;6,569422;-9,732575;6,404985;10,97464;-10,77159;6,583663;13,4662;-11,36711;6,649584;15,53652;-2,271692;2,017166;2,165658;-8,082569;3,785296;6,652844;-5,426031;2,753191;11,51184;-3,813091;2,144307;14,0338;-2,344771;1,604099;16,00035;-2,812404;0,791882;2,185623;-8,36756;1,652514;6,257874;-5,989597;0,816727;10,55611;-3,958251;0,606391;8,644581;-5,725339;1,27863;6,943488;-3,318083;-0,40458;2,232267;-8,202861;-0,61682;5,55477;-6,339624;-1,303669;8,989187;-4,847226;-1,42395;7,615214;-6,446543;-0,81457;6,07063;-53,16885;2,052352;67,08569;5,195049;11,53535;-52,97398;73,28944;11,53539;-52,97398;117,3285;11,9218;-53,19428;117,3285;11,92181;-53,19432;-53,54885;2,052355;67,08569;-29,80458;-2,543112;73,97014;-22,75889;-2,914588;73,3315;-15,82006;-3,242239;72,39522;-15,83261;-3,178854;72,61916;-53,52854;-1,569495;71,91623;30,32275;-2,175544;72,48166;34,22079;-3,260534;74,09881;38,29214;-4,394226;75,34384;38,30501;-4,260103;75,17355;-53,88774;-5,498463;77,19479;30,14075;-4,0654;77,59628;133,3312;-5,224778;79,17832;-132,4465;-7,671273;76,13291;-132,4714;-7,870886;76,31725;-55,06691;-11,02752;84,87805;29,65314;-5,019166;78,50121;132,8321;-6,001048;79,85633;-132,6356;-8,448063;76,84506;-132,6646;-8,656977;77,03967;0;0;0;289,9502;-262,167;93,54597;215,0728;-440,7177;-47,40478;180,8197;-272,675;6,554782;192,8261;-57,06617;117,8362;245,8804;-200,9004;89,48673;578,1651;-343,9757;271,3284;686,8348;-491,459;283,0187;728,2784;-581,8879;271,439;747,8827;-662,0758;248,5425;190,3323;-120,9335;85,6712;491,4549;-219,2287;265,3341;326,1311;-489,8991;12,72565;227,5329;-634,8323;-129,9036;139,1956;-751,8796;-251,4697;142,1679;-45,18999;85,40115;384,5145;-89,42045;246,5379;241,5246;-333,4796;23,3337;159,6255;-302,3271;-23,43526;265,424;-193,8844;107,5006;94,25861;26,73096;83,50981;254,2001;46,13444;212,9026;140,2415;-146,7178;35,80083;81,90353;-126,8952;1,363501;177,7218;-28,5582;120,0067;0;0;0;0;0;0;0;0;0;0;0;0;0;0;0;0;0;0;0;0;0;33,43105;151,2966;33,29515;60,48488;257,1544;79,67805;88,7947;354,0029;140,5749;0;0;0;0;0;0;0;0;0;-1,718044;0,497818;11,10434;-4,646301;-0,011444;28,43142;0;0;0;0;0;0;0;0;0;0;0;0;0;0;0;0;0;0;0;0;0;0;0;0;0;0;0;0;0;0;12,62309;10,66394;2,027114;0,428799;60,63804;-18,96554;68,09437;44,08424;-8,265149;23,63422;7,014674;6,888032;-6,852345;83,55197;3,974537;4,156145;-12,07349;83,49255;103,3226;93,87175;-13,368;83,17043;103,312;94,14545;0;0;0;0;0,59824;-11,35963;-14,06487;-12,65714;0;0;-3,512778;-3,166265;0;0;0;0;0;0;0;0;0;0;0;0;1264,021;-671,498;-527,4896;-474,793;0;0;-210,7667;-189,9759;0;0;0;0;0;0;0;0
76;1216;00:00:01:256;0;0;0;-1,284025;4,468274;1,973553;-1,031608;3,491263;6,622757;-4,007466;0,960698;7,811347;-6,414991;-0,474229;6,434341;-1,703426;3,400632;2,066095;-7,20948;5,955523;6,560923;-9,664106;6,508983;10,97596;-10,69895;6,715486;13,46711;-11,29929;6,806771;15,53507;-2,257987;2,03685;2,161563;-8,04203;3,846627;6,66678;-5,358511;2,853432;11,51906;-3,734123;2,26521;14,03857;-2,258703;1,741326;16,00422;-2,79938;0,812157;2,194884;-8,330667;1,710808;6,291343;-5,928786;0,909419;10,58283;-3,908508;0,681635;8,661592;-5,684824;1,34083;6,965012;-3,305568;-0,383516;2,254443;-8,171463;-0,564457;5,606375;-6,289129;-1,223794;9,035767;-4,804667;-1,356641;7,654373;-6,412364;-0,759109;6,113864;-53,05533;2,622116;67,05143;4,634142;11,34759;-53,12416;72,72854;11,34763;-53,12416;116,7676;11,73191;-53,34816;116,7676;11,73192;-53,3482;-53,43532;2,622107;67,05141;-29,62183;-1,947577;73,87307;-22,84648;-2,317052;73,23356;-16,15481;-2,64621;72,29826;-16,165;-2,581523;72,52174;-53,36752;-1,011313;71,87369;30,48931;-1,618964;72,43724;34,34452;-2,708877;74,05042;38,37526;-3,845385;75,29216;38,38645;-3,710995;75,12211;-53,67529;-4,957413;77,13653;30,35661;-3,525867;77,54309;133,5622;-4,691384;79,11945;-132,2433;-7,126391;76,06784;-132,2664;-7,326659;76,25124;-54,78;-10,51954;84,78552;29,87777;-4,483099;78,44371;133,0697;-5,470413;79,79366;-132,4252;-7,905722;76,77624;-132,4522;-8,115352;76,9698;0;0;0;289,0979;-264,0412;97,08695;214,7132;-446,1645;-44,69418;181,0828;-279,6586;7,437943;193,3187;-63,47035;117,7462;245,2659;-202,9238;92,21527;577,2673;-350,7276;276,3065;687,2313;-502,508;289,0456;729,9479;-594,8245;278,5005;751,0111;-676,2919;256,7483;190,0203;-123,1338;87,36326;491,0223;-226,2161;268,7085;326,2065;-500,097;15,12059;228,0098;-646,6713;-128,0079;140,0805;-764,9853;-249,9816;142,1243;-47,51738;86,1654;384,5238;-96,14976;248,2631;241,9663;-343,0432;24,25128;160,0005;-309,9515;-22,78536;265,5538;-200,5696;108,7831;94,47871;24,26309;83,36671;254,6628;40,00305;212,8483;141,0539;-155,1218;35,08843;82,66114;-133,8985;0,481099;178,257;-34,70755;119,6975;0;0;0;-51,13935;-112,4482;212,4592;-21,5764;-326,806;162,6357;15,78212;-419,0154;52,98967;29,55579;-384,2507;-5,401611;-36,87;-121,4032;163,712;-53,86734;-405,1137;298,6879;23,79226;-662,9419;361,6089;100,1644;-776,1955;423,6875;187,706;-852,9653;492,3463;-18,72325;-132,0162;101,5238;-25,95806;-419,24;202,466;4,520416;-611,8698;143,6966;28,61595;-710,3433;113,7421;53,09129;-786,3378;89,28537;-2,616405;-139,6431;45,85468;0,557899;-403,7583;103,5089;26,50309;-573,8182;55,05502;22,49837;-457,4661;38,99395;7,786273;-401,1118;76,9472;13,20612;-148,0716;-8,585929;27,75908;-367,883;-3,258705;48,74396;-504,2388;-42,74368;45,45665;-420,1963;-52,94412;32,1114;-368,9607;-18,55302;12,63696;10,66612;2,027114;0,4288;60,63804;-18,96554;68,09437;44,08424;-8,198267;23,63012;6,750959;6,650659;-6,852345;83,55197;3,915967;4,103508;-12,07349;83,49255;103,3226;93,87175;-13,368;83,17043;103,312;94,14545;0;0;0;0;4,012928;-0,245934;-15,82289;-14,24243;0;0;-3,514209;-3,158226;0;0;0;0;0;0;0;0;0;0;0;0;204,8813;666,822;-105,4808;-95,11756;0;0;-0,085831;0,482368;0;0;0;0;0;0;0;0
77;1232;00:00:01:272;0;0;0;-1,279874;4,463355;1,987329;-1,009521;3,47714;6,633581;-3,979151;0,942043;7,828076;-6,390746;-0,49183;6,457107;-1,698169;3,395228;2,079267;-7,18933;5,93708;6,599633;-9,63275;6,463168;11,02422;-10,67064;6,658539;13,51501;-11,28048;6,743836;15,58044;-2,251402;2,030858;2,174033;-8,019983;3,827376;6,704311;-5,317781;2,826315;11,54459;-3,686141;2,234799;14,05864;-2,206796;1,708846;16,02078;-2,791797;0,805712;2,206885;-8,308491;1,692114;6,325631;-5,890142;0,883787;10,60655;-3,876842;0,661335;8,677383;-5,659906;1,322677;6,988736;-3,296911;-0,390443;2,265903;-8,150211;-0,581648;5,635477;-6,254703;-1,246555;9,056526;-4,77528;-1,375546;7,669374;-6,389104;-0,776061;6,136048;-52,8143;2,598237;67,10335;4,531657;11,5677;-53,10354;72,62604;11,56773;-53,10355;116,6641;11,95163;-53,32844;116,6641;11,95163;-53,32848;-53,1943;2,59824;67,10335;-29,39116;-2,135708;74,06399;-22,8481;-2,502592;73,42291;-16,36438;-2,831753;72,4875;-16,37528;-2,76625;72,71075;-53,12957;-1,055312;71,91035;30,72687;-1,665293;72,47139;34,52226;-2,761857;74,0801;38,49925;-3,902191;75,31837;38,51062;-3,76745;75,14861;-53,44152;-5,023022;77,15714;30,58946;-3,593129;77,5696;133,7935;-4,765;79,14136;-132,0074;-7,187614;76,07941;-132,0305;-7,388631;76,262;-54,55408;-10,61551;84,78504;30,10981;-4,553989;78,46638;133,3004;-5,546726;79,81248;-132,1897;-7,969827;76,78468;-132,2168;-8,180243;76,97739;0;0;0;288,2363;-265,0945;98,88959;212,304;-449,5459;-43,3111;178,3771;-283,7498;6,526441;191,1464;-66,96004;115,2936;244,4182;-204,0379;93,33707;574,7814;-354,3259;276,8165;682,0916;-508,756;288,8155;723,9913;-602,1713;278,5477;744,8819;-684,3566;257,4735;189,198;-124,3148;87,60896;488,59;-229,8959;267,8724;322,1553;-506,1114;14,68777;223,2431;-653,9169;-128,1091;134,8389;-773,2177;-249,74;141,3428;-48,73387;85,6097;382,3102;-99,6474;246,2549;238,3176;-348,6048;22,64821;157,0159;-314,4662;-23,80603;263,1229;-204,3016;107,4916;93,7278;22,99927;82,03616;252,7789;36,86126;209,752;138,0242;-159,9143;32,2937;80,10761;-137,937;-1,868427;176,2063;-38,03521;117,1035;0;0;0;-51,69296;-63,19856;108,1581;-144,5532;-202,8837;82,98486;-162,3437;-245,4715;-54,69019;-130,3396;-209,3811;-147,1567;-50,86184;-66,84637;67,30806;-149,1537;-215,8971;30,59578;-308,3839;-374,8827;-13,80157;-357,3904;-440,8035;2,836704;-367,753;-483,879;43,51616;-49,33834;-70,86324;14,74249;-145,9408;-220,7909;-50,16804;-243,0682;-360,8694;-25,96915;-286,0021;-434,7324;-6,072521;-314,4922;-493,9441;14,49394;-46,88859;-72,98969;-33,34164;-132,8187;-209,8589;-120,4891;-218,9198;-333,6911;-96,18401;-179,075;-270,8788;-61,24019;-145,8535;-223,918;-77,48651;-45,05467;-75,82944;-79,83326;-113,0319;-188,5076;-185,7776;-181,7815;-287,5521;-167,6837;-153,2117;-242,3136;-140,9715;-123,044;-199,6595;-155,6418;12,62932;10,66829;2,027114;0,428799;60,63804;-18,96554;68,09437;44,08424;-8,406323;23,64297;6,51656;6,439707;-6,852345;83,55197;3,857423;4,050719;-12,07349;83,49255;103,3226;93,87175;-13,368;83,17043;103,312;94,14545;0;0;0;0;-12,48339;0,770645;-14,06393;-12,65711;0;0;-3,512649;-3,167295;0;0;0;0;0;0;0;0;0;0;0;0;-989,7788;60,99471;105,5374;95,11928;0;0;0,093555;-0,544167;0;0;0;0;0;0;0;0
78;1248;00:00:01:288;0;0;0;-1,279874;4,463355;1,987329;-1,009521;3,47714;6,633581;-3,979151;0,942043;7,828076;-6,390746;-0,49183;6,457107;-1,698169;3,395228;2,079267;-7,18933;5,93708;6,599633;-9,631989;6,465826;11,02433;-10,67436;6,664093;13,51301;-11,29155;6,752856;15,57611;-2,251402;2,030858;2,174033;-8,019983;3,827376;6,704311;-5,317781;2,826315;11,54459;-3,687391;2,23511;14,05952;-2,209911;1,709579;16,02319;-2,791797;0,805712;2,206885;-8,308491;1,692114;6,325631;-5,890142;0,883787;10,60655;-3,876842;0,661335;8,677383;-5,659906;1,322677;6,988736;-3,296911;-0,390443;2,265903;-8,150211;-0,581648;5,635477;-6,254703;-1,246555;9,056526;-4,77528;-1,375546;7,669374;-6,389104;-0,776061;6,136048;-52,8143;2,598237;67,10335;4,531657;11,5677;-53,10354;72,62604;11,56773;-53,10355;116,6641;11,95163;-53,32844;116,6641;11,95163;-53,32848;-53,1943;2,59824;67,10335;-29,39023;-2,114073;74,03883;-22,96463;-2,480945;73,39775;-16,58677;-2,812014;72,463;-16,59758;-2,745645;72,68602;-53,12957;-1,055312;71,91035;30,72687;-1,665293;72,47139;34,49295;-2,761858;74,08009;38,44355;-3,901561;75,31895;38,4549;-3,766974;75,14905;-53,44152;-5,023022;77,15714;30,58946;-3,593129;77,5696;133,7935;-4,765;79,14136;-132,0074;-7,187614;76,07941;-132,0305;-7,388631;76,262;-54,55408;-10,61551;84,78504;30,10981;-4,553989;78,46638;133,3004;-5,546726;79,81248;-132,1897;-7,969827;76,78468;-132,2168;-8,180243;76,97739;0;0;0;287,9872;-264,7993;98,06301;210,9787;-448,6985;-43,96051;176,6781;-282,6305;5,522668;189,6916;-65,90396;113,9276;244,1028;-203,7137;92,54675;573,5724;-353,2193;274,4939;680,3745;-506,0059;285,944;722,5179;-598,4647;275,8749;744,0046;-679,8849;255,2566;188,8029;-123,9553;86,86078;487,2672;-228,7409;265,6205;319,7115;-504,4844;13,15588;220,3499;-652,0878;-129,2205;131,6858;-771,2681;-250,4968;140,8878;-48,34714;84,88966;380,9796;-98,52576;244,1977;235,999;-347,0668;21,22481;155,1159;-313,2482;-24,75352;261,6278;-203,2124;106,0682;93,20837;23,41488;81,3486;251,5038;37,89273;208,0059;135,9587;-158,5486;31,04809;78,34437;-136,8027;-2,768486;174,8106;-37,01812;115,7725;0;0;0;-14,94312;17,70687;-49,59476;-79,51498;50,84324;-38,96445;-101,9361;67,15822;-60,22634;-87,28408;63,3645;-81,95757;-18,92423;19,45495;-47,41895;-72,54123;66,39719;-139,3561;-103,0312;165,0095;-172,2922;-88,40274;222,3988;-160,3689;-52,6371;268,2953;-133,0161;-23,70357;21,57283;-44,89124;-79,36763;69,30255;-135,1132;-146,6303;97,62096;-91,91384;-173,594;109,7431;-66,68543;-189,1894;116,9758;-45,40872;-27,29845;23,20379;-43,20287;-79,83255;67,29877;-123,436;-139,1201;92,27657;-85,40421;-113,9996;73,0791;-56,84942;-89,70594;65,35005;-85,40439;-31,16583;24,93685;-41,25344;-76,50375;61,88857;-104,7678;-123,9345;81,94183;-74,73707;-105,7945;68,06015;-54,0036;-83,73856;61,02561;-79,86116;12,63565;10,66937;2,027114;0,428799;60,63804;-18,96554;68,09437;44,08424;-8,373204;23,64091;6,399296;6,334254;-6,852345;83,55197;3,828122;4,024382;-12,07349;83,49255;103,3226;93,87175;-13,368;83,17043;103,312;94,14545;0;0;0;0;1,987152;-0,123596;-7,035827;-6,327152;0;0;-1,758041;-1,580229;0;0;0;0;0;0;0;0;0;0;0;0;868,2322;-53,65447;421,6861;379,7973;0;0;105,2765;95,22398;0;0;0;0;0;0;0;0
79;1264;00:00:01:304;0;0;0;-1,281919;4,446389;2,023712;-1,004132;3,424384;6,661783;-3,969405;0,876872;7,840586;-6,381344;-0,548908;6,461803;-1,698945;3,377128;2,107914;-7,18661;5,877834;6,655394;-9,693207;6,382951;11,04696;-10,78105;6,571564;13,51687;-11,44305;6,655076;15,56625;-2,250587;2,011465;2,192826;-8,014861;3,766484;6,744801;-5,304947;2,730752;11,57346;-3,671722;2,122084;14,08238;-2,192851;1,58331;16,0414;-2,789625;0,785517;2,21689;-8,301603;1,633918;6,349926;-5,876516;0,794957;10,62113;-3,865629;0,589681;8,687546;-5,651717;1,262201;7,006525;-3,293377;-0,411605;2,267296;-8,14184;-0,634238;5,641902;-6,240925;-1,323667;9,05509;-4,763271;-1,440274;7,664959;-6,379839;-0,830632;6,138543;-52,56879;2,218309;67,17527;4,741094;11,97078;-52,99922;72,83547;11,97081;-52,99922;116,8722;12,3555;-53,22302;116,8722;12,35551;-53,22305;-52,94878;2,218311;67,17528;-30,10983;-2,582499;74,16374;-23,9136;-2,957361;73,5271;-17,73913;-3,303784;72,59756;-17,75177;-3,232948;72,81927;-52,91687;-1,454422;71,9673;30,93571;-2,066466;72,52619;34,66132;-3,168727;74,13148;38,57689;-4,311962;75,36759;38,58944;-4,176972;75,19791;-53,26549;-5,43989;77,20271;30,76212;-4,011265;77,61976;133,9548;-5,187701;79,18896;-131,8227;-7,601102;76,11725;-131,8471;-7,802696;76,29936;-54,43348;-11,05195;84,82398;30,27611;-4,974763;78,51418;133,457;-5,971277;79,85838;-132,0098;-8,38553;76,82069;-132,0382;-8,596549;77,01295;0;0;0;287,9872;-264,7993;98,06301;210,9787;-448,6985;-43,96051;176,6781;-282,6305;5,522668;189,6916;-65,90396;113,9276;244,1028;-203,7137;92,54675;573,5724;-353,2193;274,4939;679,549;-501,6894;287,7418;721,4772;-591,4846;279,3341;742,968;-670,6154;260,591;188,8029;-123,9553;86,86078;487,2672;-228,7409;265,6205;319,7115;-504,4844;13,15588;220,4106;-652,1021;-129,181;131,834;-771,311;-250,4041;140,8878;-48,34714;84,88966;380,9796;-98,52576;244,1977;235,999;-347,0668;21,22481;155,1159;-313,2482;-24,75352;261,6278;-203,2124;106,0682;93,20837;23,41488;81,3486;251,5038;37,89273;208,0059;135,9587;-158,5486;31,04809;78,34437;-136,8027;-2,768486;174,8106;-37,01812;115,7725;0;0;0;0;0;0;0;0;0;0;0;0;0;0;0;0;0;0;0;0;0;-49,52716;258,9855;107,8706;-62,44754;418,8051;207,55;-62,19577;556,1771;320,0626;0;0;0;0;0;0;0;0;0;3,640651;-0,855446;2,371073;8,890628;-2,57492;5,56755;0;0;0;0;0;0;0;0;0;0;0;0;0;0;0;0;0;0;0;0;0;0;0;0;0;0;0;0;0;0;12,66527;10,67045;2,027115;0,428799;60,63804;-18,96554;68,09437;44,08424;-8,467262;22,7263;6,164911;6,123302;-6,852345;83,55197;3,798802;3,99797;-12,07349;83,49255;103,3226;93,87175;-13,368;83,17043;103,312;94,14545;0;0;0;0;-5,643482;-54,87636;-14,06313;-12,65711;0;0;-1,759186;-1,58472;0;0;0;0;0;0;0;0;0;0;0;0;-457,838;-3285,166;-421,6381;-379,7973;0;0;-0,068665;-0,269508;0;0;0;0;0;0;0;0
80;1280;00:00:01:320;0;0;0;-1,289524;4,423201;2,069185;-1,015562;3,352551;6,696497;-3,979026;0,789156;7,845027;-6,387727;-0,624865;6,448586;-1,705343;3,352608;2,141618;-7,201003;5,7985;6,709214;-9,737623;6,252949;11,08906;-10,85174;6,416909;13,54899;-11,54255;6,482853;15,58949;-2,25542;1,985462;2,211478;-8,026788;3,685328;6,775381;-5,320893;2,601861;11,59581;-3,692173;1,969253;14,10174;-2,218531;1,412354;16,05963;-2,792995;0,758682;2,221986;-8,310511;1,556713;6,357667;-5,889071;0,675557;10,62244;-3,875827;0,493152;8,689017;-5,660894;1,18126;7,013227;-3,295349;-0,439511;2,259178;-8,147221;-0,703638;5,625883;-6,249199;-1,426828;9,033689;-4,769887;-1,526955;7,644038;-6,385527;-0,903154;6,122366;-52,39212;1,635482;67,25043;5,166113;12,41609;-52,84026;73,26051;12,41613;-52,84026;117,2961;12,80242;-53,0615;117,2961;12,80244;-53,06153;-52,77211;1,635482;67,25043;-30,3144;-3,249696;74,30521;-24,34523;-3,626784;73,66946;-18,37098;-3,980108;72,74186;-18,38619;-3,906825;72,96297;-52,78949;-2,049963;72,03262;31,05734;-2,663229;72,5904;34,70766;-3,768651;74,19434;38,55757;-4,912753;75,43059;38,5719;-4,77782;75,26072;-53,19266;-6,044554;77,26463;30,83037;-4,616448;77,68384;134,0065;-5,794516;79,25322;-131,738;-8,204286;76,17479;-131,7643;-8,406155;76,35687;-54,44208;-11,66088;84,8949;30,33497;-5,580938;78,57797;133,5016;-6,578651;79,92269;-131,9324;-8,989709;76,87819;-131,9628;-9,200982;77,07048;0;0;0;288,11;-263,7814;95,88005;210,6554;-445,5331;-45,65267;176,0934;-278,7202;4,772097;189,1275;-62,47929;113,6458;244,1493;-202,6277;90,82793;573,4092;-349,6646;271,1483;682,6089;-495,2211;286,9156;726,8959;-583,0953;280,314;750,7472;-660,5161;263,3118;188,754;-122,7917;85,73321;486,9598;-225,0874;263,1911;318,9414;-498,7506;11,42371;219,4418;-645,3116;-130,3674;130,7329;-763,7322;-251,0231;140,7575;-47,13548;84,28937;380,5663;-95,03403;242,7399;235,1814;-341,737;20,3501;154,4432;-308,9489;-25,36324;261,1364;-199,5839;105,0009;92,99632;24,6846;81,265;251,0015;41,04813;207,6203;135,132;-153,9219;31,13428;77,62386;-132,9191;-2,503574;174,2547;-33,74381;115,6228;0;0;0;7,361411;61,07997;-130,9776;-19,39916;189,9261;-101,5297;-35,08401;234,6182;-45,03429;-33,84733;205,4801;-16,90864;2,790928;65,15979;-103,1295;-9,79042;213,2835;-200,7365;183,5975;388,0977;-49,57294;325,1266;503,354;58,79401;466,7501;605,9561;163,25;-2,934694;69,81325;-67,65424;-18,44215;219,2116;-145,7619;-46,20409;344,0266;-103,9303;-58,12597;407,4297;-71,18582;-66,06173;454,731;-37,14323;-7,819175;72,69966;-36,01741;-24,79505;209,5038;-87,46432;-49,05223;319,7894;-52,48278;-40,36546;257,9541;-36,58274;-29,48284;217,7117;-64,04041;-12,72297;76,18278;-5,016446;-30,14087;189,3237;-23,1328;-49,59941;277,6029;5,171299;-43,23041;233,0181;15,89477;-33,35309;196,4584;-8,981465;12,6747;10,67261;2,027114;0,428799;60,63804;-18,96554;68,09437;44,08424;-8,569557;22,42564;5,930488;5,91238;-6,852345;83,55197;3,740207;3,945261;-12,07349;83,49255;103,3226;93,87175;-13,368;83,17043;103,312;94,14545;0;0;0;0;-6,137695;-18,03978;-14,06539;-12,65533;0;0;-3,515725;-3,162532;0;0;0;0;0;0;0;0;0;0;0;0;-29,65278;2210,195;-0,135613;0,10643;0;0;-105,3923;-94,66866;0;0;0;0;0;0;0;0
81;1296;00:00:01:336;0;0;0;-1,316957;4,38662;2,128918;-1,054802;3,249568;6,741049;-4,01075;0,656405;7,841102;-6,405709;-0,743699;6,407499;-1,728186;3,313233;2,184162;-7,251252;5,667386;6,766881;-9,829363;6,013883;11,13235;-10,97306;6,122719;13,58174;-11,69307;6,147049;15,61304;-2,27232;1,942765;2,232005;-8,067699;3,549801;6,799109;-5,374288;2,407979;11,61305;-3,756778;1,747137;14,11896;-2,295207;1,169669;16,07994;-2,804374;0,71357;2,222599;-8,340283;1,426283;6,349272;-5,930241;0,493611;10,60955;-3,90925;0,34854;8,681045;-5,69137;1,053122;7,008971;-3,301432;-0,487273;2,240422;-8,164139;-0,822358;5,585109;-6,275135;-1,586875;8,988903;-4,790397;-1,660027;7,603364;-6,403357;-1,021243;6,08507;-52,2616;0,781487;67,51089;5,857162;12,95628;-52,43076;73,95155;12,95633;-52,43077;118,1531;13,3452;-52,64771;118,1531;13,3452;-52,64772;-52,64159;0,78149;67,5109;-30,50285;-4,411858;74,90584;-24,69666;-4,790962;74,2704;-18,86187;-5,149802;73,34348;-18,88155;-5,074625;73,56427;-52,73057;-2,911848;72,2878;31,1079;-3,525642;72,84537;34,61683;-4,632147;74,45012;38,34238;-5,774098;75,68993;38,35934;-5,639802;75,51936;-53,21278;-6,90823;77,5246;30,80395;-5,479949;77,94387;133,9563;-6,656969;79,5164;-131,7416;-9,068181;76,43307;-131,7706;-9,270022;76,61558;-54,57982;-12,51423;85,18145;30,29494;-6,44392;78,83989;133,4411;-7,440466;80,18781;-131,9468;-9,853488;77,13826;-131,9801;-10,0647;77,33109;0;0;0;288,5663;-262,3901;93,15166;211,3412;-441,2231;-47,73549;176,6706;-273,4572;4,505619;189,795;-57,57421;114,1282;244,5332;-201,1565;88,80568;574,2728;-344,9045;267,919;682,941;-486,5131;284,4089;727,5709;-572,0074;278,7014;752,183;-647,402;262,7416;189,044;-121,2316;84,61404;487,6754;-220,218;261,3563;319,8982;-491,0172;10,0826;220,6116;-636,1231;-131,1588;132,1188;-753,467;-251,1688;140,9598;-45,52534;83,98358;381,1007;-90,4017;242,2755;235,9348;-334,573;20,27146;155,055;-303,1572;-25,45153;261,687;-194,7274;104,5987;93,11465;26,35899;81,7521;251,3244;45,21214;208,5815;135,6284;-147,7323;32,41829;78,02083;-127,7181;-1,2483;174,596;-29,39251;116,5933;0;0;0;27,37856;83,47606;-163,7034;41,14723;258,5964;-124,9695;34,63483;315,7754;-15,98865;40,05074;294,3052;28,94139;23,03409;88,26971;-121,3353;51,81599;285,6045;-193,7527;19,92702;522,48;-150,4025;40,49492;665,2765;-96,75264;86,14825;786,8442;-34,21354;17,39859;93,6098;-67,14964;42,93823;292,1634;-110,0893;57,40642;464,0064;-80,46626;70,18947;551,3076;-47,4801;83,15276;615,9095;-8,743285;12,13431;96,60815;-18,34702;32,06348;277,9394;-27,86779;45,19987;429,8401;-4,718005;36,71264;347,5041;-5,297362;33,03623;291,3894;-24,12915;7,099628;100,4635;29,22606;19,37198;249,8404;57,67106;29,78611;371,3786;77,04108;23,81801;312,0546;75,31641;20,47562;261,0782;58,23468;12,65625;10,68238;2,024998;0,425437;60,63804;-18,96554;68,09437;44,25128;-9,023974;22,26492;5,754659;5,754114;-6,852345;83,55197;3,623096;3,839767;-12,07349;83,49255;103,3226;93,87175;-13,368;83,17043;103,312;94,14545;0;0;0;10,02251;-27,26503;-9,64302;-10,54971;-9,495963;0;0;-7,026672;-6,329641;0;0;0;0;0;0;0;0;0;0;0;601,3503;-1267,64;503,8056;210,9409;189,5622;0;0;-210,6568;-190,0266;0;0;0;0;0;0;0;0
82;1312;00:00:01:352;0;0;0;-1,316957;4,38662;2,128918;-1,054802;3,249568;6,741049;-4,01075;0,656405;7,841102;-6,402251;-0,737568;6,395798;-1,728186;3,313233;2,184162;-7,251252;5,667386;6,766881;-9,832523;6,022781;11,12977;-10,98408;6,138165;13,57517;-11,71515;6,169075;15,60243;-2,27232;1,942765;2,232005;-8,067699;3,549801;6,799109;-5,374288;2,407979;11,61305;-3,756778;1,747137;14,11896;-2,295207;1,169669;16,07994;-2,804374;0,71357;2,222599;-8,340283;1,426283;6,349272;-5,930241;0,493611;10,60955;-3,90925;0,34854;8,681045;-5,69137;1,053122;7,008971;-3,301432;-0,487273;2,240422;-8,164139;-0,822358;5,585109;-6,275135;-1,586875;8,988903;-4,790397;-1,660027;7,603364;-6,403357;-1,021243;6,08507;-52,2616;0,781487;67,51089;5,857162;12,95628;-52,43076;73,95155;12,95633;-52,43077;118,4036;13,3452;-52,6477;118,4036;13,34521;-52,64772;-52,64159;0,78149;67,5109;-30,568;-4,353024;74,83794;-24,90901;-4,732855;74,20299;-19,20712;-5,095125;73,27747;-19,22654;-5,018623;73,4978;-52,73057;-2,911848;72,2878;31,1079;-3,525642;72,84537;34,61683;-4,632147;74,45012;38,34238;-5,774098;75,68993;38,35934;-5,639802;75,51936;-53,21278;-6,90823;77,5246;30,80395;-5,479949;77,94387;133,9563;-6,656969;79,5164;-131,7416;-9,068181;76,43307;-131,7706;-9,270022;76,61558;-54,57982;-12,51423;85,18145;30,29494;-6,44392;78,83989;133,4411;-7,440466;80,18781;-131,9468;-9,853488;77,13826;-131,9801;-10,0647;77,33109;0;0;0;290,2122;-260,1952;89,56765;213,6956;-435,0442;-50,40863;178,5741;-265,4922;4,741117;191,3027;-49,92475;116,1269;245,9038;-198,794;86,25303;577,2877;-337,0377;264,459;688,8684;-471,8189;282,0204;735,4586;-553,46;277,2639;761,9368;-625,6993;262,3125;190,058;-118,6697;83,38248;490,1301;-212,0864;259,9326;323,1019;-479,3842;9,047894;224,4879;-622,7961;-132,1918;136,7194;-738,9059;-252,3873;141,6425;-42,81866;83,94682;382,8872;-82,57592;242,7792;238,4049;-323,6563;21,04537;157,0604;-294,4805;-24,9732;263,5156;-187,0391;104,8541;93,47963;29,22469;82,87743;252,3394;52,33531;211,0279;137,1846;-138,1295;35,10546;79,2514;-119,7338;1,192152;175,6658;-22,30718;118,8311;0;0;0;98,75822;131,6929;-215,0406;141,2616;370,7399;-160,3882;114,207;477,9038;14,12988;90,46339;458,9676;119,9212;82,23724;141,7515;-153,1588;180,8939;472,0087;-207,6001;355,6394;881,6528;-143,3129;473,2618;1112,846;-86,25555;585,225;1302,163;-25,74492;60,84036;153,712;-73,89413;147,2826;487,8959;-85,42299;192,2207;697,978;-62,08241;232,5768;799,6187;-61,98048;276,0336;873,6649;-73,10629;40,96341;162,401;-2,205491;107,1868;469,5468;30,22527;148,2081;655,0026;46,4344;120,3225;520,6031;28,69972;109,7159;461,2948;15,32078;21,89898;171,9419;67,51978;60,90402;427,3904;146,7848;93,37019;576,1685;161,2303;73,83441;479,0589;146,4271;64,18848;425,1193;134,2664;12,67638;10,69055;2,021857;0,420743;60,63804;-18,96554;68,09437;44,50181;-8,934415;22,18838;5,60815;5,622286;-6,852345;83,55197;3,623096;3,839767;-12,07349;83,49255;103,3226;93,87175;-13,368;83,17043;103,312;94,14545;0;0;0;15,03181;5,373573;-4,592399;-8,790522;-7,909698;0;0;0;0;0;0;0;0;0;0;0;0;0;0;0;300,5584;1958,316;303,0372;105,5511;95,1759;0;0;421,6003;379,7784;0;0;0;0;0;0;0;0
83;1328;00:00:01:368;0;0;0;-1,328626;4,37639;2,142676;-1,078415;3,221144;6,750947;-4,034285;0,619912;7,831993;-6,41591;-0,764315;6,361237;-1,738666;3,30228;2,192416;-7,277941;5,631136;6,768489;-9,89183;5,948076;11,11489;-11,06606;6,044796;13,5503;-11,8192;6,06239;15,56962;-2,281217;1,930956;2,233177;-8,091823;3,512425;6,789846;-5,410948;2,354621;11,60697;-3,802089;1,686199;14,11643;-2,348793;1,103295;16,08195;-2,811699;0,701149;2,217292;-8,360438;1,390395;6,330699;-5,961587;0,443611;10,59418;-3,934834;0,308801;8,670984;-5,712983;1,017879;6,996584;-3,307299;-0,500373;2,228851;-8,179257;-0,854937;5,558031;-6,299172;-1,630774;8,9642;-4,810332;-1,696515;7,582696;-6,419685;-1,053641;6,062301;-52,32736;0,505336;67,5817;6,136477;13,03698;-52,29639;74,23087;13,03701;-52,29641;118,9615;13,42692;-52,51146;118,9615;13,42692;-52,51149;-52,70736;0,505341;67,5817;-30,87328;-4,796846;75,12407;-25,32674;-5,180014;74,49073;-19,72327;-5,548939;73,56723;-19,74438;-5,470461;73,78703;-52,81922;-3,181557;72,36404;31,01654;-3,794476;72,92274;34,46654;-4,898319;74,52988;38,13988;-6,036952;75,77328;38,1577;-5,903263;75,60217;-53,32645;-7,168726;77,61008;30,6887;-5,739608;78,02669;133,8336;-6,913383;79,60242;-131,8508;-9,330774;76,52207;-131,8808;-9,532272;76,70512;-54,73001;-12,75734;85,28585;30,1754;-6,701756;78,92511;133,3152;-7,69543;80,27594;-132,0595;-10,11473;77,22936;-132,0939;-10,32557;77,42278;0;0;0;290,2122;-260,1952;89,56765;213,6956;-435,0442;-50,40863;178,5741;-265,4922;4,741117;191,5747;-49,71848;116,31;245,9038;-198,794;86,25303;577,2877;-337,0377;264,459;687,634;-471,4362;282,3245;733,9352;-552,7086;278,087;760,4744;-624,5696;263,7904;190,058;-118,6697;83,38248;490,1301;-212,0864;259,9326;323,1019;-479,3842;9,047894;224,4629;-622,7878;-132,0299;136,6516;-738,9016;-251,9726;141,6425;-42,81866;83,94682;382,8872;-82,57592;242,7792;238,4049;-323,6563;21,04537;157,0604;-294,4805;-24,9732;263,5156;-187,0391;104,8541;93,47963;29,22469;82,87743;252,3394;52,33531;211,0279;137,1846;-138,1295;35,10546;79,2514;-119,7338;1,192152;175,6658;-22,30718;118,8311;0;0;0;0;0;0;0;0;0;0;0;0;16,3157;12,37571;10,98919;0;0;0;0;0;0;-74,06043;22,96257;18,25046;-91,39823;45,08113;49,39127;-87,74471;67,78335;88,67454;0;0;0;0;0;0;0;0;0;-1,503467;0,497818;9,714602;-4,066228;0,260353;24,87945;0;0;0;0;0;0;0;0;0;0;0;0;0;0;0;0;0;0;0;0;0;0;0;0;0;0;0;0;0;0;12,67256;10,70148;2,018411;0,416037;60,63804;-18,96554;68,09437;44,78021;-9,206413;22,01647;5,490979;5,516793;-6,852345;83,55197;3,571825;3,793696;-12,07349;83,49255;103,3226;93,87175;-13,368;83,17043;103,312;94,14545;0;0;0;16,70403;-16,3199;-10,31444;-7,030277;-6,329555;0;0;-3,076229;-2,764277;0;0;0;0;0;0;0;0;0;0;0;100,3327;-1301,609;-343,3227;105,6147;94,80857;0;0;-184,5737;-165,8566;0;0;0;0;0;0;0;0
84;1344;00:00:01:384;0;0;0;-1,328626;4,37639;2,142676;-1,078415;3,221144;6,750947;-4,034285;0,619912;7,831993;-6,414722;-0,762237;6,357364;-1,738666;3,30228;2,192416;-7,277941;5,631136;6,768489;-9,902376;5,943095;11,10889;-11,08837;6,039258;13,53861;-11,85564;6,058052;15,5526;-2,281217;1,930956;2,233177;-8,091823;3,512425;6,789846;-5,410948;2,354621;11,60697;-3,802089;1,686199;14,11643;-2,348793;1,103295;16,08195;-2,811699;0,701149;2,217292;-8,360438;1,390395;6,330699;-5,961587;0,443611;10,59418;-3,934834;0,308801;8,670984;-5,712983;1,017879;6,996584;-3,307299;-0,500373;2,228851;-8,179257;-0,854937;5,558031;-6,299172;-1,630774;8,9642;-4,810332;-1,696515;7,582696;-6,419685;-1,053641;6,062301;-52,32736;0,505336;67,5817;6,136477;13,03698;-52,29639;74,23087;13,03701;-52,29641;119,045;13,42692;-52,51147;119,045;13,42692;-52,51149;-52,70736;0,505341;67,5817;-30,99656;-4,858926;75,19609;-25,59591;-5,243448;74,56352;-20,12342;-5,616681;73,64165;-20,14472;-5,53668;73,8609;-52,81922;-3,181557;72,36404;31,01654;-3,794476;72,92274;34,46654;-4,898319;74,52988;38,13988;-6,036952;75,77328;38,1577;-5,903263;75,60217;-53,32645;-7,168726;77,61008;30,6887;-5,739608;78,02669;133,8336;-6,913383;79,60242;-131,8508;-9,330774;76,52207;-131,8808;-9,532272;76,70512;-54,73001;-12,75734;85,28585;30,1754;-6,701756;78,92511;133,3152;-7,69543;80,27594;-132,0595;-10,11473;77,22936;-132,0939;-10,32557;77,42278;0;0;0;290,9124;-259,5815;88,74218;215,1124;-433,3387;-51,00251;179,9862;-263,3026;5,287662;192,5386;-47,94197;118,2279;246,5326;-198,1368;85,75779;578,8891;-334,8626;264,3625;690,678;-466,3777;283,3672;738,0426;-545,8668;280,0258;765,6517;-616,1779;266,6504;190,5918;-117,9612;83,31216;491,5775;-209,8438;260,4884;325,3015;-476,1827;9,412854;227,1815;-619,1316;-131,8783;139,8668;-734,9191;-252,0931;142,082;-42,07336;84,26523;384,0964;-80,42262;243,8936;240,2857;-320,6562;21,9676;158,5954;-292,0961;-24,36957;264,8124;-184,9245;105,5973;93,83167;30,0107;83,57169;253,2466;54,29005;212,6526;138,6268;-135,4955;36,58765;80,44754;-117,5446;2,432227;176,6455;-20,36332;120,1973;0;0;0;42,00697;36,82565;-49,52824;85,011;102,3273;-35,63297;84,72561;131,3753;32,79268;57,83629;106,591;115,0746;37,72688;39,4299;-29,71458;96,08173;130,5013;-5,79071;182,6362;303,5116;62,55912;246,4399;410,5081;116,322;310,6384;503,4999;171,597;32,02843;42,51194;-4,218935;86,84348;134,5525;33,34808;131,9775;192,0891;21,89755;163,1198;219,3747;9,093045;192,9102;238,9469;-7,231235;26,36862;44,71814;19,10412;72,55411;129,1984;66,8621;112,8502;180,0041;55,33397;92,0999;143,064;36,21786;77,80551;126,8763;44,59476;21,12257;47,16092;41,65542;54,4281;117,2848;97,4822;86,53378;158,0379;88,93131;71,76804;131,3553;74,40446;58,78043;116,6318;81,9683;12,67566;10,70418;2,017387;0,414733;60,63804;-18,96554;68,09437;44,86373;-9,30111;21,90429;5,344451;5,384924;-6,852345;83,55197;3,571825;3,793696;-12,07349;83,49255;103,3226;93,87175;-13,368;83,17043;103,312;94,14545;0;0;0;5,011138;-5,681819;-6,731185;-8,791666;-7,912158;0;0;0;0;0;0;0;0;0;0;0;0;0;0;0;-701,5732;638,285;214,9955;-105,6833;-94,9562;0;0;184,5737;165,8566;0;0;0;0;0;0;0;0
85;1360;00:00:01:400;0;0;0;-1,317563;4,39129;2,118892;-1,087757;3,255343;6,73302;-4,058105;0,671231;7,815439;-6,442914;-0,71364;6,350462;-1,732253;3,319126;2,171959;-7,277183;5,691178;6,718903;-9,931351;6,033708;11,03887;-11,13784;6,147085;13,45774;-11,925;6,180199;15,46385;-2,280663;1,950265;2,216903;-8,099977;3,575989;6,746806;-5,440259;2,428287;11,57806;-3,842697;1,764245;14,09588;-2,3985;1,183967;16,06887;-2,816222;0,722619;2,204622;-8,375903;1,453092;6,296082;-5,995451;0,515138;10,57181;-3,962791;0,363412;8,656123;-5,732293;1,072497;6,97259;-3,316875;-0,476766;2,219778;-8,201495;-0,796361;5,53391;-6,33619;-1,564991;8,949825;-4,842977;-1,643021;7,573691;-6,444482;-1,000162;6,045025;-52,6034;0,663888;67,33991;6,136493;12,71866;-52,53536;74,23087;12,71869;-52,53536;118,7957;13,10861;-52,75014;118,7957;13,10861;-52,75017;-52,98339;0,663889;67,33991;-31,46432;-4,700363;75,01936;-26,15358;-5,090032;74,3901;-20,76297;-5,472198;73,47221;-20,78364;-5,389764;73,6905;-53,08141;-3,000512;72,13921;30,75596;-3,610874;72,7006;34,21088;-4,707482;74,31232;37,88796;-5,840625;75,56039;37,90525;-5,707685;75,38873;-53,57244;-6,96446;77,40137;30,44486;-5,533586;77,81167;133,595;-6,700762;79,39175;-132,102;-9,131161;76,32341;-132,1315;-9,331866;76,50725;-54,94997;-12,52226;85,09502;29,93441;-6,491941;78,71384;133,0788;-7,480035;80,06819;-132,3088;-9,912061;77,03374;-132,3426;-10,12208;77,22797;0;0;0;290,9124;-259,5815;88,74218;215,1124;-433,3387;-51,00251;179,9862;-263,3026;5,287662;192,0349;-48,58248;118,9274;246,5326;-198,1368;85,75779;578,8891;-334,8626;264,3625;690,9669;-465,0363;284,0883;738,8346;-543,7375;281,4425;767,1153;-613,3993;268,8185;190,5918;-117,9612;83,31216;491,5775;-209,8438;260,4884;325,3015;-476,1827;9,412854;227,1815;-619,1316;-131,8783;139,8668;-734,9191;-252,0931;142,082;-42,07336;84,26523;384,0964;-80,42262;243,8936;240,2857;-320,6562;21,9676;158,5954;-292,0961;-24,36957;264,8124;-184,9245;105,5973;93,83167;30,0107;83,57169;253,2466;54,29005;212,6526;138,6268;-135,4955;36,58765;80,44754;-117,5446;2,432227;176,6455;-20,36332;120,1973;0;0;0;0;0;0;0;0;0;0;0;0;-30,22313;-38,43069;41,9712;0;0;0;0;0;0;17,33208;80,48057;43,26725;47,52159;127,759;85,00385;87,81909;166,7175;130,0864;0;0;0;0;0;0;0;0;0;0;0;0;0;0;0;0;0;0;0;0;0;0;0;0;0;0;0;0;0;0;0;0;0;0;0;0;0;0;0;0;0;0;0;0;0;12,67407;10,69606;2,020473;0,418795;60,63804;-18,96554;68,09437;44,61317;-9,35511;21,69487;5,256616;5,305814;-6,852345;83,55197;3,571825;3,793696;-12,07349;83,49255;103,3226;93,87175;-13,368;83,17043;103,312;94,14545;0;0;0;-15,03319;-3,239994;-12,56493;-5,270147;-4,746608;0;0;0;0;0;0;0;0;0;0;0;0;0;0;0;-1202,659;146,5095;-350,0244;211,2911;189,933;0;0;0;0;0;0;0;0;0;0;0;0
86;1376;00:00:01:416;0;0;0;-1,314937;4,398228;2,106093;-1,100633;3,271312;6,72318;-4,079192;0,695303;7,802346;-6,465741;-0,693281;6,34373;-1,731902;3,326996;2,160164;-7,285154;5,719337;6,686275;-9,965548;6,076468;10,98883;-11,19156;6,199119;13,3974;-11,99853;6,24073;15,39547;-2,28315;1,959317;2,206336;-8,112214;3,605839;6,716146;-5,468659;2,462811;11,55736;-3,879652;1,80079;14,08113;-2,442279;1,221714;16,05944;-2,821103;0,732709;2,19503;-8,391051;1,482569;6,26898;-6,02475;0,548701;10,55344;-3,986902;0,389024;8,643929;-5,750154;1,098143;6,953866;-3,324173;-0,465651;2,211203;-8,218913;-0,768784;5,511923;-6,364951;-1,534079;8,934756;-4,867951;-1,617886;7,563084;-6,463782;-0,975007;6,028505;-52,80067;0,708744;67,22417;6,197302;12,52525;-52,63543;74,29169;12,52528;-52,63544;118,6346;12,91542;-52,84963;118,6346;12,91542;-52,84965;-53,18067;0,708744;67,22419;-31,84493;-4,660443;74,95789;-26,65205;-5,054266;74,33128;-21,36775;-5,444382;73,41679;-21,38822;-5,359661;73,63417;-53,27449;-2,939287;72,03585;30,56338;-3,547759;72,59926;34,01988;-4,638982;74,21451;37,69818;-5,767988;75,46621;37,71528;-5,635618;75,29414;-53,7602;-6,885787;77,31065;30,25819;-5,453592;77,71617;133,4102;-6,615664;79,29979;-132,2922;-9,056;76,2401;-132,3216;-9,256096;76,42458;-55,12833;-12,41933;85,02016;29,7487;-6,409032;78,62133;132,8947;-7,392779;79,97865;-132,4985;-9,834578;76,9529;-132,5321;-10,04396;77,14777;0;0;0;290,2486;-260,4754;90,16921;215,6729;-435,3906;-49,9269;181,4154;-266,3818;6,280884;193,3441;-51,95882;119,7565;246,1478;-199,1475;86,98519;578,8436;-338,4652;267,3377;692,4017;-469,5452;288,6077;741,313;-548,5076;286,9732;770,6187;-618,2422;275,288;190,5585;-119,1197;84,28855;492,0668;-213,6576;263,0708;327,0602;-480,6027;11,14775;229,618;-623,8143;-130,6454;142,8492;-739,7595;-251,3084;142,3534;-43,36157;85,02544;385,0244;-84,18443;245,9706;242,3176;-324,9478;23,30983;160,2729;-295,3727;-23,47791;265,971;-188,2016;107,0369;94,4062;28,59431;84,11608;254,5808;50,77546;214,0999;140,8479;-139,4425;37,45016;82,40622;-120,7542;2,972513;178,1333;-23,57202;121,2338;0;0;0;-39,82687;-53,63703;85,62218;33,62846;-123,1155;64,53663;85,75487;-184,7505;59,59334;78,55152;-202,5806;49,74389;-23,08702;-60,64295;73,64452;-2,729416;-216,1517;178,5092;86,08817;-270,5297;271,1635;148,7045;-286,2081;331,8429;210,1994;-290,5798;388,1693;-1,993418;-69,51284;58,58337;29,35695;-228,8289;154,943;105,5188;-265,1939;104,0938;146,1882;-280,9639;73,97532;178,9477;-290,4196;47,08385;16,28351;-77,29285;45,61293;55,67694;-225,709;124,6219;121,9096;-257,4978;80,53332;100,6486;-196,6009;53,49934;69,5157;-196,6245;86,37785;34,47175;-84,98364;32,66394;80,05571;-210,8756;86,83633;133,2629;-236,8197;51,75054;117,5208;-192,5783;32,41718;89,26891;-192,5222;62,19363;12,67384;10,6888;2,023248;0,422777;60,63804;-18,96554;68,09437;44,39046;-9,402723;21,50864;5,139384;5,200365;-6,852345;83,55197;3,571825;3,793696;-12,07349;83,49255;103,3226;93,87175;-13,368;83,17043;103,312;94,14545;0;0;0;-13,36258;-2,856788;-11,17378;-7,03391;-6,326952;0;0;0;0;0;0;0;0;0;0;0;0;0;0;0;100,2365;22,99232;83,46862;-105,8258;-94,82059;0;0;0;0;0;0;0;0;0;0;0;0
87;1392;00:00:01:432;0;0;0;-1,333779;4,402492;2,085234;-1,175502;3,280812;6,705856;-4,170057;0,710067;7,752825;-6,541091;-0,677079;6,267778;-1,752795;3,331882;2,135643;-7,355855;5,737031;6,59306;-10,1335;6,088881;10,83393;-11,42431;6,212647;13,20835;-12,29278;6,258223;15,18038;-2,306392;1,964995;2,176918;-8,186056;3,624674;6,61566;-5,601366;2,483913;11,48909;-4,043149;1,822793;14,03222;-2,630008;1,244167;16,02804;-2,845825;0,739092;2,160709;-8,462455;1,501244;6,167738;-6,148146;0,569346;10,48093;-4,08812;0,404671;8,595798;-5,830344;1,114118;6,884204;-3,350664;-0,458576;2,172357;-8,284424;-0,75124;5,415423;-6,472023;-1,514912;8,860804;-4,959052;-1,602354;7,506996;-6,535792;-0,959183;5,95293;-53,45048;0,509191;67,14052;6,705046;12,06059;-52,6041;74,79944;12,06063;-52,6041;119,1449;12,4526;-52,81435;119,1449;12,4526;-52,81437;-53,83048;0,509194;67,14052;-33,1024;-4,982468;75,19257;-28,17043;-5,389888;74,57446;-23,11897;-5,803956;73,67014;-23,14053;-5,712656;73,88499;-53,93968;-3,083394;71,99403;29,89639;-3,685288;72,56458;33,34834;-4,757618;74,19276;37,02296;-5,871893;75,45792;37,04054;-5,741544;75,28427;-54,4399;-6,967933;77,31587;29,57978;-5,531065;77,70434;132,7285;-6,674367;79,30192;-132,9739;-9,150584;76,27119;-133,004;-9,348508;76,45811;-55,82426;-12,40981;85,09302;29,06796;-6,47575;78,62095;132,2111;-7,443389;79,99014;-133,1829;-9,920724;76,99355;-133,2173;-10,1278;77,191;0;0;0;290,091;-260,8917;90,93719;216,4454;-436,3488;-49,33651;182,6806;-267,826;7,066503;194,7137;-53,18032;120,1604;246,1267;-199,6198;87,6929;579,3218;-340,1547;269,2954;692,5966;-469,326;292,384;741,6486;-546,7458;292,2323;771,2929;-614,938;282,1406;190,7078;-119,6628;84,92262;492,8011;-215,4486;264,9104;328,7642;-482,6742;12,38921;231,8353;-626,0071;-129,7602;145,476;-742,0243;-250,743;142,6462;-43,967;85,60098;385,9332;-85,95308;247,5968;244,0755;-326,9617;24,4115;161,7195;-296,9095;-22,74625;267,0426;-189,7404;108,1604;94,84412;27,92737;84,63055;255,6259;49,12088;215,4191;142,5735;-141,2972;38,35429;83,90463;-122,2623;3,608957;179,2914;-25,08137;122,225;0;0;0;-9,454249;-24,97816;46,0782;46,35286;-57,48939;35,42393;75,91151;-86,65752;47,13714;82,17715;-73,2901;24,23429;-1,266003;-28,33486;42,46223;28,69606;-101,3718;117,4621;11,693;13,14926;226,5787;20,13016;105,7062;315,5465;40,45772;198,2517;411,1562;8,95357;-32,58848;38,04445;44,05403;-107,46;110,3754;102,2415;-124,2914;74,48762;133,0376;-131,5641;53,11275;157,6037;-135,89;33,92458;17,5724;-36,32551;34,53218;54,52967;-106,1189;97,56803;105,4759;-120,8281;66,10035;86,79914;-92,20218;43,89971;64,30006;-92,32735;67,40641;26,27492;-40,01623;30,86829;62,70503;-99,27463;79,15019;103,5383;-111,2823;54,24768;89,90514;-90,48557;38,1866;69,4828;-90,56076;59,47351;12,67339;10,6888;2,023248;0,422777;60,63804;-18,96554;68,09437;44,39046;-9,733912;20,96177;4,87564;4,963095;-6,852345;83,55197;3,571825;3,793696;-12,07349;83,49255;103,3226;93,87175;-13,368;83,17043;103,312;94,14545;0;0;0;0;-19,87135;-32,8125;-15,8246;-14,23616;0;0;0;0;0;0;0;0;0;0;0;0;0;0;0;801,7546;-1020,873;-1298,323;-527,4415;-474,5527;0;0;0;0;0;0;0;0;0;0;0;0
88;1408;00:00:01:448;0;0;0;-1,333779;4,402492;2,085234;-1,175502;3,280812;6,705856;-4,170057;0,710067;7,752825;-6,541091;-0,677079;6,267778;-1,752795;3,331882;2,135643;-7,355855;5,737031;6,59306;-10,1335;6,088881;10,83393;-11,42431;6,212647;13,20835;-12,29278;6,258223;15,18038;-2,306392;1,964995;2,176918;-8,186056;3,624674;6,61566;-5,601366;2,483913;11,48909;-4,043149;1,822793;14,03222;-2,630008;1,244167;16,02804;-2,845825;0,739092;2,160709;-8,462455;1,501244;6,167738;-6,148146;0,569346;10,48093;-4,08812;0,404671;8,595798;-5,830344;1,114118;6,884204;-3,350664;-0,458576;2,172357;-8,284424;-0,75124;5,415423;-6,472023;-1,514912;8,860804;-4,959052;-1,602354;7,506996;-6,535792;-0,959183;5,95293;-53,45048;0,509191;67,14052;6,705046;12,06059;-52,6041;74,79944;12,06063;-52,6041;119,1449;12,4526;-52,81435;119,1449;12,4526;-52,81437;-53,83048;0,509194;67,14052;-33,1024;-4,982468;75,19257;-28,17043;-5,389888;74,57446;-23,11897;-5,803956;73,67014;-23,14053;-5,712656;73,88499;-53,93968;-3,083394;71,99403;29,89639;-3,685288;72,56458;33,34834;-4,757618;74,19276;37,02296;-5,871893;75,45792;37,04054;-5,741544;75,28427;-54,4399;-6,967933;77,31587;29,57978;-5,531065;77,70434;132,7285;-6,674367;79,30192;-132,9739;-9,150584;76,27119;-133,004;-9,348508;76,45811;-55,82426;-12,40981;85,09302;29,06796;-6,47575;78,62095;132,2111;-7,443389;79,99014;-133,1829;-9,920724;76,99355;-133,2173;-10,1278;77,191;0;0;0;291,2216;-261,1475;92,18871;220,9376;-436,9188;-48,29706;188,1325;-268,7119;10,03776;199,2347;-54,15247;124,7176;247,3804;-199,9129;89,16415;583,564;-341,2163;274,8882;702,6739;-470,0708;301,6783;755,6132;-547,5576;303,5755;788,9477;-615,9876;295,0465;192,1022;-120,0035;86,6877;497,2315;-216,5788;270,9395;336,7266;-483,9403;16,48561;241,6452;-627,3272;-126,8256;156,7397;-743,3715;-248,8589;144,1295;-44,34996;87,66019;390,2174;-87,07358;253,6712;251,4792;-328,2004;28,76204;167,7926;-297,8483;-19,85845;271,8541;-190,6989;112,3401;96,43357;27,5029;86,96133;259,5566;48,06823;221,2091;148,9979;-142,4473;42,79147;89,37069;-123,1942;6,974191;183,612;-26,03076;126,7595;0;0;0;67,83342;-15,34939;75,09112;269,5269;-34,20066;62,36672;327,1129;-53,14922;178,2757;271,2628;-58,32838;273,4294;75,21772;-17,58885;88,27543;254,5252;-63,69638;335,5708;604,64;-44,68631;557,6591;837,8792;-48,70319;680,5944;1059,285;-62,97397;774,3544;83,66846;-20,43915;105,9043;265,8262;-67,80624;361,7506;477,7436;-75,96873;245,7842;588,5925;-79,20741;176,0766;675,8251;-80,82961;113,0447;88,99855;-22,97812;123,5529;257,0515;-67,22974;364,4671;444,2253;-74,32222;261,0325;364,382;-56,32925;173,268;288,6858;-57,51085;250,7837;95,36719;-25,46865;139,8461;235,8412;-63,1594;347,3997;385,4606;-69,00286;266,2307;327,963;-55,91583;201,914;259,2358;-56,96333;272,0689;12,67339;10,6888;2,023248;0,422777;60,63804;-18,96554;68,09437;44,39046;-9,733912;20,96177;4,87564;4,963095;-6,852345;83,55197;3,571825;3,793696;-12,07349;83,49255;103,3226;93,87175;-13,368;83,17043;103,312;94,14545;0;0;0;0;0;0;0;0;0;0;0;0;0;0;0;0;0;0;0;0;0;0;0;0;1192,281;1968,75;949,4761;854,1697;0;0;0;0;0;0;0;0;0;0;0;0
89;1424;00:00:01:464;0;0;0;-1,349591;4,396494;2,087713;-1,208092;3,26677;6,70692;-4,202524;0,689136;7,737166;-6,565206;-0,699304;6,240065;-1,767007;3,325096;2,134509;-7,392061;5,712837;6,573546;-10,21359;6,048218;10,78668;-11,53222;6,164723;13,14615;-12,42622;6,205741;15,10683;-2,318466;1,957211;2,171096;-8,218792;3,599056;6,589005;-5,651892;2,45386;11,47079;-4,10285;1,790773;14,01901;-2,69681;1,210927;16,01949;-2,855767;0,730438;2,150511;-8,489808;1,475976;6,136165;-6,191376;0,540196;10,457;-4,123478;0,382361;8,579917;-5,859967;1,091969;6,862568;-3,358635;-0,468093;2,157971;-8,304955;-0,774851;5,380539;-6,505202;-1,541685;8,831843;-4,98663;-1,624156;7,484008;-6,55816;-0,980833;5,924736;-53,62399;0,324603;67,23539;6,956897;12,00142;-52,45547;75,0513;12,00147;-52,45548;119,3974;12,39433;-52,66389;119,3974;12,39433;-52,66391;-54,00399;0,324608;67,2354;-33,63911;-5,232214;75,41741;-28,79268;-5,645369;74,80292;-23,81667;-6,069163;73,90273;-23,8391;-5,975269;74,11652;-54,12849;-3,25262;72,1006;29,7058;-3,852629;72,67326;33,15277;-4,91948;74,3054;36,82348;-6,029407;75,57475;36,84159;-5,899666;75,40058;-54,64487;-7,118917;77,43716;29,37437;-5,68068;77,82055;132,5185;-6,818209;79,42272;-133,1772;-9,305236;76,39992;-133,2079;-9,502513;76,58764;-56,05164;-12,53183;85,23826;28,85981;-6,622081;78,74084;131,9991;-7,584716;80,114;-133,3886;-10,07283;77,12538;-133,4236;-10,2792;77,32368;0;0;0;291,2216;-261,1475;92,18871;220,9376;-436,9188;-48,29706;188,1325;-268,7119;10,03776;199,2347;-54,15247;124,7176;247,3804;-199,9129;89,16415;583,564;-341,2163;274,8882;701,8399;-468,4397;302,1558;754,3181;-544,8636;304,4854;787,2736;-612,3303;296,4619;192,1022;-120,0035;86,6877;497,2315;-216,5788;270,9395;336,7266;-483,9403;16,48561;241,6452;-627,3272;-126,8256;156,7397;-743,3715;-248,8589;144,1295;-44,34996;87,66019;390,2174;-87,07358;253,6712;251,4792;-328,2004;28,76204;167,7926;-297,8483;-19,85845;271,8541;-190,6989;112,3401;96,43357;27,5029;86,96133;259,5566;48,06823;221,2091;148,9979;-142,4473;42,79147;89,37069;-123,1942;6,974191;183,612;-26,03076;126,7595;0;0;0;0;0;0;0;0;0;0;0;0;0;0;0;0;0;0;0;0;0;-50,03643;97,86414;28,64599;-77,70824;161,6392;54,58832;-100,4419;219,4405;84,92374;0;0;0;0;0;0;0;0;0;0;0;0;0;0;0;0;0;0;0;0;0;0;0;0;0;0;0;0;0;0;0;0;0;0;0;0;0;0;0;0;0;0;0;0;0;12,6748;10,68881;2,023248;0,422776;60,63804;-18,96554;68,09437;44,39046;-9,877151;20,63936;4,787738;4,883911;-6,852345;83,55197;3,571825;3,793696;-12,07349;83,49255;103,3226;93,87175;-13,368;83,17043;103,312;94,14545;0;0;0;0;-8,594284;-19,34429;-5,274124;-4,751043;0;0;0;0;0;0;0;0;0;0;0;0;0;0;0;0;-515,657;-1160,657;-316,4474;-285,0626;0;0;0;0;0;0;0;0;0;0;0;0
90;1440;00:00:01:480;0;0;0;-1,342808;4,388218;2,109385;-1,178022;3,242701;6,723927;-4,165443;0,65919;7,759795;-6,5343;-0,725934;6,269394;-1,759171;3,316339;2,154511;-7,364437;5,684371;6,628994;-10,20514;5,995974;10,83107;-11,54463;6,103357;13,17917;-12,46356;6,139919;15,12839;-2,309398;1,947905;2,189055;-8,189466;3,569903;6,641174;-5,598022;2,409907;11,50647;-4,036121;1,739259;14,04484;-2,619943;1,153625;16,03646;-2,845853;0,72079;2,166846;-8,46105;1,448184;6,182335;-6,140955;0,499325;10,48872;-4,082072;0,349576;8,601089;-5,827419;1,063736;6,894642;-3,34776;-0,478152;2,172614;-8,278142;-0,79988;5,418065;-6,461071;-1,577189;8,857931;-4,948997;-1,65383;7,502468;-6,52857;-1,006368;5,953067;-53,2912;0,249966;67,28142;6,854532;12,32745;-52,43267;74,94891;12,32748;-52,43267;119,2936;12,71998;-52,64209;119,2936;12,71999;-52,64211;-53,6712;0,249972;67,28143;-33,82759;-5,496914;75,60515;-29,24217;-5,912063;74,99171;-24,49961;-6,342837;74,09444;-24,52294;-6,246413;74,3072;-53,80267;-3,35515;72,1262;30,03077;-3,958387;72,69547;33,47507;-5,034413;74,32179;37,14376;-6,151407;75,58512;37,16217;-6,020696;75,41164;-54,32803;-7,251197;77,44188;29,68939;-5,815071;77,83335;132,8303;-6,96131;79,4297;-132,8562;-9,431769;76,39204;-132,8871;-9,630071;76,5787;-55,75084;-12,70549;85,21691;29,17319;-6,761468;78,74866;132,3097;-7,731524;80,11699;-133,0685;-10,20336;77,11341;-133,1038;-10,41081;77,31062;0;0;0;292,1703;-260,7877;92,03996;222,893;-436,0763;-48,36085;190,0806;-267,456;10,97725;200,6816;-52,81896;126,3804;248,2331;-199,5057;89,23219;585,7363;-339,7647;276,0591;705,3487;-463,5469;305,677;758,7556;-537,5939;309,6848;792,6156;-602,8394;303,3524;192,8268;-119,5365;87,03699;499,1957;-215,0417;272,5389;339,7581;-482,1371;17,58362;245,2272;-625,406;-126,0329;160,7478;-741,3771;-248,3455;144,7261;-43,83072;88,27213;391,8586;-85,55746;255,5656;254,073;-326,4514;30,19792;169,9141;-296,5097;-18,90555;273,6314;-189,3699;113,6383;96,9118;28,07392;87,82448;260,7884;49,48487;223,3021;150,9886;-140,8409;44,52909;91,02538;-121,8861;8,353471;184,954;-24,73179;128,4511;0;0;0;56,92434;21,59214;-8,924245;117,3262;50,54855;-3,827512;116,8828;75,35219;56,3693;86,81201;80,01029;99,76744;51,16224;24,43099;4,082322;130,3396;87,09669;70,25241;210,5255;293,5667;211,2765;266,2525;436,183;311,9673;320,5175;569,4579;413,4307;43,46967;28,02014;20,95807;117,8512;92,22507;95,96014;181,8952;108,1953;65,88041;214,9215;115,2706;47,56093;240,4854;119,6623;30,80177;35,79282;31,15457;36,71622;98,47498;90,96729;113,6656;155,6268;104,9395;86,15255;127,2912;80,3132;57,17396;106,6403;79,73814;77,88848;28,69427;34,26128;51,78952;73,90737;84,99848;125,5832;119,4441;96,38285;104,2575;99,28178;78,4893;82,75683;80,52492;77,93819;101,4962;12,67982;10,6888;2,023248;0,422776;60,63804;-18,96554;68,09437;44,39046;-10,10087;20,15604;4,523983;4,646544;-6,852345;83,55197;3,571825;3,793696;-12,07349;83,49255;103,3226;93,87175;-13,368;83,17043;103,312;94,14545;0;0;0;0;-13,42295;-28,9991;-15,82535;-14,242;0;0;0;0;0;0;0;0;0;0;0;0;0;0;0;0;-289,7197;-579,2885;-633,0734;-569,4574;0;0;0;0;0;0;0;0;0;0;0;0
91;1456;00:00:01:496;0;0;0;-1,342808;4,388218;2,109385;-1,178022;3,242701;6,723927;-4,165443;0,65919;7,759795;-6,5343;-0,725934;6,269394;-1,759171;3,316339;2,154511;-7,364437;5,684371;6,628994;-10,21682;5,992107;10,82343;-11,56392;6,097936;13,16725;-12,48998;6,133664;15,1131;-2,309398;1,947905;2,189055;-8,189466;3,569903;6,641174;-5,598022;2,409907;11,50647;-4,036121;1,739259;14,04484;-2,619943;1,153625;16,03646;-2,845853;0,72079;2,166846;-8,46105;1,448184;6,182335;-6,140955;0,499325;10,48872;-4,082072;0,349576;8,601089;-5,827419;1,063736;6,894642;-3,34776;-0,478152;2,172614;-8,278142;-0,79988;5,418065;-6,461071;-1,577189;8,857931;-4,948997;-1,65383;7,502468;-6,52857;-1,006368;5,953067;-53,2912;0,249966;67,28142;6,854532;12,32745;-52,43267;74,94891;12,32748;-52,43267;119,2936;12,71998;-52,64209;119,2936;12,71999;-52,64211;-53,6712;0,249972;67,28143;-33,97466;-5,552169;75,67174;-29,41805;-5,968878;75,05932;-24,70109;-6,402381;74,16328;-24,7246;-6,305214;74,37572;-53,80267;-3,35515;72,1262;30,03077;-3,958387;72,69547;33,47507;-5,034413;74,32179;37,14376;-6,151407;75,58512;37,16217;-6,020696;75,41164;-54,32803;-7,251197;77,44188;29,68939;-5,815071;77,83335;132,8303;-6,96131;79,4297;-132,8562;-9,431769;76,39204;-132,8871;-9,630071;76,5787;-55,75084;-12,70549;85,21691;29,17319;-6,761468;78,74866;132,3097;-7,731524;80,11699;-133,0685;-10,20336;77,11341;-133,1038;-10,41081;77,31062;0;0;0;291,7633;-260,2911;90,73966;221,0888;-434,6321;-49,3813;187,8557;-265,6593;9,619518;198,8273;-51,22117;124,6206;247,7629;-198,9803;88,03211;584,0789;-338,0567;272,7322;704,3586;-459,7105;303,1856;758,7567;-532,7727;308,0289;793,9014;-597,3641;302,5642;192,2827;-118,9781;85,95943;497,4361;-213,2925;269,4087;336,5259;-479,4999;15,44282;241,2235;-622,3152;-127,5828;156,1358;-737,939;-249,3641;144,1312;-43,25186;87,29198;390,1332;-83,88998;252,7954;251,0478;-323,9991;28,29498;167,4297;-294,5426;-20,17584;271,6786;-187,6759;111,7138;96,25934;28,67747;86,94592;259,1797;50,98665;221,0506;148,3407;-138,7106;42,9638;88,7674;-120,1057;7,245897;183,1786;-23,19967;126,7513;0;0;0;-24,41883;29,7904;-78,0183;-108,2511;86,65179;-61,22678;-133,4925;107,8048;-81,46404;-111,2609;95,86751;-105,5875;-28,20969;31,52489;-72,00515;-99,44629;102,479;-199,6121;-59,40055;230,1836;-149,4841;0,062943;289,2666;-99,35474;77,15034;328,5112;-47,28841;-32,64499;33,50186;-64,65411;-105,5746;104,9509;-187,8104;-193,9344;158,2289;-128,4483;-240,2229;185,4486;-92,99254;-276,7203;206,2855;-61,11144;-35,69054;34,73192;-58,80939;-103,5275;100,0489;-166,2125;-181,5162;147,1352;-114,1761;-149,0614;118,0272;-76,21764;-117,1703;101,64;-115,4659;-39,14809;36,21304;-52,71363;-96,52376;90,10666;-135,0918;-158,8726;127,8162;-93,91754;-135,4794;106,8227;-66,45441;-106,5266;91,92735;-101,9897;12,67815;10,6888;2,023248;0,422776;60,63804;-18,96554;68,09437;44,39046;-10,18698;20,01931;4,494706;4,620206;-6,852345;83,55197;3,571825;3,793696;-12,07349;83,49255;103,3226;93,87175;-13,368;83,17043;103,312;94,14545;0;0;0;0;-5,166835;-8,203812;-1,756582;-1,580315;0;0;0;0;0;0;0;0;0;0;0;0;0;0;0;0;495,3666;1247,717;844,1259;759,701;0;0;0;0;0;0;0;0;0;0;0;0
92;1472;00:00:01:512;0;0;0;-1,322216;4,391437;2,115685;-1,134207;3,246693;6,729531;-4,121075;0,669492;7,782568;-6,500947;-0,711183;6,305652;-1,740493;3,320415;2,163384;-7,316092;5,700877;6,668234;-10,16041;6,016276;10,86757;-11,50887;6,127859;13,21035;-12,4404;6,169439;15,15346;-2,293292;1,953107;2,201317;-8,145323;3,58809;6,68551;-5,529338;2,424007;11,53668;-3,954771;1,750803;14,06653;-2,528779;1,162776;16,05043;-2,832347;0,727078;2,182386;-8,423741;1,466816;6,228714;-6,081768;0,514287;10,52243;-4,033675;0,359912;8,623466;-5,786992;1,0772;6,926528;-3,336643;-0,470844;2,191232;-8,249622;-0,781797;5,464007;-6,415114;-1,561964;8,893955;-4,910726;-1,641995;7,530163;-6,497537;-0,991704;5,989367;-53,00418;0,385711;67,16689;6,588046;12,50931;-52,60609;74,68243;12,50935;-52,6061;119,026;12,90089;-52,81754;119,026;12,90089;-52,81755;-53,38418;0,385711;67,16689;-33,88406;-5,49081;75,56346;-29,47457;-5,906562;74,95045;-24,8905;-6,340951;74,05496;-24,91374;-6,243091;74,26703;-53,50474;-3,244081;71,99292;30,32998;-3,850278;72,55898;33,77769;-4,934803;74,17938;37,44907;-6,058445;75,43652;37,46712;-5,926822;75,26379;-54,01916;-7,16811;77,28699;29,99795;-5,734106;77,6862;133,1417;-6,888902;79,27601;-132,5472;-9,343047;76,22552;-132,5777;-9,542336;76,41105;-55,42812;-12,66453;85,02991;29,48357;-6,685395;78,5962;132,6225;-7,662819;79,95897;-132,7577;-10,11847;76,94247;-132,7925;-10,32697;77,13847;0;0;0;291,7633;-260,2911;90,73966;221,0888;-434,6321;-49,3813;187,8557;-265,6593;9,619518;198,8273;-51,22117;124,6206;247,7629;-198,9803;88,03211;584,0789;-338,0567;272,7322;704,7434;-458,4225;303,9699;759,3988;-530,4672;309,4539;794,7878;-594,0396;304,6948;192,2827;-118,9781;85,95943;497,4361;-213,2925;269,4087;336,5259;-479,4999;15,44282;241,2235;-622,3152;-127,5828;156,1358;-737,939;-249,3641;144,1312;-43,25186;87,29198;390,1332;-83,88998;252,7954;251,0478;-323,9991;28,29498;167,4297;-294,5426;-20,17584;271,6786;-187,6759;111,7138;96,25934;28,67747;86,94592;259,1797;50,98665;221,0506;148,3407;-138,7106;42,9638;88,7674;-120,1057;7,245897;183,1786;-23,19967;126,7513;0;0;0;0;0;0;0;0;0;0;0;0;0;0;0;0;0;0;0;0;0;23,08559;77,28194;47,05667;38,52939;138,3333;85,4988;53,18356;199,4762;127,8348;0;0;0;0;0;0;0;0;0;0;0;0;0;0;0;0;0;0;0;0;0;0;0;0;0;0;0;0;0;0;0;0;0;0;0;0;0;0;0;0;0;0;0;0;0;12,68479;10,6888;2,023248;0,422777;60,63804;-18,96554;68,09437;44,39046;-10,23522;19,80895;4,348165;4,488339;-6,852345;83,55197;3,571825;3,793696;-12,07349;83,49255;103,3226;93,87175;-13,368;83,17043;103,312;94,14545;0;0;0;0;-2,894268;-12,62192;-8,792467;-7,912015;0;0;0;0;0;0;0;0;0;0;0;0;0;0;0;0;136,354;-265,0863;-422,1531;-379,902;0;0;0;0;0;0;0;0;0;0;0;0
93;1488;00:00:01:528;0;0;0;-1,311799;4,393377;2,11814;-1,113336;3,249361;6,731729;-4,100453;0,675791;7,792911;-6,485661;-0,702463;6,322351;-1,731177;3,322844;2,167127;-7,292549;5,710599;6,685682;-10,13594;6,032255;10,88517;-11,48739;6,148186;13,22601;-12,42404;6,193996;15,16658;-2,285439;1,956177;2,206752;-8,124146;3,598765;6,70551;-5,497136;2,432682;11,55023;-3,916894;1,758193;14,0762;-2,486521;1,168942;16,05658;-2,825941;0,730761;2,189449;-8,406153;1,477717;6,249865;-6,05433;0,523388;10,53779;-4,011264;0,366283;8,633646;-5,76808;1,085229;6,941035;-3,331582;-0,466581;2,199828;-8,236554;-0,77125;5,485181;-6,394199;-1,552814;8,910604;-4,893385;-1,634844;7,542997;-6,483376;-0,983052;6,006116;-52,87418;0,453321;67,10236;6,461769;12,58856;-52,69903;74,55616;12,5886;-52,69904;118,8993;12,97969;-52,91142;118,8993;12,97969;-52,91145;-53,25417;0,453319;67,10236;-33,88658;-5,451436;75,49487;-29,56542;-5,867219;74,88191;-25,06115;-6,303025;73,98717;-25,08422;-6,204534;74,19897;-53,3693;-3,187647;71,91983;30,46608;-3,795175;72,48441;33,91547;-4,883562;74,1021;37,58822;-6,010229;75,35642;37,60609;-5,878185;75,18401;-53,8782;-7,124383;77,20395;30,13882;-5,691348;77,60667;133,284;-6,850051;79,1935;-132,4063;-9,296735;76,13721;-132,4365;-9,496468;76,3222;-55,28005;-12,64003;84,93199;29,62536;-6,64488;78,51425;132,7655;-7,625652;79,87444;-132,6159;-10,07389;76,8521;-132,6505;-10,28287;77,04756;0;0;0;290,5277;-260,4843;90,36165;218,4599;-434,8716;-49,71756;185,1936;-266,2774;8,253157;196,8261;-52,10625;122,4451;246,6422;-199,2249;87,49971;581,1781;-339,0471;270,3778;701,2444;-459,1672;301,5543;755,8992;-530,9647;307,3511;791,5367;-594,2763;303,0752;191,3163;-119,2903;85,22373;494,7875;-214,3837;266,7485;332,4049;-480,3459;13,63045;236,3425;-623,0078;-128,8841;150,6659;-738,488;-250,2021;143,3209;-43,6291;86,35961;387,8946;-85,00792;250,0127;247,4966;-324,8968;26,27255;164,5259;-295,1628;-21,51847;269,253;-188,4838;109,8007;95,59229;28,23894;85,82883;257,4685;49,90166;218,2941;145,5833;-139,6241;40,80234;86,47111;-120,8157;5,58418;181,3167;-24,0795;124,5733;0;0;0;-74,13339;-11,58571;-22,68076;-157,7368;-14,37092;-20,17558;-159,7266;-37,08887;-81,98171;-120,0685;-53,10524;-130,527;-67,23975;-14,67275;-31,94403;-174,0446;-59,42487;-141,2644;-209,9447;-44,68059;-144,9394;-209,9762;-29,84905;-126,1668;-195,0645;-14,20784;-97,17607;-57,98291;-18,72825;-44,14165;-158,9155;-65,4745;-159,6107;-247,2582;-50,76027;-108,742;-292,8615;-41,55635;-78,07874;-328,1929;-32,94181;-50,28105;-48,62237;-22,63462;-55,94158;-134,315;-67,07668;-166,965;-213,0718;-53,86162;-121,3458;-174,2291;-37,20903;-80,55746;-145,5359;-48,47145;-114,7907;-40,02285;-26,31176;-67,02554;-102,6707;-65,09899;-165,3914;-165,4444;-54,80933;-129,6875;-137,7772;-42,60278;-99,70304;-111,7165;-52,7899;-130,6801;12,69038;10,68881;2,023249;0,422777;60,63804;-18,96554;68,09437;44,39046;-10,24839;19,66746;4,260299;4,409222;-6,852345;83,55197;3,571825;3,793696;-12,07349;83,49255;103,3226;93,87175;-13,368;83,17043;103,312;94,14545;0;0;0;0;-0,790558;-8,489227;-5,271978;-4,747009;0;0;0;0;0;0;0;0;0;0;0;0;0;0;0;0;126,2226;247,9613;211,2293;189,9004;0;0;0;0;0;0;0;0;0;0;0;0
94;1504;00:00:01:544;0;0;0;-1,292697;4,392323;2,132026;-1,079148;3,238532;6,742506;-4,068476;0,670201;7,810134;-6,462777;-0,699206;6,3461;-1,714527;3,32273;2,180497;-7,25239;5,715081;6,725419;-10,0894;6,035199;10,92934;-11,43857;6,150155;13,27154;-12,37429;6,195043;15,21258;-2,272009;1,957357;2,219538;-8,089122;3,605266;6,744247;-5,446209;2,422957;11,57637;-3,857842;1,739491;14,09482;-2,421251;1,142729;16,06844;-2,815602;0,733313;2,20188;-8,37814;1,485842;6,285451;-6,012051;0,517085;10,56228;-3,976788;0,358781;8,649895;-5,738382;1,085462;6,965571;-3,324157;-0,462798;2,211826;-8,217073;-0,761992;5,515608;-6,363368;-1,554991;8,932268;-4,868084;-1,637965;7,558674;-6,462415;-0,979163;6,029298;-52,62426;0,434211;66,96285;6,351393;12,81489;-52,86473;74,44578;12,81492;-52,86473;118,7879;13,20561;-53,07809;118,7878;13,20561;-53,07811;-53,00425;0,43421;66,96284;-33,78465;-5,533266;75,36119;-29,49185;-5,947965;74,74738;-25,01264;-6,382617;73,85197;-25,03603;-6,284303;74,06388;-53,12149;-3,227637;71,76452;30,71365;-3,8376;72,32649;34,1621;-4,93293;73,93955;37,83417;-6,064955;75,1891;37,85215;-5,932178;75,01726;-53,63359;-7,18696;77,03204;30,38228;-5,755639;77,44095;133,5262;-6,921011;79,02303;-132,1592;-9,35475;75,95573;-132,1895;-9,555284;76,1399;-55,04214;-12,73463;84,7383;29,8682;-6,71299;78,34457;133,0072;-7,699465;79,70078;-132,369;-10,13494;76,66734;-132,4036;-10,34475;76,86194;0;0;0;289,9027;-260,6006;90,21434;217,2076;-435,0317;-49,84943;183,9563;-266,6553;7,632583;195,9089;-52,62942;121,4432;246,0832;-199,3706;87,27515;579,7655;-339,6305;269,3309;699,5225;-459,4208;300,7039;754,2142;-531,0384;306,7863;790,0392;-594,2129;302,8526;190,8451;-119,4745;84,89765;493,517;-215,0242;265,5486;330,4727;-480,8664;12,81703;234,0699;-623,4512;-129,4645;148,1304;-738,8579;-250,5713;142,9365;-43,85009;85,93582;386,8394;-85,66197;248,7437;245,8503;-325,4429;25,35072;163,1812;-295,545;-22,12925;268,1182;-188,9655;108,9302;95,2886;27,9832;85,31306;256,6844;49,26883;217,0236;144,3284;-140,1731;39,80349;85,4307;-121,2449;4,814162;180,467;-24,59862;123,5683;0;0;0;-37,50229;-6,985188;-8,838414;-75,13475;-9,604453;-7,912516;-74,2371;-22,67647;-37,23442;-55,03392;-31,38971;-60,11652;-33,53977;-8,745431;-13,47327;-84,75494;-35,00032;-62,81375;-103,3144;-15,21492;-51,02348;-101,1028;-4,423141;-33,88595;-89,85614;3,808021;-13,35812;-28,27048;-11,05213;-19,56475;-76,23195;-38,42783;-71,99763;-115,9315;-31,22806;-48,80547;-136,3563;-26,60465;-34,8258;-152,1277;-22,19581;-22,15433;-23,06127;-13,25905;-25,42734;-63,31586;-39,24322;-76,1404;-98,77681;-32,763;-55,30983;-80,68084;-22,93539;-36,64702;-68,08519;-28,90491;-52,22511;-18,2215;-15,3442;-30,94589;-47,04523;-37,97006;-76,22766;-75,29211;-32,94253;-59,93127;-62,4243;-25,74635;-46,20105;-50,98057;-31,14715;-60,29748;12,69217;10,68881;2,023248;0,422776;60,63804;-18,96554;68,09437;44,39046;-10,28914;19,52773;4,231053;4,382936;-6,852345;83,55197;3,571825;3,793696;-12,07349;83,49255;103,3226;93,87175;-13,368;83,17043;103,312;94,14545;0;0;0;0;-2,444916;-8,384056;-1,754751;-1,577196;0;0;0;0;0;0;0;0;0;0;0;0;0;0;0;0;-99,26146;6,310272;211,0336;190,1888;0;0;0;0;0;0;0;0;0;0;0;0
95;1520;00:00:01:560;0;0;0;-1,294183;4,388264;2,139469;-1,082189;3,22618;6,747937;-4,071519;0,655461;7,8098;-6,465055;-0,711671;6,342394;-1,715865;3,318519;2,185849;-7,25581;5,701797;6,733;-10,09793;6,02107;10,93353;-11,45228;6,136129;13,27274;-12,39404;6,18152;15,21084;-2,273149;1,952992;2,222214;-8,092221;3,591823;6,747703;-5,450941;2,4012;11,57868;-3,863416;1,713432;14,09649;-2,427474;1,113328;16,06957;-2,816545;0,728898;2,202141;-8,380735;1,473186;6,28497;-6,016104;0,497074;10,56093;-3,980098;0,342539;8,649031;-5,741171;1,071988;6,96536;-3,324917;-0,467308;2,209735;-8,219028;-0,773229;5,51113;-6,366486;-1,57211;8,927051;-4,870671;-1,65237;7,553872;-6,464529;-0,991055;6,025086;-52,60361;0,330538;66,9719;6,43312;12,88435;-52,83764;74,5275;12,88438;-52,83765;118,8694;13,27537;-53,0505;118,8694;13,27538;-53,05051;-52,9836;0,330542;66,9719;-33,84463;-5,595021;75,318;-29,60981;-6,010346;74,7046;-25,18244;-6,446827;73,80994;-25,20603;-6,347888;74,02159;-53,10956;-3,332674;71,77275;30,72453;-3,942742;72,33466;34,17002;-5,038342;73,94778;37,83981;-6,170513;75,1974;37,85809;-6,037721;75,02554;-53,63137;-7,292637;77,04068;30,38374;-5,861345;77,44973;133,5247;-7,02671;79,03214;-132,155;-9,460378;75,96395;-132,1856;-9,660916;76,14816;-55,05442;-12,83966;84,74991;29,86799;-6,818697;78,35352;133,0044;-7,805131;79,71007;-132,3661;-10,24061;76,67574;-132,401;-10,45043;76,87038;0;0;0;288,7566;-260,5374;89,3812;215,1564;-434,382;-50,49603;182,0377;-266,3199;6,599217;194,5359;-52,82484;120,0183;245,0843;-199,3638;86,47294;577,356;-339,8993;266,9467;697,0461;-459,242;298,2359;751,7524;-530,4648;304,4118;787,6274;-593,2205;300,6639;190,0393;-119,5452;84,1305;491,4155;-215,4143;263,2243;327,4171;-480,2829;11,24865;230,5268;-622,3292;-130,5816;144,2142;-737,2852;-251,2827;142,3162;-44,00322;85,18995;385,1586;-86,14944;246,6084;243,3135;-325,0647;23,8814;161,1127;-295,0949;-23,10419;266,3363;-188,9795;107,4581;94,84315;27,75619;84,59319;255,5155;48,71336;215,198;142,4786;-140,0425;38,50356;83,91262;-121,0576;3,873512;179,2093;-24,83199;122,1774;0;0;0;-68,76611;3,796577;-49,98851;-123,074;38,98429;-38,79547;-115,1175;20,12443;-62,0019;-82,381;-11,72554;-85,49522;-59,93842;0,411987;-48,13277;-144,5703;-16,13188;-143,0511;-148,5786;10,72597;-148,0794;-147,7032;34,41238;-142,4689;-144,7048;59,5436;-131,3209;-48,34842;-4,244327;-46,02921;-126,0881;-23,40603;-139,4534;-183,3358;35,00747;-94,10266;-212,5854;67,32558;-67,02876;-234,9722;94,36511;-42,68503;-37,21976;-9,188354;-44,75248;-100,8453;-29,24823;-128,1137;-152,205;22,68934;-88,15893;-124,1112;27,00663;-58,49629;-106,9136;-0,83828;-88,32835;-26,72696;-13,62062;-43,19286;-70,13225;-33,32841;-109,5371;-110,9927;7,838487;-77,99595;-91,08495;11,23595;-56,43904;-75,46162;-14,00247;-83,45389;12,70111;10,68881;2,023248;0,422776;60,63804;-18,96554;68,09437;44,39046;-10,22178;19,45228;4,172417;4,330155;-6,852345;83,55197;3,571825;3,793696;-12,07349;83,49255;103,3226;93,87175;-13,368;83,17043;103,312;94,14545;0;0;0;0;4,042053;-4,526939;-3,518171;-3,166809;0;0;0;0;0;0;0;0;0;0;0;0;0;0;0;0;389,2181;231,427;-105,8052;-95,37676;0;0;0;0;0;0;0;0;0;0;0;0
96;1536;00:00:01:576;0;0;0;-1,290467;4,384939;2,148514;-1,084032;3,21189;6,754457;-4,07758;0,64254;7,807711;-6,471158;-0,717431;6,333734;-1,713556;3,31563;2,192038;-7,254468;5,695434;6,739829;-10,10008;6,007864;10,93851;-11,45873;6,119627;13,27538;-12,40582;6,162653;15,21094;-2,272616;1,950735;2,224741;-8,093588;3,586503;6,748894;-5,458103;2,381289;11,57942;-3,873683;1,685647;14,09702;-2,440253;1,079128;16,06996;-2,817557;0,727388;2,201345;-8,3844;1,469317;6,280989;-6,024799;0,480256;10,55675;-3,987302;0,327554;8,646293;-5,745952;1,063163;6,96277;-3,327464;-0,468181;2,205714;-8,224879;-0,775501;5,502076;-6,376378;-1,58468;8,917762;-4,879455;-1,663666;7,545719;-6,471114;-0,996765;6,01707;-52,59802;0,188324;66,89867;6,55689;12,95989;-52,88324;74,6513;12,95993;-52,88324;119,021;13,35135;-53,09529;119,021;13,35135;-53,09531;-52,97801;0,188325;66,89867;-33,86049;-5,742293;75,25301;-29,68271;-6,157779;74,63955;-25,30583;-6,595366;73,74522;-25,32994;-6,495979;73,95668;-53,11591;-3,474856;71,69987;30,7168;-4,084872;72,26196;34,15828;-5,180193;73,87555;37,82492;-6,312083;75,12576;37,84364;-6,179327;74,95384;-53,6509;-7,433642;76,96992;30,36328;-6,002218;77,37859;133,5003;-7,166961;78,96187;-132,1719;-9,601721;75,89346;-132,203;-9,802211;76,07783;-55,09354;-12,97678;84,68541;29,84525;-6,959234;78,28299;132,9783;-7,94509;79,64037;-132,3848;-10,38174;76,60583;-132,4203;-10,59149;76,80064;0;0;0;288,8458;-260,2939;88,93462;215,3389;-433,6409;-50,82191;182,2202;-265,4355;6,619245;194,7202;-52,0193;120,1888;245,1645;-199,1111;86,1518;577,5612;-339,1023;266,4919;697,5131;-458,3945;297,9763;752,4967;-529,4712;304,3929;788,6999;-592,0344;300,9331;190,1077;-119,2833;83,96992;491,6014;-214,6077;263,017;327,7011;-478,9774;11,11029;230,8612;-620,7656;-130,6817;144,5876;-735,5211;-251,3503;142,3727;-43,7383;85,17428;385,3143;-85,39011;246,6373;243,5567;-323,864;23,96223;161,3113;-294,1204;-23,05238;266,5036;-188,1711;107,4707;94,88873;28,0268;84,71863;255,6328;49,38754;215,4667;142,6656;-139,0154;38,81666;84,06785;-120,1933;4,16167;179,3362;-24,11848;122,4301;0;0;0;5,351543;14,61124;-26,79455;10,9477;44,46315;-19,5533;10,95414;53,06339;1,20163;11,06143;48,33233;10,22959;4,816532;15,15698;-19,26827;12,31098;47,82056;-27,29416;28,018;50,85182;-15,57541;44,6577;59,61799;-1,137257;64,34726;71,16222;16,1519;4,104137;15,71345;-9,634494;11,15513;48,39563;-12,44259;17,03739;78,32908;-8,301436;20,06435;93,8158;-6,002426;22,40467;105,8435;-4,0555;3,391743;15,89548;-0,940204;9,3441;45,56;1,732349;14,59122;72,04055;4,849433;11,91401;58,46929;3,10868;10,03933;48,50793;0,759602;2,73478;16,23684;7,526635;7,038116;40,45111;16,12329;11,22236;61,62786;18,78619;9,313702;51,85747;17,28952;7,612466;42,81073;15,16199;12,70278;10,68971;2,0229;0,42226;60,63804;-18,96554;68,09437;44,4183;-10,2306;19,45283;4,113851;4,277366;-6,852345;83,55197;3,571825;3,793696;-12,07349;83,49255;103,3226;93,87175;-13,368;83,17043;103,312;94,14545;0;0;0;1,669922;-0,529747;0,033188;-3,513965;-3,167352;0;0;0;0;0;0;0;0;0;0;0;0;0;0;0;100,1953;-274,308;273,6076;0,252342;-0,032616;0;0;0;0;0;0;0;0;0;0;0;0
97;1552;00:00:01:592;0;0;0;-1,296321;4,37814;2,158826;-1,094917;3,192667;6,761809;-4,087975;0,618333;7,804228;-6,478706;-0,739303;6,323495;-1,718704;3,308418;2,198892;-7,267095;5,671872;6,746091;-10,11858;5,969659;10,94185;-11,48044;6,073474;13,27722;-12,43014;6,110076;15,21163;-2,276834;1,943044;2,227155;-8,104725;3,56233;6,748331;-5,474536;2,345798;11,5789;-3,89283;1,644408;14,09661;-2,461483;1,03352;16,06972;-2,820874;0,719379;2,199728;-8,393434;1,446224;6,274278;-6,038576;0,447165;10,55033;-3,99854;0,301122;8,642062;-5,755569;1,040079;6,958312;-3,329935;-0,476558;2,200182;-8,231324;-0,796345;5,489445;-6,386599;-1,613536;8,905263;-4,887875;-1,687717;7,534921;-6,47806;-1,017772;6,00607;-52,60387;0,015814;66,93932;6,713562;13,04043;-52,8073;74,80795;13,04045;-52,80731;119,1776;13,43245;-53,01833;119,1776;13,43247;-53,01835;-52,98386;0,015816;66,93932;-33,89262;-5,921299;75,30765;-29,71294;-6,337115;74,69421;-25,33326;-6,775153;73,79977;-25,35803;-6,675663;74,01125;-53,13622;-3,646271;71,7418;30,69478;-4,256063;72,30421;34,13138;-5,350697;73,91869;37,79423;-6,481961;75,16985;37,81347;-6,349295;74,99777;-53,68714;-7,602468;77,01534;30,32591;-6,170769;77,42322;133,4581;-7,334424;79,00788;-132,2052;-9,771191;75,93976;-132,2368;-9,971562;76,12431;-55,15336;-13,13925;84,73959;29,80513;-7,127171;78,32855;132,9341;-8,112052;79,68723;-132,4203;-10,55079;76,65296;-132,4563;-10,76042;76,848;0;0;0;288,6228;-260,0944;88,39191;215,4494;-432,7834;-51,21307;182,5839;-264,6603;6,744594;195,0864;-51,67371;120,7083;245,026;-198,9378;85,78046;577,4808;-338,7205;266,0822;697,5709;-457,6026;297,6647;752,7755;-528,4817;304,2147;789,269;-590,9032;300,902;190,0757;-119,1479;83,81834;491,6834;-214,2885;262,9455;328,1308;-477,7828;11,06594;231,4772;-619,0984;-130,7136;145,3544;-733,4691;-251,3741;142,4335;-43,6477;85,22202;385,5342;-85,15794;246,8762;244,0784;-322,8549;24,21297;161,7435;-293,2213;-22,88809;266,7905;-187,6416;107,6262;95,04153;28,07919;84,95995;255,9839;49,52389;216,0099;143,2592;-138,2612;39,37398;84,59486;-119,5155;4,650861;179,7312;-23,77585;122,9111;0;0;0;-13,381;11,97052;-32,56273;6,630421;51,44691;-23,46933;21,81959;46,51451;7,520913;21,97265;20,73598;31,17513;-8,314132;10,40196;-22,28057;-4,826545;22,90821;-24,58191;3,470421;47,513;-18,69249;16,7284;59,37194;-10,69164;34,14917;67,8749;-1,866817;-1,920461;8,122443;-9,095549;4,920959;19,15169;-4,287242;25,78068;71,6772;-2,660751;36,96298;100,0242;-1,915455;46,00525;123,1212;-1,42622;3,645658;5,436122;2,864599;13,19075;13,92996;14,33372;31,30102;60,54639;15,04451;25,93303;53,94888;9,857118;17,21191;31,76951;9,325503;9,167789;3,143191;14,47928;21,06428;8,180737;32,5942;35,61473;45,25137;33,4391;31,62074;40,66801;29,35141;23,705;20,55779;28,85842;12,70167;10,68971;2,022899;0,42226;60,63804;-18,96554;68,09437;44,4183;-10,24475;19,45372;4,113803;4,277366;-6,852345;83,55197;3,571825;3,793696;-12,07349;83,49255;103,3226;93,87175;-13,368;83,17043;103,312;94,14545;0;0;0;0;-0,848579;0,053558;-0,002861;0;0;0;0;0;0;0;0;0;0;0;0;0;0;0;0;-100,1953;-19,12994;1,222229;210,6662;190,0411;0;0;0;0;0;0;0;0;0;0;0;0
98;1568;00:00:01:608;0;0;0;-1,314235;4,359335;2,185883;-1,122564;3,142033;6,780967;-4,111561;0,552389;7,796782;-6,493208;-0,799106;6,29593;-1,733831;3,288225;2,217229;-7,301364;5,604689;6,765213;-10,16885;5,851986;10,95334;-11,53933;5,928787;13,28471;-12,49593;5,943874;15,216;-2,288339;1,921191;2,234311;-8,133283;3,49294;6,750246;-5,513401;2,249506;11,57957;-3,936887;1,534662;14,09676;-2,509444;0,913748;16,06956;-2,828986;0,696292;2,196738;-8,414927;1,379455;6,26051;-6,069405;0,35665;10,53608;-4,023623;0,229529;8,632614;-5,777905;0,975596;6,949134;-3,334806;-0,500983;2,187342;-8,24454;-0,857089;5,460387;-6,40722;-1,693346;8,875584;-4,904453;-1,75385;7,509001;-6,492142;-1,077435;5,980403;-52,59526;-0,418437;67,09385;7,096535;13,26308;-52,56562;75,19093;13,26312;-52,56563;119,6438;13,65649;-52,77413;119,6438;13,65648;-52,77416;-52,97526;-0,418434;67,09386;-33,96146;-6,456894;75,59196;-29,77606;-6,873413;74,97838;-25,38799;-7,312375;74,08335;-25,41475;-7,212672;74,29501;-53,16407;-4,079716;71,89824;30,66264;-4,689219;72,46128;34,08693;-5,782779;74,07758;37,74019;-6,912971;75,33072;37,76075;-6,780467;75,15836;-53,75531;-8,031526;77,17916;30,25489;-6,599325;77,58565;133,375;-7,760874;79,17336;-132,2656;-10,20143;76,10479;-132,2986;-10,40162;76,2898;-55,28149;-13,55531;84,92373;29,72715;-7,554573;78,4931;132,8457;-8,537487;79,85459;-132,4863;-10,98025;76,81983;-132,5239;-11,18967;77,01541;0;0;0;288,9741;-259,6864;87,7732;216,1025;-431,6301;-51,6542;183,2076;-263,2079;6,953537;195,6826;-50,1885;121,1671;245,3349;-198,5051;85,36926;578,2383;-337,3068;265,7064;697,8661;-455,315;297,3158;752,8396;-525,7197;303,8782;789,1625;-587,7576;300,5742;190,3288;-118,6864;83,67343;492,3517;-212,8381;262,9793;329,1168;-475,6534;11,09688;232,626;-616,6241;-130,6893;146,6282;-730,7326;-251,3597;142,6325;-43,16719;85,3191;386,0762;-83,77238;247,2789;244,905;-320,8695;24,59827;162,4178;-291,6354;-22,63427;267,3676;-186,2565;107,8936;95,18983;28,58179;85,29182;256,3706;50,7745;216,7678;143,8724;-136,5298;40,12388;85,10005;-118,0724;5,298704;180,148;-22,51546;123,5711;0;0;0;21,07715;24,47462;-37,12249;39,19029;69,20242;-26,46804;37,42361;87,14819;12,53664;35,76707;89,11227;27,52805;18,53514;25,96378;-24,67239;45,45593;84,82504;-22,54486;17,71259;137,2576;-20,9341;3,845214;165,7219;-20,19167;-6,388664;188,7388;-19,66524;15,18488;27,6897;-8,69429;40,09437;87,02373;2,028465;59,16166;127,7675;1,856088;68,92776;148,4613;1,459122;76,42793;164,1884;0,862598;11,94262;28,8307;5,824327;32,51981;83,13381;24,15991;49,59726;119,1273;23,11796;40,45987;95,15189;15,22958;34,62267;83,1027;16,04819;8,898138;30,15572;19,91272;23,20003;75,03658;45,47166;36,79418;103,8845;44,99405;30,31146;86,58385;38,87057;25,00606;75,62354;39,60013;12,69126;10,69243;2,021856;0,420743;60,63804;-18,96554;68,09437;44,50181;-10,40605;19,46399;4,113803;4,277366;-6,852345;83,55197;3,571825;3,793696;-12,07349;83,49255;103,3226;93,87175;-13,368;83,17043;103,312;94,14545;0;0;0;5,010681;-9,678325;0,616264;0;0;0;0;0;0;0;0;0;0;0;0;0;0;0;0;0;300,6408;-529,7847;33,76236;0,171661;0;0;0;0;0;0;0;0;0;0;0;0;0
99;1584;00:00:01:624;0;0;0;-1,325617;4,353852;2,189935;-1,131289;3,132629;6,783867;-4,113745;0,534362;7,796885;-6,490955;-0,820377;6,29193;-1,742471;3,281641;2,22021;-7,316376;5,579464;6,769844;-10,18444;5,817252;10,95813;-11,55737;5,890047;13,28818;-12,5176;5,90279;15,21769;-2,293477;1,913175;2,235921;-8,14288;3,465607;6,752762;-5,520307;2,224246;11,58116;-3,942219;1,511025;14,09782;-2,513388;0,891874;16,07018;-2,830981;0,686932;2,197115;-8,419061;1,351879;6,260966;-6,071354;0,330976;10,53579;-4,025064;0,210926;8,632417;-5,781083;0,954114;6,949475;-3,333731;-0,511625;2,186517;-8,242865;-0,883452;5,458714;-6,403752;-1,718282;8,873294;-4,900698;-1,773623;7,506807;-6,489961;-1,099808;5,978698;-52,57927;-0,471433;67,2405;7,135725;13,30321;-52,40984;75,23011;13,30324;-52,40985;119,7386;13,69675;-52,61813;119,7386;13,69675;-52,61814;-52,95927;-0,47143;67,2405;-33,95145;-6,497016;75,72046;-29,82421;-6,913431;75,10674;-25,4883;-7,353124;74,21203;-25,51519;-7,253061;74,42352;-53,15254;-4,133868;72,04418;30,67366;-4,743489;72,60715;34,09642;-5,837336;74,22337;37,7485;-6,967721;75,47648;37,76922;-6,83519;75,30412;-53,74878;-8,086495;77,32503;30,26102;-6,654359;77,73172;133,3796;-7,816054;79,31949;-132,2579;-10,25628;76,25018;-132,2912;-10,4565;76,43522;-55,28252;-13,61066;85,07076;29,7324;-7,609688;78,63916;132,8496;-8,592709;80,00076;-132,4793;-11,03519;76,96529;-132,5171;-11,24463;77,16084;0;0;0;290,0489;-258,5581;86,14979;217,7614;-428,592;-52,80371;184,6227;-259,2512;7,400348;196,6483;-46,48526;122,7173;246,2425;-197,2935;84,26899;580,2945;-333,2758;264,5591;700,9968;-448,254;296,6476;756,5359;-516,8848;303,5256;793,3016;-577,4088;300,5318;191,0191;-117,3753;83,24409;494,0651;-208,6747;262,8644;331,4487;-469,8758;11,05678;235,2694;-610,0394;-130,6977;149,5058;-723,5463;-251,3501;143,1192;-41,78195;85,49844;387,3658;-79,76626;248,1049;246,7547;-315,4386;25,45327;163,9228;-287,3398;-22,06734;268,7077;-182,3875;108,4443;95,48208;30,04727;86,06223;257,1635;54,41916;218,5112;145,1097;-131,7411;41,90464;86,09475;-114,1044;6,853938;180,993;-18,93567;125,1111;0;0;0;64,48888;67,70038;-97,40495;99,52926;182,2843;-68,97031;84,908;237,3991;26,80863;57,94358;222,1944;93,01042;54,45671;72,69286;-66,01559;123,3673;241,8566;-68,83764;187,8376;423,6603;-40,09437;221,7751;530,0874;-21,15154;248,3454;620,9277;-2,547741;41,42046;78,67026;-25,76065;102,8051;249,8016;-6,896496;139,9126;346,653;-2,405941;158,6037;395,0844;-0,504255;172,6577;431,179;0,579357;29,20031;83,11432;10,76102;77,37636;240,3674;49,56436;110,9834;325,8505;51,30002;90,29674;257,7352;34,01577;80,40904;232,1384;33,03909;17,53485;87,92906;46,22375;47,57738;218,6794;104,6062;74,23567;287,3161;106,8458;59,68201;238,0786;93,31407;50,69661;214,7873;92,40031;12,69608;10,69425;2,021163;0,419758;60,63804;-18,96554;68,09437;44,5575;-10,38345;19,46254;4,055213;4,224707;-6,852345;83,55197;3,571825;3,793696;-12,07349;83,49255;103,3226;93,87175;-13,368;83,17043;103,312;94,14545;0;0;0;3,341675;1,35601;-0,087318;-3,515396;-3,15957;0;0;0;0;0;0;0;0;0;0;0;0;0;0;0;-100,1404;662,0601;-42,21496;-210,9237;-189,5742;0;0;0;0;0;0;0;0;0;0;0;0
100;1600;00:00:01:640;0;0;0;-1,32331;4,353468;2,192091;-1,121113;3,132314;6,785702;-4,101145;0,533176;7,803601;-6,480417;-0,822264;6,302539;-1,7398;3,281136;2,223049;-7,306931;5,577336;6,781788;-10,16826;5,814084;10,97473;-11,53744;5,886372;13,30701;-12,49453;5,898752;15,23808;-2,290379;1,912508;2,239664;-8,132841;3,463237;6,766063;-5,502012;2,222658;11,59017;-3,919603;1,509905;14,10424;-2,487367;0,891177;16,07426;-2,827585;0,686107;2,201741;-8,409206;1,349428;6,274723;-6,054214;0,329224;10,54571;-4,011004;0,209768;8,638987;-5,769989;0,952436;6,958917;-3,330001;-0,512596;2,191967;-8,233668;-0,885854;5,472188;-6,388729;-1,720136;8,883758;-4,887895;-1,77504;7,514816;-6,479852;-1,101695;5,989305;-52,4929;-0,435079;67,25661;7,05934;13,36027;-52,41068;75,15372;13,3603;-52,41068;119,6619;13,75353;-52,61953;119,6619;13,75352;-52,61956;-52,87291;-0,435077;67,25661;-33,86032;-6,475452;75,7289;-29,73323;-6,890892;75,11454;-25,39761;-7,329177;74,21919;-25,42443;-7,229451;74,43081;-53,06321;-4,10487;72,05456;30,76333;-4,715363;72,61655;34,18703;-5,811742;74,23098;37,83984;-6,944099;75,48221;37,86047;-6,811295;75,31008;-53,65649;-8,065814;77,32887;30,35317;-6,634325;77,73786;133,4725;-7,798562;79,32368;-132,1655;-10,2339;76,25055;-132,1986;-10,43439;76,43521;-55,18649;-13,60247;85,06495;29,82506;-7,591111;78,64371;132,9429;-8,576317;80,00363;-132,3864;-11,01394;76,96429;-132,424;-11,22369;77,15951;0;0;0;290,7318;-258,2291;85,90665;218,2849;-428,0278;-52,97769;184,7538;-258,1696;7,394134;196,5132;-45,209;122,9573;246,7609;-196,8985;84,09018;581,1952;-331,7623;264,2813;701,9188;-446,17;296,3579;757,5988;-514,5606;303,3138;794,5768;-574,9438;300,426;191,3274;-116,8943;83,14751;494,641;-207,0347;262,7134;331,863;-468,3602;10,96147;235,5893;-608,6212;-130,7614;149,7425;-722,2339;-251,3868;143,2389;-41,22034;85,47583;387,6138;-78,11169;248,0775;246,8717;-313,8982;25,47048;164,0092;-286,2236;-22,05553;268,8984;-181,0986;108,4239;95,41757;30,68582;86,11175;257,063;56,00093;218,6116;144,9016;-130,245;42,04206;85,86945;-112,9181;6,985545;180,8621;-17,59329;125,2134;0;0;0;40,97557;19,7382;-14,588;31,41117;33,85448;-10,43916;7,861375;64,89658;-0,372827;-8,108138;76,57563;14,3981;31,10361;23,70286;-10,72884;54,04186;90,80886;-16,67118;55,3236;125,0381;-17,38214;63,77219;139,4548;-12,71296;76,51233;147,892;-6,347179;18,49651;28,8577;-5,794286;34,55257;98,40202;-9,057998;24,86086;90,93475;-5,718469;19,19603;85,09254;-3,824472;14,19997;78,74679;-2,204418;7,180451;33,69659;-1,357198;14,88018;99,27391;-1,645088;7,01952;92,42677;1,03265;5,188465;66,97368;0,708103;11,4398;77,3363;-1,225948;-3,870248;38,31267;2,97153;-6,029605;94,90656;6,023883;-12,4855;89,76888;8,24511;-13,51833;71,1801;7,896422;-7,853507;80,54271;6,139755;12,69588;10,69425;2,021163;0,419759;60,63804;-18,96554;68,09437;44,5575;-10,38603;19,46272;4,055164;4,22466;-6,852345;83,55197;3,571825;3,793696;-12,07349;83,49255;103,3226;93,87175;-13,368;83,17043;103,312;94,14545;0;0;0;0;-0,15461;0,010529;-0,002918;-0,002775;0;0;0;0;0;0;0;0;0;0;0;0;0;0;0;-200,5005;-90,63719;5,870818;210,7486;189,4077;0;0;0;0;0;0;0;0;0;0;0;0
101;1616;00:00:01:656;0;0;0;-1,319974;4,355224;2,190613;-1,109466;3,138131;6,784928;-4,087354;0,539511;7,810398;-6,468709;-0,816843;6,31347;-1,736271;3,282867;2,223253;-7,295594;5,582366;6,789848;-10,14982;5,821229;10,98752;-11,51501;5,894764;13,32209;-12,46881;5,908236;15,25478;-2,286644;1,914185;2,242046;-8,121261;3,468149;6,777446;-5,481714;2,23214;11,59796;-3,894753;1,521797;14,10985;-2,458944;0,904981;16,07786;-2,82376;0,687683;2,206154;-8,398228;1,353875;6,288454;-6,035527;0,33772;10,55615;-3,995689;0,216848;8,645905;-5,75775;0,957819;6,96831;-3,326039;-0,511092;2,198324;-8,223827;-0,882088;5,487572;-6,372729;-1,713141;8,896591;-4,874321;-1,769057;7,525036;-6,469069;-1,097253;6,001764;-52,41855;-0,34936;67,26338;6,944948;13,38241;-52,42983;75,03934;13,38246;-52,42984;119,5751;13,77528;-52,63953;119,5751;13,77528;-52,63955;-52,79854;-0,349357;67,26338;-33,77485;-6,411147;75,73766;-29,6484;-6,825682;75,12276;-25,31373;-7,262659;74,22688;-25,34031;-7,163236;74,43864;-52,98174;-4,025663;72,05607;30,84564;-4,636956;72,61713;34,27166;-5,735675;74,22975;37,92632;-6,869895;75,47911;37,94669;-6,736826;75,3072;-53,5674;-7,994416;77,32369;30,44246;-6,563557;77,73489;133,5639;-7,730269;79,3186;-132,0773;-10,16083;76,24221;-132,1101;-10,36162;76,42654;-55,0867;-13,54359;85,04881;29,91565;-7,521751;78,63909;133,0354;-8,509108;79,99719;-132,297;-10,94197;76,95457;-132,3343;-11,15201;77,14939;0;0;0;290,5934;-258,2061;85,77728;217,6742;-428,0089;-53,0878;183,9978;-258,0984;6,991178;195,9287;-45,0383;122,2688;246,6006;-196,8681;83,91978;580,6284;-331,6347;263,5646;700,8745;-445,9803;295,348;756,2902;-514,3407;302,163;793,0507;-574,7024;299,1764;191,1415;-116,8543;82,9229;494,0386;-206,8925;261,9154;330,7654;-468,265;10,42101;234,2324;-608,554;-131,147;148,1812;-722,1921;-251,632;143,0351;-41,17088;85,1983;387,0226;-77,96458;247,2521;245,8433;-313,793;24,87565;163,1656;-286,1541;-22,44969;268,2328;-180,998;107,8573;95,19379;30,74411;85,78476;256,5112;56,14507;217,8032;144,0002;-130,1338;41,4142;85,1013;-112,8331;6,505027;180,2555;-17,48006;124,577;0;0;0;-8,305549;1,379013;-7,762312;-36,63826;1,130104;-6,60646;-45,35865;4,268646;-24,17739;-35,06469;10,2421;-41,30602;-9,615897;1,81818;-10,22351;-34,00325;7,660388;-43,00117;-62,65926;11,38115;-60,59217;-78,51218;13,19504;-69,04649;-91,56989;14,48822;-74,9731;-11,15513;2,399683;-13,47685;-36,14044;8,530139;-47,88208;-65,86074;5,713462;-32,4279;-81,41898;4,034042;-23,13709;-93,67632;2,509117;-14,70852;-12,22372;2,967596;-16,65115;-35,47382;8,826612;-49,5243;-61,70367;6,308556;-35,68956;-50,61579;4,167079;-23,64903;-39,93559;6,037473;-33,9911;-13,42714;3,497601;-19,61911;-33,10918;8,648156;-48,50578;-54,0812;6,673336;-37,67162;-46,08857;5,101919;-28,83106;-36,39221;6,794035;-38,18822;12,69547;10,69515;2,020818;0,419274;60,63804;-18,96554;68,09437;44,58535;-10,40066;19,46365;4,055164;4,22466;-6,852345;83,55197;3,571825;3,793696;-12,07349;83,49255;103,3226;93,87175;-13,368;83,17043;103,312;94,14545;0;0;0;1,670608;-0,877991;0,055962;0;0;0;0;0;0;0;0;0;0;0;0;0;0;0;0;0;100,2365;-43,40286;2,725982;0,175095;0,166512;0;0;0;0;0;0;0;0;0;0;0;0
102;1632;00:00:01:672;0;0;0;-1,328572;4,349547;2,196685;-1,12134;3,124818;6,78912;-4,096637;0,52019;7,806845;-6,474421;-0,836965;6,304976;-1,743375;3,276543;2,227018;-7,31095;5,560227;6,791498;-10,17007;5,787825;10,98646;-11,53791;5,855411;13,31966;-12,49382;5,864206;15,25133;-2,291816;1,907049;2,242847;-8,133587;3,444861;6,774542;-5,497539;2,204285;11,5958;-3,912307;1,491863;14,10819;-2,477767;0,873691;16,0767;-2,827142;0,679847;2,20425;-8,407003;1,331042;6,281598;-6,047513;0,31088;10,55011;-4,005422;0,196215;8,641894;-5,766707;0,937574;6,963655;-3,327702;-0,519627;2,193801;-8,228542;-0,903283;5,477047;-6,379979;-1,737588;8,886649;-4,879997;-1,788999;7,516637;-6,47404;-1,116837;5,992785;-52,43808;-0,464803;67,34518;7,057997;13,42261;-52,32196;75,15238;13,42265;-52,32198;119,6882;13,81586;-52,5309;119,6882;13,81586;-52,53091;-52,81808;-0,464801;67,34519;-33,81136;-6,522011;75,82293;-29,68374;-6,936925;75,20815;-25,34734;-7,374445;74,31232;-25,37434;-7,274895;74,52406;-53,01093;-4,139073;72,13981;30,81531;-4,750072;72,70126;34,23809;-5,847893;74,3148;37,89022;-6,981356;75,56512;37,91094;-6,848399;75,3931;-53,6072;-8,104669;77,41093;30,40199;-6,673523;77,82123;133,5204;-7,83908;79,40618;-132,1152;-10,27181;76,3306;-132,1484;-10,47247;76,51514;-55,14212;-13,64754;85,14349;29,87335;-7,631067;78,72633;132,9904;-8,617399;80,08556;-132,3364;-11,05247;77,04375;-132,3742;-11,26238;77,2388;0;0;0;290,3932;-258,3115;85,86596;216,9754;-428,3579;-53,04135;183,1703;-258,4785;6,583348;195,2263;-45,36351;121,613;246,3889;-196,972;83,90761;579,9482;-331,9365;263,081;699,771;-446,409;294,5816;754,95;-514,8442;301,2596;791,5137;-575,2714;298,1756;190,9174;-116,9549;82,77998;493,3438;-207,1873;261,2324;329,5475;-468,8339;9,953453;232,7414;-609,2675;-131,4832;146,4758;-723,0203;-251,8481;142,8056;-41,26544;84,93354;386,3638;-78,23141;246,4283;244,7221;-314,3028;24,24936;162,2467;-286,5789;-22,86485;267,4984;-181,3209;107,2937;94,95605;30,65385;85,40332;255,9208;55,91911;216,8802;143,0402;-130,5535;40,64418;84,2868;-113,1921;5,891785;179,6086;-17,74656;123,8295;0;0;0;-12,01057;-6,32;5,320429;-41,92686;-20,93983;2,786994;-49,64661;-22,80521;-24,46979;-42,14787;-19,51307;-39,35051;-12,7058;-6,230592;-0,730634;-40,81249;-18,10884;-29,01506;-66,21265;-25,7206;-45,98379;-80,4119;-30,2124;-54,20637;-92,21935;-34,13772;-60,04857;-13,44466;-6,035327;-8,575558;-41,68796;-17,68398;-40,97843;-73,07195;-34,13486;-28,05322;-89,45846;-42,81234;-20,17021;-102,3252;-49,69596;-12,97188;-13,7701;-5,673587;-15,88583;-39,52503;-16,00957;-49,42989;-67,27409;-30,58576;-37,57774;-55,13549;-25,48742;-24,90967;-44,06261;-19,37628;-33,81729;-14,26399;-5,415737;-22,88675;-35,42661;-13,55731;-55,38082;-57,60097;-25,18058;-46,20105;-48,86985;-21,53992;-36,79456;-38,81693;-15,98999;-44,85011;12,69552;10,69515;2,020818;0,419274;60,63804;-18,96554;68,09437;44,58535;-10,39998;19,46361;4,055261;4,22466;-6,852345;83,55197;3,571825;3,793696;-12,07349;83,49255;103,3226;93,87175;-13,368;83,17043;103,312;94,14545;0;0;0;0;0,040855;-0,002518;0,005808;0;0;0;0;0;0;0;0;0;0;0;0;0;0;0;0;-100,2365;55,13076;-3,508758;0,348473;0;0;0;0;0;0;0;0;0;0;0;0;0
103;1648;00:00:01:688;0;0;0;-1,334668;4,346598;2,198829;-1,135387;3,117089;6,790339;-4,111353;0,510004;7,799778;-6,486122;-0,847366;6,293339;-1,749027;3,273369;2,227253;-7,326122;5,549627;6,783813;-10,1927;5,773157;10,9739;-11,56809;5,839684;13,30269;-12,53279;5,848489;15,22999;-2,29686;1,903605;2,240612;-8,147742;3,433899;6,763087;-5,520066;2,189426;11,58791;-3,939166;1,47507;14,10248;-2,507993;0,855476;16,073;-2,831542;0,676197;2,199719;-8,41926;1,320478;6,267394;-6,067217;0,296879;10,53919;-4,021538;0,185185;8,63465;-5,78005;0,927509;6,953933;-3,331524;-0,523497;2,187069;-8,238266;-0,912908;5,460807;-6,395645;-1,749977;8,872947;-4,8931;-1,799238;7,505668;-6,484626;-1,126197;5,979574;-52,5128;-0,561843;67,37245;7,182697;13,40569;-52,26644;75,27708;13,40573;-52,26644;119,7853;13,79939;-52,47447;119,7853;13,7994;-52,47449;-52,89279;-0,561835;67,37246;-33,89832;-6,593484;75,84375;-29,85791;-7,009325;75,22951;-25,59963;-7,44953;74,33486;-25,62685;-7,349057;74,54622;-53,09371;-4,229527;72,17245;30,73157;-4,839713;72,73487;34,15169;-5,935147;74,35027;37,80173;-7,066714;75,60255;37,82274;-6,934021;75,43027;-53,69865;-8,187153;77,45048;30,31025;-6,755355;77,85853;133,4261;-7,918368;79,44569;-132,2056;-10,35598;76,37339;-132,2392;-10,55636;76,5583;-55,24588;-13,71708;85,19464;29,78012;-7,711448;78,76537;132,895;-8,695566;80,12651;-132,4281;-11,13552;77,08799;-132,4662;-11,34513;77,28345;0;0;0;290,9091;-257,9709;85,50166;217,6879;-427,5591;-53,29285;183,7273;-257,3193;6,796539;195,521;-44,2137;122,1746;246,8151;-196,5926;83,68169;580,8696;-330,6081;262,982;701,0912;-444,4041;294,6645;756,4675;-512,2532;301,5314;793,1751;-572,0648;298,6878;191,2277;-116,5267;82,73195;494,0833;-205,79;261,4066;330,497;-467,1626;10,08323;233,7946;-607,4714;-131,3837;147,6052;-721,1429;-251,7786;143,0086;-40,79526;85,04778;386,8904;-76,86145;246,8397;245,4413;-312,6924;24,61159;162,8307;-285,3409;-22,62416;268,0358;-180,1062;107,573;95,05585;31,16597;85,67469;256,2036;57,19081;217,5117;143,4753;-129,0867;41,24075;84,6274;-111,9955;6,395727;179,9068;-16,57155;124,3682;0;0;0;30,95626;20,43629;-21,85821;42,74797;47,92785;-15,09011;33,41674;69,55432;12,79145;17,68613;68,98909;33,69426;25,57611;22,76373;-13,55481;55,28355;79,70094;-5,939483;79,21313;120,2917;4,973888;91,04919;155,4622;16,31212;99,68661;192,3952;30,7331;18,6181;25,68984;-2,881407;44,3716;83,83798;10,45418;56,96869;100,2817;7,786452;63,19284;107,7633;5,970954;67,76332;112,6471;4,174232;12,17651;28,21076;6,854296;31,5957;82,19754;24,68204;43,14851;96,62389;21,73394;35,03894;74,2793;14,44101;32,24516;72,88241;16,75844;5,987763;30,72721;16,28244;16,97302;76,30205;37,88709;26,10111;88,00792;35,79408;20,43593;71,79379;30,23656;17,89284;70,50052;32,32312;12,69883;10,69425;2,021164;0,419759;60,63804;-18,96554;68,09437;44,5575;-10,37923;19,46227;3,967288;4,145529;-6,852345;83,55197;3,571825;3,793696;-12,07349;83,49255;103,3226;93,87175;-13,368;83,17043;103,312;94,14545;0;0;0;-1,670608;1,245289;-0,07988;-5,278401;-4,747896;0;0;0;0;0;0;0;0;0;0;0;0;0;0;0;-100,2365;72,266;-4,641723;-317,0525;-284,8737;0;0;0;0;0;0;0;0;0;0;0;0
104;1664;00:00:01:704;0;0;0;-1,334668;4,346598;2,198829;-1,135387;3,117089;6,790339;-4,111353;0,510004;7,799778;-6,486122;-0,847366;6,293339;-1,749027;3,273369;2,227253;-7,326122;5,549627;6,783813;-10,18969;5,785038;10,97531;-11,56352;5,857754;13,30484;-12,52702;5,871349;15,23271;-2,29686;1,903605;2,240612;-8,147742;3,433899;6,763087;-5,520066;2,189426;11,58791;-3,939166;1,47507;14,10248;-2,507993;0,855476;16,073;-2,831542;0,676197;2,199719;-8,41926;1,320478;6,267394;-6,067217;0,296879;10,53919;-4,021538;0,185185;8,63465;-5,78005;0,927509;6,953933;-3,331524;-0,523497;2,187069;-8,238266;-0,912908;5,460807;-6,395645;-1,749977;8,872947;-4,8931;-1,799238;7,505668;-6,484626;-1,126197;5,979574;-52,5128;-0,561843;67,37245;7,182697;13,40569;-52,26644;75,27708;13,40573;-52,26644;119,7853;13,79939;-52,47447;119,7853;13,7994;-52,47449;-52,89279;-0,561835;67,37246;-33,88571;-6,499753;75,73311;-29,8463;-6,915467;75,1189;-25,58949;-7,355504;74,22437;-25,61637;-7,255068;74,43568;-53,09371;-4,229527;72,17245;30,73157;-4,839713;72,73487;34,15169;-5,935147;74,35027;37,80173;-7,066714;75,60255;37,82274;-6,934021;75,43027;-53,69865;-8,187153;77,45048;30,31025;-6,755355;77,85853;133,4261;-7,918368;79,44569;-132,2056;-10,35598;76,37339;-132,2392;-10,55636;76,5583;-55,24588;-13,71708;85,19464;29,78012;-7,711448;78,76537;132,895;-8,695566;80,12651;-132,4281;-11,13552;77,08799;-132,4662;-11,34513;77,28345;0;0;0;291,2749;-257,7939;85,37303;218,5307;-427,0954;-53,36599;184,6103;-256,7081;7,220595;196,2232;-43,58966;122,8728;247,1543;-196,4022;83,66755;581,78;-329,9721;263,4431;703,1768;-443,5199;295,5501;759,3854;-511,3032;302,7512;796,9142;-571,1137;300,2244;191,5303;-116,3201;82,86604;494,9326;-205,1322;262,0939;331,8486;-466,271;10,55659;235,4061;-606,4639;-131,0412;149,4187;-720,0499;-251,5561;143,2726;-40,57626;85,31959;387,6258;-76,22761;247,6919;246,6235;-311,8523;25,26654;163,7977;-284,6791;-22,18951;268,8364;-179,5023;108,1564;95,28516;31,39816;86,07858;256,7871;57,76834;218,4861;144,4152;-128,3433;42,06289;85,41358;-111,3812;7,053897;180,542;-16,00994;125,1609;0;0;0;21,94547;10,62012;-7,717251;50,56572;27,82345;-4,388093;52,98042;36,66973;25,44339;42,12713;37,4422;41,89324;20,34902;11,42621;-0,848651;54,61979;38,16318;27,66466;125,1383;53,05481;53,13635;175,0774;57,00016;73,18782;224,3443;57,0631;92,19217;18,15748;12,39896;8,045196;50,95768;39,46352;41,23735;81,09569;53,49255;28,40191;96,69256;60,45341;20,55073;108,8133;65,57464;13,34667;15,84077;13,14014;16,30854;44,12269;38,0305;51,13363;70,9362;50,40407;39,29713;58,01868;39,7067;26,07912;48,03514;36,23414;34,99961;13,75866;13,93157;24,23358;35,0089;34,65163;58,465;56,39577;44,59977;49,3285;47,17075;36,86142;39,49016;38,11168;33,69659;47,56236;12,71007;10,69425;2,021164;0,419759;60,63804;-18,96554;68,09437;44,5575;-10,23505;19,45311;3,967337;4,145576;-6,852345;83,55197;3,571825;3,793696;-12,07349;83,49255;103,3226;93,87175;-13,368;83,17043;103,312;94,14545;0;0;0;0;8,650875;-0,550003;0,002933;0,002832;0;0;0;0;0;0;0;0;0;0;0;0;0;0;0;100,2365;444,3351;-28,2074;316,88;285,0437;0;0;0;0;0;0;0;0;0;0;0;0
105;1680;00:00:01:720;0;0;0;-1,356173;4,334152;2,210208;-1,180728;3,084821;6,797338;-4,157089;0,467293;7,778181;-6,520386;-0,888227;6,252163;-1,768487;3,259972;2,231532;-7,376297;5,504827;6,765922;-10,26621;5,708547;10,94096;-11,6545;5,764349;13,26237;-12,62982;5,764506;15,18433;-2,313579;1,889056;2,235719;-8,193446;3,387552;6,731171;-5,590961;2,127145;11,5655;-4,023058;1,404913;14,08595;-2,601952;0,779536;16,06192;-2,845501;0,660761;2,186357;-8,457783;1,275792;6,224638;-6,128205;0,238134;10,50534;-4,071402;0,138979;8,61212;-5,821757;0,885143;6,924603;-3,342942;-0,539876;2,16556;-8,267586;-0,953646;5,409293;-6,442866;-1,802016;8,828255;-4,932401;-1,842208;7,469433;-6,516518;-1,165669;5,937189;-52,71992;-0,921072;67,49184;7,60895;13,40299;-52,05091;75,70332;13,40301;-52,05091;120,2123;13,79818;-52,25592;120,2122;13,79819;-52,25595;-53,09991;-0,921074;67,49184;-34,15295;-6,88319;75,94921;-30,10962;-7,301714;75,33647;-25,84696;-7,745787;74,44315;-25,87523;-7,644408;74,65421;-53,33089;-4,570133;72,30735;30,49083;-5,177971;72,87259;33,90099;-6,2665;74,4936;37,54319;-7,392531;75,75179;37,56527;-7,26061;75,57879;-53,96838;-8,504513;77,60633;30,03917;-7,070816;78,00787;133,1456;-8,226233;79,60179;-132,4709;-10,67828;76,53853;-132,5057;-10,87781;76,72457;-55,56239;-13,99548;85,38714;29,50343;-8,022598;78,91993;132,6102;-9,000109;80,28702;-132,6983;-11,45454;77,25761;-132,7377;-11,66323;77,45428;0;0;0;291,2749;-257,7939;85,37303;218,5307;-427,0954;-53,36599;184,6103;-256,7081;7,220595;196,2232;-43,58966;122,8728;247,1543;-196,4022;83,66755;581,78;-329,9721;263,4431;702,5418;-444,2354;295,3833;758,4199;-512,3914;302,4969;795,6932;-572,4904;299,9019;191,5303;-116,3201;82,86604;494,9326;-205,1322;262,0939;331,8486;-466,271;10,55659;235,4061;-606,4639;-131,0412;149,4187;-720,0499;-251,5561;143,2726;-40,57626;85,31959;387,6258;-76,22761;247,6919;246,6235;-311,8523;25,26654;163,7977;-284,6791;-22,18951;268,8364;-179,5023;108,1564;95,28516;31,39816;86,07858;256,7871;57,76834;218,4861;144,4152;-128,3433;42,06289;85,41358;-111,3812;7,053897;180,542;-16,00994;125,1609;0;0;0;0;0;0;0;0;0;0;0;0;0;0;0;0;0;0;0;0;0;-38,1031;-42,92965;-10,00929;-57,93571;-65,2914;-15,2564;-73,26221;-82,59772;-19,3491;0;0;0;0;0;0;0;0;0;0;0;0;0;0;0;0;0;0;0;0;0;0;0;0;0;0;0;0;0;0;0;0;0;0;0;0;0;0;0;0;0;0;0;0;0;12,70306;10,69425;2,021163;0,419759;60,63804;-18,96554;68,09437;44,5575;-10,32503;19,45881;3,967288;4,145529;-6,852345;83,55197;3,571825;3,793696;-12,07349;83,49255;103,3226;93,87175;-13,368;83,17043;103,312;94,14545;0;0;0;0;-5,398807;0,342064;-0,002933;-0,002832;0;0;0;0;0;0;0;0;0;0;0;0;0;0;0;0;-842,9809;53,52401;-0,351906;-0,33989;0;0;0;0;0;0;0;0;0;0;0;0
106;1696;00:00:01:736;0;0;0;-1,359772;4,331002;2,214168;-1,18832;3,076153;6,799942;-4,164736;0,456428;7,774736;-6,526101;-0,898036;6,244795;-1,771742;3,256658;2,233788;-7,384677;5,4941;6,765498;-10,27722;5,697574;10,93873;-11,66701;5,75311;13,25924;-12,6436;5,752944;15,18056;-2,316372;1,885553;2,235784;-8,201073;3,376592;6,727388;-5,602816;2,111188;11,56268;-4,037097;1,386423;14,08377;-2,617681;0,759124;16,06034;-2,847829;0,657138;2,184417;-8,464205;1,26536;6,218035;-6,138397;0,223286;10,49972;-4,07974;0,127129;8,608357;-5,828721;0,874752;6,920062;-3,344842;-0,54364;2,161681;-8,272465;-0,963022;5,400164;-6,450751;-1,814929;8,819847;-4,938964;-1,852959;7,462433;-6,521834;-1,175093;5,929488;-52,74425;-1,006541;67,51168;7,697725;13,42395;-52,01088;75,79211;13,42399;-52,0109;120,3011;13,81945;-52,21528;120,3011;13,81946;-52,21531;-53,12423;-1,006538;67,51167;-34,18328;-6,918581;75,91871;-30,1396;-7,337432;75,30612;-25,87641;-7,781957;74,41298;-25,90481;-7,68047;74,62401;-53,36241;-4,653257;72,3293;30,45846;-5,260781;72,89497;33,86621;-6,348361;74,51687;37,50653;-7,473606;75,77596;37,52885;-7,341792;75,60283;-54,00778;-8,584383;77,63161;29,99934;-7,150407;78,03223;133,1034;-8,304691;79,62729;-132,5091;-10,75886;76,56506;-132,5442;-10,95826;76,75128;-55,61332;-14,06933;85,41894;29,46224;-8,101542;78,94514;132,567;-9,07806;80,31324;-132,7375;-11,53464;77,28486;-132,7772;-11,7432;77,48174;0;0;0;292,5652;-257,0471;84,69025;221,2512;-425,1593;-53,78593;187,3545;-254,1455;8,516371;198,279;-41,13799;125,3433;248,3219;-195,5983;83,41084;584,7904;-327,2841;264,5166;707,4893;-439,6438;297,5088;764,4204;-506,784;305,1435;802,5466;-566,0758;302,9294;192,5335;-115,4472;83,15961;497,6749;-202,3515;264,0089;336,1023;-462,5341;11,90114;240,4397;-602,2545;-130,0494;155,0563;-715,4936;-250,8915;144,1101;-39,65007;86,1213;389,9371;-73,54646;250,2572;250,2827;-308,3276;27,29747;166,7895;-281,9068;-20,83772;271,3388;-176,9604;109,9162;95,97026;32,38087;87,36917;258,5463;60,21261;221,5769;147,2485;-125,221;44,74438;87,77167;-108,803;9,228005;182,4555;-13,64159;127,704;0;0;0;77,41499;44,80362;-40,96663;163,2285;116,1661;-25,19667;164,6497;153,7599;77,74651;123,3494;147,1004;148,2325;70,055;48,23041;-15,40267;180,6278;161,2773;64,4102;296,8483;275,4936;127,5301;360,034;336,4448;158,791;411,2062;384,8734;181,6492;60,18876;52,37532;17,61424;164,5346;166,8463;114,9001;255,2218;224,2126;80,6728;302,0139;252,5654;59,50784;338,2544;273,3822;39,87836;50,25172;55,57144;48,10273;138,6809;160,8689;153,9202;219,5535;211,4811;121,8554;179,5099;166,3413;81,10732;150,145;152,5154;105,5911;41,1061;58,96299;77,43501;105,5503;146,6564;185,4501;169,9984;187,3426;160,8896;141,4851;154,6912;130,4465;114,8093;142,1007;152,5855;12,70855;10,69425;2,021163;0,419758;60,63804;-18,96554;68,09437;44,5575;-10,25452;19,45434;3,967288;4,145529;-6,852345;83,55197;3,571825;3,793696;-12,07349;83,49255;103,3226;93,87175;-13,368;83,17043;103,312;94,14545;0;0;0;0;4,230595;-0,268135;0;0;0;0;0;0;0;0;0;0;0;0;0;0;0;0;0;0;577,7641;-36,61193;0,175953;0,169945;0;0;0;0;0;0;0;0;0;0;0;0
107;1712;00:00:01:752;0;0;0;-1,359658;4,330692;2,214843;-1,197265;3,078943;6,801794;-4,175715;0,460022;7,772521;-6,534141;-0,895366;6,238868;-1,772192;3,256549;2,23359;-7,388255;5,494796;6,761025;-10,28539;5,694801;10,93124;-11,67773;5,748404;13,25026;-12,65644;5,746634;15,17051;-2,317518;1,88572;2,234454;-8,205689;3,37772;6,721189;-5,612628;2,108815;11,55836;-4,049651;1,382118;14,08058;-2,632416;0,753207;16,05821;-2,849551;0,657599;2,182032;-8,469413;1,266852;6,210635;-6,148166;0,221666;10,49403;-4,087777;0,125317;8,604569;-5,83479;0,874589;6,914966;-3,347152;-0,542917;2,158285;-8,278034;-0,961257;5,391939;-6,459972;-1,815633;8,81295;-4,946928;-1,853817;7,456944;-6,528009;-1,174456;5,922814;-52,78418;-1,051084;67,48331;7,764212;13,32416;-51,99828;75,85857;13,32418;-51,99829;120,3681;13,7199;-52,20214;120,3681;13,71991;-52,20215;-53,16418;-1,051077;67,48331;-34,23312;-6,980747;75,92387;-30,1888;-7,400126;75,31155;-25,92468;-7,845401;74,41867;-25,95329;-7,743742;74,62963;-53,4061;-4,694283;72,30378;30,41433;-5,301381;72,86994;33,82086;-6,387705;74,49281;37,46021;-7,511942;75,75289;37,48267;-7,380281;75,57968;-54,05546;-8,621204;77,60966;29,95157;-7,186905;78,0091;133,0545;-8,339859;79,60529;-132,5564;-10,79656;76,54482;-132,5916;-10,99581;76,73123;-55,66662;-14,09944;85,40281;29,41378;-8,137289;78,9229;132,5176;-9,112645;80,29196;-132,7854;-11,57175;77,26537;-132,8253;-11,78015;77,46246;0;0;0;292,7811;-256,8581;84,45267;221,9054;-424,5015;-53,60958;188,0018;-253,3629;9,038686;198,7038;-40,49073;125,9224;248,5172;-195,3994;83,27544;585,2933;-326,6405;264,542;707,9627;-438,9866;297,6089;764,8862;-506,1113;305,2793;803,0131;-565,3842;303,0898;192,7011;-115,237;83,15572;498,1326;-201,6938;264,2358;336,8136;-461,5768;12,07003;241,282;-601,145;-129,9183;156,0001;-714,2689;-250,7968;144,2498;-39,43274;86,23772;390,3224;-72,92049;250,6535;250,8943;-307,4368;27,63502;167,2898;-281,1958;-20,61197;271,7567;-176,3369;110,1886;96,08425;32,60673;87,6019;258,839;60,77511;222,1247;147,7215;-124,4462;45,24882;88,16546;-108,1579;9,647994;182,7745;-13,07618;128,166;0;0;0;12,95757;11,34109;-14,25469;39,25466;39,47067;10,58113;38,83981;46,9551;31,33893;25,48599;38,8357;34,74355;11,71875;11,9319;-8,123874;30,16948;38,61951;1,523495;28,4071;39,43348;6,008148;27,94933;40,36045;8,149623;27,98653;41,49913;9,62448;10,05578;12,61139;-0,233531;27,4601;39,45779;13,61418;42,67788;57,44361;10,13338;50,53711;66,56455;7,864236;56,62465;73,48251;5,680561;8,381366;13,03947;6,985188;23,11992;37,55772;23,77367;36,69118;53,45106;20,25336;30,01499;42,65928;13,54516;25,07114;37,40716;16,34502;6,839633;13,55124;13,96394;17,56239;33,75005;32,866;28,38349;46,48661;30,26604;23,6274;38,70391;25,19935;19,14024;33,92458;27,72188;12,70326;10,69396;2,019639;0,421686;60,56463;-18,84449;68,09438;44,5575;-10,29161;19,45669;3,967386;4,145576;-6,852345;83,55197;3,571825;3,793696;-12,07349;83,49255;103,3226;93,87175;-13,368;83,17043;103,312;94,14545;-4,404602;7,262878;0,000458;-0,000229;-2,225533;0,140877;0,005908;0,002832;0;0;0;0;0;0;0;0;0;0;0;0;-264,2761;435,7726;0,027466;-0,013733;-387,3676;24,54071;0,354481;0,169945;0;0;0;0;0;0;0;0;0;0;0;0
108;1728;00:00:01:768;0;0;0;-1,352935;4,33373;2,213018;-1,191864;3,082395;6,800128;-4,174557;0,468639;7,771756;-6,535525;-0,883001;6,23871;-1,767167;3,260248;2,232175;-7,379943;5,509202;6,75838;-10,27596;5,719579;10,92886;-11,66781;5,778459;13,24805;-12,64621;5,780668;15,16845;-2,314662;1,890284;2,233559;-8,200724;3,393405;6,719351;-5,60995;2,122351;11,55718;-4,048269;1,394199;14,07979;-2,632143;0,763845;16,05775;-2,848633;0,662985;2,181601;-8,467756;1,282751;6,209632;-6,14841;0,235621;10,49359;-4,088069;0,135252;8,60428;-5,833797;0,886605;6,914274;-3,34813;-0,536752;2,158309;-8,279854;-0,945988;5,391844;-6,463343;-1,801859;8,813307;-4,950283;-1,842984;7,457402;-6,5302;-1,161741;5,922908;-52,79611;-1,031018;67,39291;7,750866;13,32343;-52,0979;75,84525;13,32347;-52,0979;120,3547;13,71912;-52,30183;120,3547;13,71913;-52,30186;-53,17611;-1,03102;67,39291;-34,23736;-6,926956;75,79579;-30,19364;-7,346376;75,1836;-25,93035;-7,791739;74,29086;-25,95877;-7,690057;74,50178;-53,41632;-4,673292;72,214;30,40431;-5,280291;72,78024;33,81144;-6,36635;74,40324;37,45123;-7,490387;75,66346;37,47363;-7,358749;75,49022;-54,06376;-8,599362;77,5203;29,94347;-7,165017;77,91949;133,047;-8,31775;79,51572;-132,5651;-10,77488;76,4558;-132,6003;-10,9741;76,64226;-55,67196;-14,07668;85,31348;29,40601;-8,115274;78,83339;132,5103;-9,090446;80,20248;-132,7939;-11,54996;77,17645;-132,8337;-11,75834;77,37354;0;0;0;292,7743;-256,8396;84,41218;222,3975;-424,6998;-53,79532;188,6183;-253,6078;9,10078;199,1678;-40,66413;126,2473;248,5442;-195,3929;83,28734;585,5079;-326,6822;264,8104;708,7049;-438,8187;298,1041;765,913;-505,8267;305,8875;804,2681;-565,0027;303,7813;192,7699;-115,247;83,23553;498,4095;-201,7615;264,6078;337,4023;-461,4344;12,32958;242,0352;-600,8868;-129,7274;156,8841;-713,9138;-250,669;144,3531;-39,46036;86,38084;390,6349;-73,01003;251,0975;251,4804;-307,3396;27,97602;167,772;-281,0871;-20,3847;272,1208;-176,3272;110,4944;96,22281;32,56333;87,80564;259,1732;60,66922;222,6182;148,2748;-124,404;45,66264;88,64325;-108,1064;9,977369;183,145;-13,11438;128,5665;0;0;0;-0,407696;1,114368;-2,430081;29,52575;-11,90185;-11,1444;36,98873;-14,6985;3,725588;27,84419;-10,40429;19,49572;1,619339;0,392675;0,713468;12,88033;-2,506256;16,1047;44,53182;10,07366;29,70886;61,60354;17,07744;36,49377;75,30212;22,88246;41,48769;4,12774;-0,600815;4,788637;16,61682;-4,059791;22,31598;35,32362;8,543014;15,5729;45,19558;15,4953;11,45267;53,04337;21,30317;7,671832;6,196975;-1,657248;8,587002;18,74971;-5,371928;26,64042;35,16769;5,833625;20,45989;28,93567;6,524563;13,63635;21,84677;0,58651;18,34631;8,313416;-2,604067;12,22443;20,05005;-6,353259;29,61015;33,19716;2,533436;24,82921;28,66745;3,088474;19,76251;22,23015;-2,291947;24,02615;12,70769;10,69402;2,019979;0,421255;60,58109;-18,87163;68,09438;44,5575;-10,24171;19,45353;3,967288;4,145624;-6,852345;83,55197;3,571825;3,793696;-12,07349;83,49255;103,3226;93,87175;-13,368;83,17043;103,312;94,14545;0,987854;-1,628265;0;0,000229;2,993717;-0,189514;-0,005908;0,002861;0;0;0;0;0;0;0;0;0;0;0;0;323,5473;-533,4686;-0,027466;0,027466;313,1549;-19,82345;-0,708961;0,001717;0;0;0;0;0;0;0;0;0;0;0;0
109;1744;00:00:01:784;0;0;0;-1,343956;4,336673;2,212724;-1,19375;3,095352;6,802922;-4,181623;0,487421;7,774284;-6,539443;-0,861889;6,234354;-1,760454;3,264069;2,231896;-7,368817;5,525061;6,757574;-10,26261;5,749921;10,92884;-11,65455;5,816501;13,24777;-12,63403;5,824776;15,1676;-2,310838;1,895263;2,233299;-8,194057;3,411;6,718575;-5,60634;2,134695;11,55666;-4,046391;1,403362;14,07942;-2,63175;0,770109;16,05752;-2,847394;0,669091;2,181355;-8,465503;1,30089;6,208929;-6,1487;0,24906;10,49311;-4,088429;0,144259;8,603963;-5,83244;0,89922;6,91379;-3,34942;-0,52959;2,158078;-8,282243;-0,928276;5,391254;-6,467801;-1,787827;8,812893;-4,954729;-1,832204;7,457106;-6,533089;-1,147697;5,922462;-52,80112;-1,030365;67,27209;7,765028;13,15128;-52,16496;75,85943;13,15132;-52,16496;120,4809;13,54703;-52,36864;120,4809;13,54703;-52,36866;-53,18111;-1,030364;67,27209;-34,23305;-6,861343;75,5987;-30,21934;-7,280723;74,98657;-25,98348;-7,726494;74,09417;-26,01165;-7,624612;74,30498;-53,42127;-4,672217;72,0935;30,39937;-5,279168;72,6598;33,80651;-6,365079;74,28288;37,44632;-7,489017;75,5432;37,46872;-7,357383;75,36993;-54,06863;-8,597836;77,40012;29,93862;-7,163448;77,79919;133,0422;-8,31605;79,39555;-132,5701;-10,77344;76,33585;-132,6052;-10,97264;76,5223;-55,67666;-14,07451;85,19373;29,40118;-8,113633;78,71317;132,5055;-9,088691;80,08234;-132,7988;-11,54846;77,05653;-132,8387;-11,75681;77,25365;0;0;0;292,3709;-257,0219;84,52166;222,4558;-424,6402;-53,05548;188,9115;-253,8718;9,753942;199,5995;-41,06273;126,312;248,2427;-195,6149;83,37228;585,0092;-327,5466;264,9691;708,6418;-440,3024;298,3372;766,077;-507,5491;306,19;804,6083;-566,8511;304,1683;192,5984;-115,5209;83,28922;498,1116;-202,7026;264,7181;337,2416;-462,2465;12,40025;241,9523;-601,6116;-129,6798;156,8678;-714,5521;-250,6415;144,298;-39,78354;86,40669;390,5355;-73,96397;251,1576;251,4951;-308,1768;28,00289;167,7895;-281,6832;-20,36735;272,0612;-177,0481;110,5359;96,28152;32,19343;87,80418;259,2824;59,7531;222,6239;148,4771;-125,2304;45,64127;88,84455;-108,7564;9,949832;183,2764;-13,87727;128,5608;0;0;0;-24,20711;-10,93769;6,568909;3,49617;3,576278;44,39056;17,59386;-15,83862;39,18975;25,89941;-23,916;3,878831;-18,08882;-13,31806;5,096912;-29,92344;-51,86033;9,521483;-3,782272;-89,02072;13,98468;9,844779;-103,3487;18,14747;20,41626;-110,9018;23,22292;-10,28466;-16,43228;3,221154;-17,87567;-56,46658;6,620407;-9,641646;-48,72894;4,240572;-4,973888;-43,48755;2,859592;-0,982046;-38,29765;1,646519;-3,304482;-19,3904;1,551032;-5,965232;-57,23619;3,60918;0,881195;-50,2367;1,612008;1,049995;-35,76564;1,040697;-3,573417;-43,25723;2,491951;3,522992;-22,19385;-0,087261;6,551743;-54,9674;0,340462;12,13431;-49,58582;-1,282096;12,07817;-39,00003;-1,652241;7,888555;-45,77324;-0,336885;12,7145;10,69711;2,015686;0,423088;60,43972;-18,63955;68,09437;44,66886;-10,1422;19,44727;3,937958;4,119179;-6,852345;83,55197;3,571825;3,793696;-12,07349;83,49255;103,3226;93,87175;-13,368;83,17043;103,312;94,14545;-8,48259;13,9246;-0,000458;6,681289;5,970668;-0,375366;-1,759786;-1,586666;0;0;0;0;0;0;0;0;0;0;0;0;-568,2266;933,1718;-0,027466;400,8636;178,6171;-11,15112;-105,2327;-95,37161;0;0;0;0;0;0;0;0;0;0;0;0
110;1760;00:00:01:800;0;0;0;-1,336669;4,334246;2,221873;-1,199839;3,091142;6,812008;-4,193513;0,486677;7,774774;-6,54565;-0,853387;6,218171;-1,75541;3,262468;2,238199;-7,362595;5,524476;6,764831;-10,2568;5,754647;10,93552;-11,65145;5,824209;13,25274;-12,63502;5,834927;15,17046;-2,308638;1,89481;2,235957;-8,192194;3,412233;6,72022;-5,610912;2,119184;11,55729;-4,054455;1,378682;14,07954;-2,642677;0,737841;16,05724;-2,847699;0,669882;2,180713;-8,467627;1,303897;6,205403;-6,156358;0,237185;10,48889;-4,094836;0,13254;8,601104;-5,835954;0,895096;6,911359;-3,352196;-0,527694;2,154228;-8,28836;-0,923718;5,382631;-6,47838;-1,795079;8,803645;-4,964344;-1,839416;7,448931;-6,54008;-1,148024;5,914677;-52,79005;-1,171814;67,15279;7,897039;13,0768;-52,20789;75,99142;13,07683;-52,20789;120,8361;13,47299;-52,41058;120,8361;13,473;-52,41059;-53,17004;-1,171816;67,15278;-34,23229;-6,931484;75,39532;-30,27642;-7,350853;74,78307;-26,09227;-7,797493;73,891;-26,12066;-7,695225;74,10161;-53,42213;-4,814102;71,97448;30,39709;-5,421031;72,54092;33,80019;-6,506821;74,1645;37,43684;-7,630579;75,42534;37,45966;-7,498981;75,25202;-54,08278;-8,739024;77,28316;29,92353;-7,304549;77,68201;133,0231;-8,456675;79,27923;-132,5816;-10,91486;76,21893;-132,6173;-11,11404;76,4055;-55,71069;-14,21251;85,08295;29,38379;-8,254461;78,59653;132,4846;-9,229078;79,96657;-132,8123;-11,68973;76,94014;-132,8526;-11,89805;77,13742;0;0;0;291,8321;-257,1984;84,53934;222,9189;-425,1711;-52,63717;189,6675;-254,7648;10,1582;200,3615;-41,76757;126,396;247,8399;-195,8441;83,38902;584,3416;-328,4981;265,0174;708,3998;-442,1196;298,4375;766,1217;-509,6738;306,4227;804,9272;-569,1149;304,5896;192,369;-115,8196;83,3048;497,7115;-203,7583;264,7647;337,0251;-462,9871;12,43155;241,8397;-602,1614;-129,6576;156,8442;-714,928;-250,6275;144,2237;-40,14989;86,42147;390,4003;-75,05235;251,1998;251,5125;-308,9832;28,03163;167,8112;-282,2236;-20,34831;271,9798;-177,805;110,5649;96,35889;31,76373;87,81808;259,4257;58,69038;222,6592;148,7446;-126,0723;45,66608;89,11131;-109,4032;9,967625;183,4497;-14,71995;128,5876;0;0;0;-32,32383;-10,59437;1,060724;27,78912;-31,85463;25,09868;45,36152;-53,57838;24,25521;45,72057;-42,29057;5,039691;-24,16849;-13,75437;1,003861;-40,05432;-57,09314;2,902508;-14,52255;-109,0336;6,019592;2,680778;-127,4814;13,96322;19,13452;-135,8271;25,27714;-13,7651;-17,92288;0,935554;-24,00398;-63,34018;2,795219;-12,99334;-44,4374;1,877546;-6,759167;-32,98759;1,330376;-1,413345;-22,55058;0,842571;-4,46105;-21,9816;0,886917;-8,110999;-65,3032;2,530575;1,042843;-48,37989;1,72466;1,298189;-32,4254;1,142621;-4,883766;-45,41158;1,740932;4,641652;-25,78175;0,833631;8,600234;-63,76326;2,122879;16,05034;-50,51565;1,488626;16,00599;-38,80763;1,067519;10,39624;-50,56098;1,607895;12,72625;10,70385;2,010316;0,423026;60,31012;-18,42826;68,09437;44,89157;-10,03154;19,44036;3,879392;4,066401;-6,852345;83,55197;3,571825;3,793696;-12,07349;83,49255;103,3226;93,87175;-13,368;83,17043;103,312;94,14545;-7,775802;12,67788;0;13,36258;6,639461;-0,414963;-3,51398;-3,166666;0;0;0;0;0;0;0;0;0;0;0;0;42,40725;-74,80315;0,027466;400,8773;40,12756;-2,375793;-105,2516;-94,79998;0;0;0;0;0;0;0;0;0;0;0;0
111;1776;00:00:01:816;0;0;0;-1,328907;4,323907;2,246538;-1,201588;3,053535;6,829475;-4,202754;0,45053;7,772659;-6,5558;-0,874811;6,204862;-1,750274;3,253074;2,255826;-7,35761;5,501194;6,789182;-10,25472;5,719705;10,95848;-11,65119;5,782042;13,27481;-12,63643;5,78618;15,1917;-2,306823;1,886809;2,244579;-8,192288;3,391292;6,730697;-5,620225;2,062564;11,56301;-4,068738;1,302946;14,08263;-2,661003;0,646651;16,05814;-2,848793;0,663559;2,181217;-8,472202;1,286803;6,202724;-6,168907;0,188433;10,48251;-4,105281;0,090237;8,596672;-5,842419;0,867298;6,909441;-3,356169;-0,5326;2,146823;-8,297323;-0,936199;5,36664;-6,493759;-1,832756;8,784531;-4,978139;-1,872551;7,431449;-6,550263;-1,168001;5,899477;-52,72012;-1,520551;67,01155;8,175269;13,29292;-52,27937;76,26966;13,29297;-52,27939;121,114;13,69007;-52,48026;121,114;13,69008;-52,48027;-53,10011;-1,520548;67,01156;-34,20505;-7,234395;75,19088;-30,24588;-7,653462;74,578;-26,05695;-8,099586;73,68502;-26,08646;-7,997448;73,89584;-53,38163;-5,167477;71,83138;30,43413;-5,774794;72,39771;33,82719;-6,86148;74,02174;37,45602;-7,985747;75,28315;37,47994;-7,854095;75,10972;-54,0752;-9,094621;77,14239;29,92857;-7,660182;77,54176;133,0181;-8,812318;79,14039;-132,5672;-11,27026;76,07658;-132,6041;-11,46947;76,26333;-55,75291;-14,56582;84,95387;29,38311;-8,610143;78,45705;132,4753;-9,584633;79,82851;-132,8024;-12,04527;76,79852;-132,844;-12,25363;76,99603;0;0;0;291,395;-257,0528;83,99039;223,3199;-424,8934;-53,12273;190,4148;-254,6963;10,18533;200,7485;-42,26707;127,3913;247,5373;-195,7481;83,01079;583,9683;-328,463;264,582;708,4606;-442,4006;298,1089;766,5577;-510,1325;306,2345;805,7736;-569,7192;304,5572;192,237;-115,7924;83,14535;497,5998;-203,8323;264,6659;337,2994;-462,0565;12,39337;242,3235;-600,6805;-129,6647;157,4998;-712,9919;-250,6107;144,242;-40,19738;86,45999;390,5277;-75,23273;251,4114;251,9719;-308,2707;28,28461;168,1956;-281,5204;-20,17674;272,1906;-177,5575;110,7108;96,52551;31,64996;88,0491;259,7927;58,41693;223,1767;149,3793;-125,6372;46,22099;89,68823;-108,9705;10,45811;183,8692;-14,70033;129,0547;0;0;0;-26,23129;8,736133;-32,93681;24,05977;16,66546;-29,13415;44,83509;4,109859;1,628101;23,22292;-29,96975;59,7217;-18,15748;5,761384;-22,69363;-22,40181;2,105713;-26,12543;3,647804;-16,86287;-19,71531;26,15833;-27,52018;-11,29103;50,78316;-36,25774;-1,941204;-7,920741;1,628637;-9,567617;-6,703377;-4,438877;-5,925178;16,45946;55,83572;-2,290606;29,0308;88,84906;-0,424147;39,33692;116,1661;1,00851;1,100063;-2,848863;2,311349;7,643222;-10,82253;12,69436;27,56882;42,7494;15,17862;23,06342;42,18864;10,29432;12,64858;14,84656;8,751868;9,996771;-6,82658;13,86094;22,01986;-16,40725;31,04496;38,08236;26,10612;33,29426;34,61515;25,96235;29,42919;25,16699;1,17749;28,02372;12,73209;10,70381;2,010047;0,42338;60,29694;-18,40685;68,09438;44,89157;-9,950642;19,43535;3,879442;4,066449;-6,852345;83,55197;3,571825;3,793696;-12,07349;83,49255;103,3226;93,87175;-13,368;83,17043;103,312;94,14545;-0,790558;1,28437;0,000458;0,000229;4,854125;-0,300407;0,003018;0,002861;0;0;0;0;0;0;0;0;0;0;0;0;419,1146;-683,6105;0,027466;-801,7409;-107,1201;6,873321;211,0199;190,1716;0;0;0;0;0;0;0;0;0;0;0;0
112;1792;00:00:01:832;0;0;0;-1,332571;4,312918;2,265413;-1,21142;3,024862;6,843579;-4,212222;0,416146;7,772031;-6,56193;-0,904725;6,195481;-1,753518;3,241887;2,269372;-7,365661;5,466746;6,808253;-10,26609;5,666162;10,9762;-11,66439;5,717927;13,29168;-12,65115;5,713348;15,2078;-2,309513;1,875469;2,251308;-8,199448;3,356808;6,739262;-5,631026;2,006703;11,56759;-4,08141;1,236022;14,085;-2,675119;0,571128;16,05866;-2,850939;0,652311;2,181806;-8,478065;1,254679;6,201294;-6,178027;0,137384;10,47793;-4,112735;0,04875;8,593445;-5,848727;0,83294;6,908332;-3,357807;-0,543876;2,141428;-8,301578;-0,964353;5,355063;-6,500606;-1,876038;8,770318;-4,983803;-1,908958;7,418378;-6,554886;-1,197933;5,88833;-52,66195;-1,784475;67,03263;8,386865;13,41461;-52,19082;76,48125;13,41464;-52,19081;121,3255;13,81248;-52,39029;121,3255;13,81248;-52,39032;-53,04195;-1,784476;67,03263;-34,18317;-7,49299;75,19799;-30,2212;-7,911804;74,58457;-26,02817;-8,357524;73,69083;-26,05865;-8,255478;73,90186;-53,34571;-5,435354;71,85079;30,46742;-6,043012;72,41703;33,85289;-7,130538;74,04139;37,4758;-8,255301;75,30312;37,50053;-8,123577;75,12962;-54,06425;-9,364661;77,16338;29,93759;-7,930291;77,56329;133,0195;-9,082568;79,16292;-132,5511;-11,54005;76,09612;-132,5888;-11,73931;76,28301;-55,7798;-14,83482;84,98343;29,38778;-8,880355;78,4791;132,4735;-9,854883;79,85156;-132,7897;-12,31525;76,8186;-132,8322;-12,52363;77,01625;0;0;0;290,9292;-256,4324;82,51047;223,5566;-422,5434;-53,95002;191,0943;-252,4386;10,52168;201,4114;-40,94183;128,2802;247,2291;-195,1844;81,95317;583,6693;-327,0661;263,1209;708,4213;-440,3036;296,7462;766,6722;-507,6017;304,9332;806,023;-566,7934;303,3119;192,1281;-115,3124;82,62801;497,6055;-202,5758;264,0374;337,8581;-458,6593;12,05036;243,1805;-596,1364;-129,8503;158,5994;-707,5205;-250,6649;144,3076;-39,81795;86,42971;390,8023;-74,20711;251,5721;252,7249;-305,3456;28,66772;168,8223;-278,9822;-19,91084;272,5786;-175,8897;110,8259;96,76382;31,94434;88,49335;260,3305;59,16578;224,1361;150,302;-123,3766;47,36785;90,51592;-106,9824;11,50703;184,4802;-13,50171;129,9667;0;0;0;-27,94647;37,22334;-88,79542;14,19926;140,9969;-49,63696;40,77172;135,4608;20,18094;39,77394;79,51408;53,3309;-18,49079;33,81944;-63,45677;-17,94147;83,81366;-87,6646;-2,360344;125,8249;-81,76088;6,872177;151,8488;-78,08017;14,96315;175,5495;-74,72133;-6,532431;28,80406;-31,04031;0,340462;75,38652;-37,71543;33,52403;203,8336;-20,58059;51,41687;272,6469;-11,13653;65,97304;328,2823;-3,255844;3,938198;22,76552;-1,817107;16,4752;61,53702;9,645938;45,17698;175,508;22,98635;37,60314;152,2922;15,95378;23,27585;100,0714;6,906509;14,29868;17,6627;26,65508;32,26947;44,93093;57,56807;55,3658;135,6389;68,81207;49,66127;119,286;62,93534;36,66043;71,91673;54,72136;12,73182;10,70364;2,009053;0,424691;60,24808;-18,32759;68,09438;44,89157;-9,933749;19,4343;3,879392;4,066401;-6,852345;83,55197;3,571825;3,793696;-12,07349;83,49255;103,3226;93,87175;-13,368;83,17043;103,312;94,14545;-2,931747;4,755477;0;-0,000229;1,013546;-0,062828;-0,003018;-0,002861;0;0;0;0;0;0;0;0;0;0;0;0;-128,4714;208,2664;-0,027466;-0,027466;-230,4348;14,25476;-0,362205;-0,343323;0;0;0;0;0;0;0;0;0;0;0;0
113;1808;00:00:01:848;0;0;0;-1,356396;4,272202;2,327571;-1,249814;2,913004;6,885485;-4,24546;0,279965;7,760379;-6,582294;-1,020968;6,148515;-1,773716;3,199844;2,312928;-7,411758;5,334153;6,86318;-10,33632;5,432709;11,01785;-11,75097;5,431281;13,32396;-12,75342;5,384855;15,23135;-2,324987;1,832036;2,271057;-8,238084;3,222798;6,757536;-5,684705;1,805307;11,57451;-4,142708;1,000202;14,08582;-2,742188;0,308967;16,05453;-2,861969;0,608328;2,180072;-8,507374;1,128495;6,185382;-6,220927;-0,048412;10,45331;-4,147715;-0,100442;8,576166;-5,879508;0,704427;6,896493;-3,364603;-0,588756;2,118773;-8,319918;-1,076319;5,305035;-6,529732;-2,035726;8,71288;-5,007352;-2,042274;7,366837;-6,574619;-1,312455;5,841733;-52,52652;-2,707383;67,22013;9,149368;13,97434;-51,81528;77,24377;13,97438;-51,81527;122,1987;14,37475;-52,00976;122,1987;14,37476;-52,00977;-52,90651;-2,707388;67,22014;-34,21597;-8,6265;75,63103;-30,32967;-9,045594;75,01607;-26,19795;-9,492849;74,12038;-26,23262;-9,390188;74,33173;-53,28806;-6,366365;72,03768;30,51589;-6,974557;72,60435;33,87477;-8,063065;74,2313;37,47695;-9,188082;75,49575;37,50455;-9,056359;75,32182;-54,09388;-10,29698;77,36127;29,90152;-8,86239;77,76137;132,9569;-10,0133;79,3661;-132,5632;-12,47276;76,29144;-132,604;-12,67198;76,47902;-55,9416;-15,75445;85,21893;29,33648;-9,811773;78,68025;132,3993;-10,78481;80,05766;-132,8139;-13,24773;77,01674;-132,8597;-13,45603;77,21524;0;0;0;291,149;-255,7731;81,37797;224,1641;-420,8105;-54,76684;191,6791;-250,3638;10,58726;201,9786;-38,91428;128,6455;247,4237;-194,5132;81,14045;584,1523;-324,9992;261,9767;707,533;-437,1005;295,4037;765,0599;-503,5399;303,591;803,8431;-561,8765;302,0718;192,2895;-114,632;82,22427;498,035;-200,5068;263,5234;338,5062;-455,3077;11,77588;243,9408;-592,1209;-129,9923;159,4464;-702,9891;-250,6961;144,4364;-39,14312;86,39437;391,1541;-72,2797;251,6579;253,2721;-302,2827;28,94242;169,2695;-276,4931;-19,71719;272,957;-173,8282;110,8924;96,86214;32,62085;88,81712;260,5858;60,855;224,8307;150,7129;-120,7797;48,22057;90,85576;-104,798;12,29131;184,7576;-11,7058;130,6355;0;0;0;13,19218;39,55936;-67,94965;36,45372;103,9724;-49,00932;35,08758;124,4888;3,9348;34,02757;121,653;21,92116;11,68013;40,2739;-48,76327;28,98216;124,0139;-68,65453;-53,298;192,1835;-80,55495;-96,7369;243,7076;-80,53064;-130,7945;295,0115;-74,40519;9,682416;40,82465;-24,22392;25,77209;124,1398;-30,83467;38,88416;201,0984;-16,46876;45,61901;240,9296;-8,518695;50,81892;271,883;-1,872539;7,725476;40,48991;-2,120375;21,10863;115,6447;5,144119;32,8331;183,7735;16,48217;26,83425;149,3497;11,61933;22,70508;123,6892;3,991127;5,899429;40,59076;19,42599;15,31648;101,3535;41,67509;24,64986;155,8127;51,16314;20,39015;131,0656;47,05667;16,64328;107,7551;40,12727;12,7128;10,70721;2,007578;0,423247;60,24155;-18,31701;68,09437;45,00291;-10,2445;19,4537;3,791476;3,987327;-6,852345;83,55197;3,571825;3,793696;-12,07349;83,49255;103,3226;93,87175;-13,368;83,17043;103,312;94,14545;-0,391846;0,635147;-0,000458;6,680831;-18,64483;1,164093;-5,274968;-4,744491;0;0;0;0;0;0;0;0;0;0;0;0;152,3941;-247,2198;-0,027466;400,8636;-1179,502;73,61526;-316,317;-284,4978;0;0;0;0;0;0;0;0;0;0;0;0
114;1824;00:00:01:864;0;0;0;-1,356396;4,272202;2,327571;-1,249052;2,912035;6,885179;-4,244738;0,279046;7,760088;-6,581098;-1,019866;6,145905;-1,773716;3,199844;2,312928;-7,411758;5,334153;6,86318;-10,33107;5,453057;11,02101;-11,74411;5,462655;13,32809;-12,74623;5,4251;15,23585;-2,324987;1,832036;2,271057;-8,238084;3,222798;6,757536;-5,684705;1,805307;11,57451;-4,142708;1,000202;14,08582;-2,742188;0,308967;16,05453;-2,861969;0,608328;2,180072;-8,507374;1,128495;6,185382;-6,220927;-0,048412;10,45331;-4,147715;-0,100442;8,576166;-5,879508;0,704427;6,896493;-3,364603;-0,588756;2,118773;-8,319918;-1,076319;5,305035;-6,529732;-2,035726;8,71288;-5,007352;-2,042274;7,366837;-6,574619;-1,312455;5,841733;-52,52652;-2,707383;67,22013;9,148223;13,99057;-51,82003;77,24262;13,99062;-51,82004;122,2532;14,39097;-52,01452;122,2532;14,39097;-52,01454;-52,90651;-2,707388;67,22014;-34,1874;-8,466075;75,43873;-30,33211;-8,884881;74,82381;-26,22931;-9,332191;73,92855;-26,26338;-9,229416;74,13978;-53,28806;-6,366365;72,03768;30,51589;-6,974557;72,60435;33,87477;-8,063065;74,2313;37,47695;-9,188082;75,49575;37,50455;-9,056359;75,32182;-54,09388;-10,29698;77,36127;29,90152;-8,86239;77,76137;132,9569;-10,0133;79,3661;-132,5632;-12,47276;76,29144;-132,604;-12,67198;76,47902;-55,9416;-15,75445;85,21893;29,33648;-9,811773;78,68025;132,3993;-10,78481;80,05766;-132,8139;-13,24773;77,01674;-132,8597;-13,45603;77,21524;0;0;0;292,5786;-253,3301;77,64851;226,431;-414,1252;-57,34267;193,6385;-242,2177;11,22804;203,2817;-31,83697;131,3336;248,6356;-191,9907;78,5271;586,9181;-317,0437;258,6811;713,0016;-423,0858;293,1286;772,1588;-486,2533;302,0277;812,383;-541,9642;301,1799;193,218;-112,026;81,03934;500,3532;-192,4662;262,4269;341,7269;-443,2239;11,36027;247,6187;-577,9717;-130,0417;163,4705;-687,2595;-250,4484;145,0982;-36,50412;86,49844;392,9126;-64,70864;252,6126;255,8461;-291,1349;30,41978;171,3683;-267,5415;-18,68047;274,8039;-166,1174;111,6028;97,26986;35,31369;90,1764;261,6862;67,57298;227,8324;152,4604;-111,1984;51,66685;92,2687;-96,79906;15,38376;185,9415;-4,834447;133,4313;0;0;0;85,77203;146,5788;-223,7674;136,0145;401,124;-154,5499;117,5637;488,7685;38,44678;78,18889;424,6391;161,2859;72,71003;151,3524;-156,8012;165,9479;477,3344;-197,7367;328,1164;840,8804;-136,5037;425,9291;1037,198;-93,79577;512,392;1194,743;-53,51543;55,70698;156,3606;-71,0957;139,0915;482,4385;-65,78922;193,2449;725,0232;-24,93649;220,6736;848,9514;-2,966165;241,4467;943,7798;14,86444;39,70742;158,3399;6,244182;105,5074;454,2632;57,28339;154,4394;668,8685;88,64164;125,9265;537,0941;62,2031;110,8131;462,646;42,62066;24,46317;161,5704;81,55703;66,02239;403,0788;180,1014;104,8529;574,8774;206,777;84,7764;479,9359;185,5471;71,03848;412,281;167,7489;12,73474;10,70906;2,007186;0,422103;60,25517;-18,33907;68,09438;45,05861;-9,996153;19,43815;3,762183;3,960964;-6,852345;83,55197;3,571825;3,793696;-12,07349;83,49255;103,3226;93,87175;-13,368;83,17043;103,312;94,14545;0,816879;-1,323624;0,000458;3,341446;14,90061;-0,933151;-1,757569;-1,581745;0;0;0;0;0;0;0;0;0;0;0;0;72,52349;-117,5262;0,054932;-200,3631;2012,726;-125,8346;211,0439;189,7648;0;0;0;0;0;0;0;0;0;0;0;0
115;1840;00:00:01:880;0;0;0;-1,373197;4,252978;2,352788;-1,279447;2,862447;6,901524;-4,272503;0,217133;7,747789;-6,599226;-1,074453;6,113929;-1,788219;3,179888;2,329225;-7,446069;5,270602;6,875128;-10,42356;5,348512;10,99247;-11,86869;5,336151;13,27957;-12,89718;5,281074;15,17282;-2,336482;1,811269;2,275912;-8,267612;3,158334;6,751907;-5,727574;1,712424;11,56749;-4,192396;0,892941;14,07833;-2,797096;0,190833;16,0469;-2,870591;0,58712;2,174544;-8,530583;1,067537;6,164202;-6,256122;-0,134502;10,43153;-4,17647;-0,169093;8,561119;-5,904255;0,643937;6,881247;-3,370507;-0,610543;2,103163;-8,335536;-1,130664;5,26909;-6,55488;-2,110212;8,676199;-5,027947;-2,10418;7,33532;-6,591573;-1,366942;5,810047;-52,55071;-3,152368;67,34061;9,563118;14,1632;-51,59392;77,65751;14,16324;-51,59393;122,7239;14,56496;-51,78558;122,7239;14,56497;-51,78561;-52,93071;-3,152361;67,34061;-34,86861;-9,062517;75,76337;-31,00761;-9,488493;75,15251;-26,89607;-9,946121;74,26106;-26,93222;-9,840918;74,47144;-53,34994;-6,807745;72,16402;30,44951;-7,41529;72,7319;33,79561;-8,501759;74,36194;37,38774;-9,624941;75,62957;37,4167;-9,493479;75,45522;-54,19782;-10,73074;77,49947;29,79496;-9,295421;77,8974;132,8377;-10,44321;79,50651;-132,6596;-12,90835;76,43188;-132,702;-13,10725;76,62013;-56,10868;-16,17012;85,38412;29,22258;-10,24305;78,81931;132,2745;-11,21327;80,20071;-132,9163;-13,68209;77,15984;-132,9638;-13,89003;77,35907;0;0;0;292,5786;-253,3301;77,64851;226,4348;-414,0319;-57,24151;193,6421;-242,1292;11,32402;203,3265;-31,77487;131,4192;248,6356;-191,9907;78,5271;586,9181;-317,0437;258,6811;711,248;-421,4814;293,6671;769,5399;-483,8433;302,9939;809,1309;-538,954;302,5912;193,218;-112,026;81,03934;500,3532;-192,4662;262,4269;341,7269;-443,2239;11,36027;247,6187;-577,9717;-130,0417;163,4705;-687,2595;-250,4484;145,0982;-36,50412;86,49844;392,9126;-64,70864;252,6126;255,8461;-291,1349;30,41978;171,3683;-267,5415;-18,68047;274,8039;-166,1174;111,6028;97,26986;35,31369;90,1764;261,6862;67,57298;227,8324;152,4604;-111,1984;51,66685;92,2687;-96,79906;15,38376;185,9415;-4,834447;133,4313;0;0;0;0;0;0;0,22459;5,593299;6,06966;0,218868;5,307197;5,758702;2,68507;3,725588;5,131959;0;0;0;0;0;0;-105,2141;96,26769;32,31239;-157,136;144,599;57,9729;-195,1275;180,6078;84,68341;0;0;0;0;0;0;0;0;0;0;0;0;0;0;0;0;0;0;0;0;0;0;0;0;0;0;0;0;0;0;0;0;0;0;0;0;0;0;0;0;0;0;0;0;0;12,73265;10,71079;2,006147;0,421844;60,23685;-18,30939;68,09438;45,11428;-10,24348;18,88421;3,762183;3,961014;-6,852345;83,55197;3,571825;3,793696;-12,07349;83,49255;103,3226;93,87175;-13,368;83,17043;103,312;94,14545;-1,099091;1,780243;0;3,340301;-14,83955;-33,23627;0;0,002975;0;0;0;0;0;0;0;0;0;0;0;0;-114,9582;186,232;-0,027466;-0,068665;-1784,41;-1938,187;105,4541;95,08322;0;0;0;0;0;0;0;0;0;0;0;0
116;1856;00:00:01:896;0;0;0;-1,379464;4,2458;2,362068;-1,300188;2,840647;6,906584;-4,296535;0,193428;7,735059;-6,617154;-1,089995;6,086155;-1,794679;3,172899;2,333783;-7,466155;5,250558;6,868677;-10,54367;5,350261;10,91133;-12,05012;5,351282;13,15854;-13,13372;5,308133;15,02111;-2,343115;1,8046;2,27439;-8,287839;3,138908;6,736149;-5,763196;1,676966;11,55499;-4,236062;0,849069;14,06797;-2,847085;0,140314;16,03863;-2,877212;0,58092;2,167447;-8,5495;1,050068;6,140951;-6,28866;-0,166185;10,41148;-4,203194;-0,195344;8,54747;-5,925527;0,623495;6,864825;-3,377204;-0,616379;2,090682;-8,352212;-1,145315;5,239435;-6,582438;-2,136201;8,648932;-5,051328;-2,126286;7,312847;-6,610004;-1,383772;5,785069;-52,64523;-3,390083;67,33136;9,824716;14,19681;-51,54483;77,91912;14,19685;-51,54483;123,0693;14,59941;-51,73462;123,0693;14,59942;-51,73464;-53,02523;-3,390076;67,33137;-36,28647;-9,276817;75,76093;-32,5714;-9,717568;75,16057;-28,59016;-10,199;74,28146;-28,62667;-10,08772;74,48872;-53,46482;-7,03668;72,16322;30,3322;-7,643081;72,73264;33,67145;-8,726138;74,36589;37,25818;-9,846547;75,63685;37,28788;-9,715474;75,46207;-54,33514;-10,94807;77,51065;29,65673;-9,511809;77,90537;132,6929;-10,65568;79,51839;-132,7939;-13,12814;76,44748;-132,8371;-13,32662;76,63639;-56,27892;-16,36687;85,41716;29,08043;-10,45721;78,83022;132,1267;-11,42399;80,21509;-133,0539;-13,9002;77,17799;-133,1022;-14,10768;77,37794;0;0;0;293,5866;-252,1767;76,13548;228,2555;-411,0587;-58,22722;195,3052;-238,4165;12,05733;204,5578;-28,33053;133,1785;249,5058;-190,7933;77,54929;588,9767;-313,2306;257,9642;716,4402;-408,6816;297,4655;776,4031;-465,9449;309,4704;817,3228;-516,812;311,4436;193,9077;-110,7799;80,74803;502,1249;-188,5984;262,7647;344,2991;-437,6509;11,78165;250,6;-571,5361;-129,5919;166,765;-680,1714;-249,9902;145,6155;-35,23164;86,83012;394,3052;-61,05116;253,8834;257,9577;-285,9695;31,72659;173,0936;-263,4225;-17,77764;276,2887;-162,488;112,5175;97,62415;36,62089;91,11297;262,6233;70,83369;229,9891;153,9693;-106,7292;53,86774;93,50439;-93,08465;17,27481;186,9588;-1,565259;135,3325;0;0;0;60,48345;69,20671;-90,78204;109,2453;178,3934;-59,1427;99,78603;222,7621;43,99895;73,87876;206,6603;105,5574;52,21367;71,84171;-58,66885;123,5218;228,7831;-43,01262;311,531;767,9843;227,9019;411,7956;1073,899;388,587;491,5122;1328,519;531,1417;41,38255;74,76138;-17,4787;106,3042;232,0697;20,26748;154,3293;334,382;25,2825;178,8769;386,1379;26,98803;197,6723;425,2825;27,493;31,03852;76,34908;19,90092;83,55617;219,4494;76,25055;126,699;309,9203;78,40901;103,5197;247,1409;54,16989;89,08939;217,7653;54,88586;21,25776;78,43208;56,19442;56,22625;195,6425;129,4012;90,53278;268,1487;132,053;74,14162;222,8647;113,4628;61,03348;196,1513;114,0718;12,77635;10,71349;2,005174;0,420725;60,23795;-18,31117;68,09437;45,1978;-10,23247;17,5782;3,615684;3,829196;-6,852345;83,55197;3,571825;3,793696;-12,07349;83,49255;103,3226;93,87175;-13,368;83,17043;103,312;94,14545;0,065918;-0,106659;-0,000458;5,011138;0,660553;-78,36101;-8,789921;-7,909054;0;0;0;0;0;0;0;0;0;0;0;0;69,90051;-113,2141;-0,027466;100,2502;930,0063;-2707,484;-527,3952;-474,7218;0;0;0;0;0;0;0;0;0;0;0;0
117;1872;00:00:01:912;0;0;0;-1,377907;4,245748;2,363069;-1,295942;2,833932;6,905471;-4,293898;0,188146;7,732697;-6,617068;-1,090845;6,083942;-1,793621;3,173051;2,334389;-7,46496;5,252031;6,86885;-10,54797;5,353525;10,90727;-12,05751;5,355414;13,15241;-13,1437;5,312881;15,01349;-2,342689;1,805027;2,274491;-8,287611;3,140806;6,735545;-5,764545;1,676255;11,55442;-4,238266;0,846898;14,06743;-2,849986;0,136908;16,03814;-2,87734;0,58163;2,167086;-8,550141;1,052265;6,13968;-6,290662;-0,166312;10,41027;-4,204866;-0,195899;8,546636;-5,926503;0,624247;6,863914;-3,377879;-0,615411;2,089875;-8,353718;-1,142943;5,237551;-6,585039;-2,135668;8,647082;-5,053678;-2,126076;7,311284;-6,611723;-1,38238;5,783438;-52,64848;-3,409808;67,30466;9,838002;14,29272;-51,59189;77,93239;14,29276;-51,59191;123,0823;14,69537;-51,78167;123,0823;14,69537;-51,7817;-53,02848;-3,409808;67,30466;-36,3634;-9,297995;75,73764;-32,64819;-9,739544;75,13781;-28,66672;-10,22213;74,2593;-28,70328;-10,11058;74,46645;-53,46975;-7,056061;72,13692;30,32707;-7,662415;72,70644;33,66577;-8,745322;74,33987;37,25204;-9,865597;75,61098;37,2818;-9,734541;75,43621;-54,34193;-10,9669;77,48503;29,64984;-9,530596;77,87961;132,6854;-10,67427;79,49287;-132,8004;-13,1471;76,42206;-132,8436;-13,34556;76,61099;-56,28852;-16,38461;85,39297;29,07322;-10,4759;78,80463;132,119;-11,44249;80,18972;-133,0606;-13,91908;77,15273;-133,1091;-14,12654;77,35271;0;0;0;293,9626;-251,746;75,57869;229,2988;-409,8933;-58,86756;196,5563;-237,1295;12,50151;205,5516;-27,45819;134,708;249,8934;-190,3739;77,2758;590,1819;-312,028;258,3513;723,6077;-408,4293;302,4399;787,2275;-466,3095;316,9064;831,4343;-517,7481;320,7842;194,3057;-110,3798;80,83937;503,3385;-187,4328;263,7102;346,4364;-435,5235;12,53191;253,2199;-568,9038;-128,9704;169,7643;-677,1403;-249,4939;146,0128;-34,85963;87,25597;395,4401;-60,00298;255,2785;259,91;-284,0685;32,92907;174,697;-261,8474;-16,95871;277,565;-161,2615;113,5029;98,02593;36,97105;91,86183;263,6239;71,71275;231,7684;155,6227;-105,1699;55,50376;94,90723;-91,7583;18,62316;188,0646;-0,555407;136,8312;0;0;0;22,55916;25,83933;-33,40745;62,59488;69,92625;-38,41996;75,06179;77,219;26,65047;59,63086;52,34063;91,77303;23,25439;25,16198;-16,40904;72,30949;72,15785;23,22292;430,0461;15,13767;298,4662;649,4636;-21,87252;446,1594;846,6912;-56,16474;560,4371;23,87953;24,00827;5,480289;72,81303;69,93269;56,72836;128,2396;127,6474;45,01556;157,1975;157,9399;37,29343;179,9562;181,8666;29,77752;23,83661;22,32027;25,55072;68,0952;62,89064;83,70208;117,1374;114,0618;72,14874;96,20475;94,5053;49,13538;76,57671;73,58908;59,11874;24,10662;21,00938;44,93165;60,03427;52,74368;106,7605;99,20668;93,56331;98,16097;84,17057;79,58114;80,90078;66,35212;60,59109;89,9198;12,78051;10,71375;2,006684;0,418717;60,31249;-18,43212;68,09437;45,1978;-10,23581;17,50717;3,61563;3,829145;-6,852345;83,55197;3,571825;3,793696;-12,07349;83,49255;103,3226;93,87175;-13,368;83,17043;103,312;94,14545;4,47258;-7,256813;0;0;-0,200672;-4,26178;-0,003247;-0,003076;0;0;0;0;0;0;0;0;0;0;0;0;264,3997;-429,0092;0,027466;-300,6683;-51,6735;4445,954;527,2004;474,3587;0;0;0;0;0;0;0;0;0;0;0;0
118;1888;00:00:01:928;0;0;0;-1,376844;4,244804;2,365382;-1,297108;2,833578;6,908009;-4,295407;0,187819;7,734079;-6,616816;-1,089917;6,081872;-1,792777;3,172206;2,336185;-7,4633;5,249988;6,872214;-10,55331;5,354942;10,90519;-12,06789;5,359006;13,14693;-13,1591;5,318442;15,00511;-2,342126;1,804324;2,275627;-8,286389;3,138999;6,737891;-5,763199;1,671448;11,55578;-4,236867;0,840484;14,06824;-2,848559;0,129195;16,03846;-2,877033;0,581091;2,167638;-8,549393;1,050818;6,14097;-6,289788;-0,170421;10,41073;-4,20416;-0,199466;8,546899;-5,925778;0,621897;6,864753;-3,377821;-0,615809;2,089852;-8,353491;-1,143963;5,23769;-6,584716;-2,138808;8,646554;-5,05347;-2,128834;7,310626;-6,611497;-1,384034;5,7833;-52,63241;-3,435184;67,29213;9,856379;14,26914;-51,58582;77,95075;14,26916;-51,58584;123,1565;14,67184;-51,77546;123,1565;14,67185;-51,77548;-53,0124;-3,43518;67,29214;-36,46541;-9,310714;75,70622;-32,7795;-9,753315;75,10717;-28,82437;-10,23789;74,22976;-28,86094;-10,12577;74,43661;-53,45579;-7,082695;72,12365;30,34076;-7,689178;72,69302;33,67872;-8,772466;74,32632;37,26442;-9,893022;75,59731;37,29427;-9,761932;75,42252;-54,33042;-10,99472;77,47129;29,6611;-9,558492;77,86618;132,6959;-10,70247;79,47937;-132,7882;-13,17469;76,40773;-132,8316;-13,37319;76,59666;-56,28084;-16,41371;85,37923;29,08404;-10,50395;78,79108;132,1292;-11,47081;80,17613;-133,0488;-13,94682;77,13831;-133,0974;-14,15432;77,33828;0;0;0;293,8692;-251,7429;75,51862;229,1565;-409,4108;-58,61248;196,5048;-236,737;12,82194;205,6888;-27,2604;134,8125;249,8299;-190,3831;77,23939;590,1102;-312,1164;258,3409;723,9464;-408,0286;302,8854;787,7854;-465,5724;317,6321;832,1666;-516,693;321,7681;194,2801;-110,4054;80,83333;503,3248;-187,5467;263,7464;346,5173;-435,4807;12,5661;253,3521;-568,7735;-128,9383;169,9384;-676,9359;-249,4647;146,0204;-34,90221;87,27758;395,4787;-60,13482;255,3547;260,0302;-284,0609;33,00185;174,7974;-261,8141;-16,90864;277,6236;-161,3066;113,5575;98,06647;36,913;91,91024;263,7142;71,57043;231,8814;155,7789;-105,2018;55,61471;95,04827;-91,7709;18,71695;188,1678;-0,638958;136,9291;0;0;0;-5,606174;0,187397;-3,604173;-8,537292;28,94783;15,30468;-3,089905;23,55337;19,22607;8,231162;11,86734;6,272078;-3,810882;-0,547171;-2,184748;-4,302978;-5,302906;-0,622272;20,32184;24,04403;26,73054;33,47396;44,22283;43,54333;43,93959;63,30585;59,03005;-1,537084;-1,538515;-0,362635;-0,821114;-6,833553;2,172947;4,856586;2,563476;2,05189;7,932185;7,816314;1,920461;10,44559;12,26234;1,749516;0,459909;-2,554714;1,296759;2,313137;-7,910728;4,574775;7,209777;0,454903;4,366636;6,021022;1,995563;3,004074;3,517628;-2,707243;3,277302;2,432585;-3,482938;2,904653;5,420208;-8,539437;6,780624;9,366273;-1,919031;6,657243;8,46219;-0,756383;5,627274;6,188392;-5,013048;5,872964;12,78643;10,71539;2,005179;0,41914;60,27081;-18,36445;68,09437;45,25347;-10,21288;17,38714;3,586377;3,802718;-6,852345;83,55197;3,571825;3,793696;-12,07349;83,49255;103,3226;93,87175;-13,368;83,17043;103,312;94,14545;-2,500534;4,060249;0;3,340301;1,376037;-7,201766;-1,75518;-1,585636;0;0;0;0;0;0;0;0;0;0;0;0;-418,3868;679,0237;0;200,4181;94,60257;-176,3992;-105,116;-94,95362;0;0;0;0;0;0;0;0;0;0;0;0
119;1904;00:00:01:944;0;0;0;-1,374997;4,241639;2,372124;-1,290723;2,822511;6,912205;-4,28861;0,175836;7,736837;-6,610621;-1,096321;6,081175;-1,790993;3,169098;2,341764;-7,458214;5,240933;6,884636;-10,5508;5,33949;10,91579;-12,0698;5,341205;13,15455;-13,16691;5,299566;15,00923;-2,340439;1,801321;2,279738;-8,281481;3,13016;6,748028;-5,75493;1,655967;11,56213;-4,226849;0,821534;14,07237;-2,837172;0,107515;16,04063;-2,875472;0,578256;2,170467;-8,544991;1,042802;6,148458;-6,282405;-0,184324;10,41495;-4,198102;-0,210917;8,549603;-5,92088;0,612798;6,869796;-3,376362;-0,618518;2,09141;-8,349818;-1,150757;5,242058;-6,578662;-2,150299;8,648311;-5,048364;-2,13857;7,311311;-6,607446;-1,391635;5,786105;-52,56472;-3,491291;67,28581;9,871392;14,38461;-51,59201;77,96577;14,38465;-51,59202;123,2547;14,78736;-51,78162;123,2547;14,78737;-51,78165;-52,94471;-3,491297;67,28581;-36,48074;-9,398395;75,72131;-32,87449;-9,841154;75,12222;-28,99066;-10,32714;74,24538;-29,0275;-10,21443;74,45197;-53,39271;-7,144295;72,1136;30,40332;-7,751398;72,68238;33,73962;-8,836419;74,31477;37,32407;-9,958295;75,58478;37,35409;-9,82702;75,41011;-54,27276;-11,06188;77,45802;29,71802;-9,626037;77,85445;132,7511;-10,77157;79,46686;-132,7288;-13,24079;76,39193;-132,7724;-13,43948;76,5807;-56,23204;-16,48801;85,36319;29,14001;-10,5724;78,77861;132,1836;-11,54057;80,16303;-132,9901;-14,01365;77,12189;-133,0388;-14,22135;77,32171;0;0;0;293,8054;-251,6863;75,37981;229,1606;-409,4362;-58,87502;196,5328;-236,7616;12,63441;205,7923;-27,16601;134,7348;249,7792;-190,3324;77,13165;590,0106;-311,9938;258,139;724,0689;-407,7569;303,0865;788,0914;-465,0317;318,1686;832,6696;-515,8116;322,6714;194,2463;-110,3632;80,76511;503,2515;-187,4382;263,6057;346,4366;-435,1924;12,48407;253,2682;-568,3887;-128,9866;169,8527;-676,4731;-249,4837;146,002;-34,86987;87,24445;395,4337;-60,04802;255,2773;259,9778;-283,8144;32,97409;174,755;-261,6001;-16,92447;277,5801;-161,1656;113,5071;98,06299;36,93687;91,91162;263,7006;71,63161;231,8731;155,7594;-105,0135;55,64645;95,03576;-91,60545;18,75642;188,1542;-0,539739;136,9373;0;0;0;-3,826618;3,396034;-8,328437;0,247479;-1,524925;-15,75243;1,681566;-1,480579;-11,25187;6,21128;5,663573;-4,667043;-3,038406;3,041982;-6,464124;-5,973815;7,355689;-12,11357;7,352828;16,30497;12,06207;18,35918;32,444;32,1908;30,17807;52,88315;54,20208;-2,024889;2,53129;-4,09305;-4,397392;6,508827;-8,444308;-4,848003;17,30346;-4,921898;-5,033969;23,08845;-2,896785;-5,137681;27,76623;-1,137257;-1,103639;1,940489;-1,987695;-2,693653;5,208134;-4,64487;-3,145695;14,79292;-1,665652;-2,542734;12,84313;-0,949502;-2,610683;8,46219;-3,019809;-0,209212;1,432657;0,082612;-0,815392;3,67105;-0,500679;-1,164436;11,30104;1,904368;-0,751019;9,927033;2,36839;-0,813246;5,953163;0,495672;12,79071;10,71816;2,004683;0,417477;60,29522;-18,40405;68,09437;45,33699;-10,24751;17,31792;3,505819;3,730246;-6,852345;83,55197;3,571825;3,793696;-12,07349;83,49255;103,3226;93,87175;-13,368;83,17043;103,312;94,14545;1,464615;-2,376365;0;5,011367;-2,077847;-4,153175;-4,833469;-4,348283;0;0;0;0;0;0;0;0;0;0;0;0;237,9089;-386,1969;0;100,264;-207,233;182,9155;-184,6973;-165,7588;0;0;0;0;0;0;0;0;0;0;0;0
120;1920;00:00:02:000;0;0;0;-1,371273;4,239249;2,378545;-1,281431;2,813683;6,916502;-4,279143;0,166891;7,741403;-6,603358;-1,101346;6,085826;-1,787581;3,166851;2,347405;-7,449243;5,234898;6,898926;-10,54184;5,332305;10,93011;-12,06087;5,333262;13,16884;-13,15804;5,290897;15,02346;-2,337451;1,799289;2,284404;-8,27321;3,124497;6,760787;-5,741729;1,644082;11,57039;-4,211094;0,806348;14,07797;-2,81943;0,089694;16,04387;-2,872923;0,57649;2,174309;-8,537926;1,037903;6,159094;-6,270949;-0,194743;10,42167;-4,188714;-0,219719;8,553985;-5,913132;0,606384;6,877035;-3,374211;-0,620062;2,094421;-8,344324;-1,154657;5,249942;-6,569669;-2,158597;8,653079;-5,040845;-2,145718;7,314404;-6,601416;-1,396615;5,791786;-52,48059;-3,527981;67,26578;9,861317;14,49554;-51,61456;77,95571;14,49557;-51,61457;123,272;14,89826;-51,80435;123,272;14,89826;-51,80437;-52,86059;-3,527984;67,26578;-36,47095;-9,440117;75,68521;-32,86427;-9,882761;75,08599;-28,97975;-10,3686;74,20892;-29,01675;-10,25593;74,41555;-53,3115;-7,187912;72,0886;30,4842;-7,795817;72,65657;33,81943;-8,883104;74,28759;37,40305;-10,00671;75,55621;37,43319;-9,875202;75,3817;-54,19514;-11,1128;77,42821;29,79491;-9,677497;77,82669;132,8267;-10,82514;79,4378;-132,6496;-13,29029;76,35886;-132,6933;-13,48924;76,54738;-56,16065;-16,54894;85,328;29,21629;-10,62507;78,74969;132,2588;-11,59503;80,13308;-132,9113;-14,06413;77,08789;-132,9601;-14,2721;77,28745;0;0;0;293,6946;-251,4964;74,97533;228,7331;-408,8036;-59,20113;196,0829;-236,0725;12,39838;205,4511;-26,73849;134,6941;249,6722;-190,1459;76,7969;589,7054;-311,4505;257,3937;723,9512;-406,4716;302,5674;788,2539;-463,4187;317,9025;833,1958;-513,9894;322,6835;194,1451;-110,183;80,51846;502,9571;-186,9079;262,9975;345,9405;-434,2635;12,1032;252,6672;-567,2517;-129,2346;169,1695;-675,1723;-249,6144;145,9083;-34,69977;87,07475;395,1697;-59,56708;254,828;259,5348;-282,9802;32,72089;174,3915;-260,9131;-17,08665;277,2862;-160,6197;113,2046;97,97542;37,0994;91,81814;263,4802;72,03924;231,611;155,3962;-104,324;55,54104;94,72942;-91,02127;18,71529;187,9112;-0,083651;136,769;0;0;0;-6,646156;11,39402;-24,26863;-25,64907;37,95433;-19,56689;-26,99661;41,34893;-14,16211;-20,47205;25,65122;-2,438307;-6,420135;11,18874;-20,08545;-18,31054;32,59849;-44,71778;-7,058144;77,11314;-31,14509;9,750365;96,77982;-15,9688;31,57425;109,3369;0,723839;-6,072521;10,8118;-14,799;-17,66681;31,81815;-36,49377;-29,76465;55,72701;-22,85242;-36,06462;68,22108;-14,88089;-40,99488;78,0487;-7,843493;-5,622625;10,2058;-10,18166;-15,84577;28,85663;-26,95656;-26,5789;50,05074;-15,19203;-21,81029;41,22161;-9,731053;-17,63248;32,75657;-18,15319;-5,254268;9,751617;-5,609035;-13,22365;24,45781;-15,72561;-21,79241;41,37039;-6,324649;-18,37992;35,05111;-2,467632;-14,58263;27,36523;-10,09726;12,79476;10,71911;2,004686;0,41671;60,31167;-18,43078;68,09437;45,36482;-10,23683;17,24608;3,505819;3,730246;-6,852345;83,55197;3,571825;3,793696;-12,07349;83,49255;103,3226;93,87175;-13,368;83,17043;103,312;94,14545;0,986938;-1,603546;0;1,669693;0,640697;-4,310188;0;0;0;0;0;0;0;0;0;0;0;0;0;0;-28,66058;46,36916;0;-200,5005;163,1126;-9,420775;290,0081;260,8969;0;0;0;0;0;0;0;0;0;0;0;0
121;1936;00:00:02:016;0;0;0;-1,366881;4,238051;2,383203;-1,27029;2,80607;6,919001;-4,268327;0,160075;7,745272;-6,596168;-1,10433;6,091859;-1,783674;3,165851;2,351722;-7,439469;5,232881;6,910992;-10,52787;5,327524;10,94545;-12,04459;5,326894;13,18575;-13,13985;5,283177;15,04148;-2,334188;1,798567;2,288306;-8,264475;3,12293;6,772186;-5,728341;1,637872;11,5779;-4,195308;0,797629;14,08318;-2,801788;0,078927;16,04702;-2,870293;0,576075;2,177889;-8,530726;1,036896;6,169231;-6,259593;-0,199876;10,42839;-4,179418;-0,224333;8,55841;-5,905328;0,603741;6,883969;-3,372171;-0,620207;2,097661;-8,339043;-1,155068;5,258236;-6,561078;-2,162287;8,658673;-5,033717;-2,149051;7,318332;-6,595643;-1,398161;5,797985;-52,40599;-3,543008;67,23714;9,834192;14,61866;-51,6587;77,9286;14,6187;-51,65871;123,2444;15,0213;-51,84879;123,2444;15,0213;-51,84881;-52,78598;-3,543009;67,23714;-36,40015;-9,474163;75,65925;-32,793;-9,916079;75,0594;-28,90788;-10,40084;74,18164;-28,94501;-10,28843;74,38842;-53,23797;-7,209148;72,05534;30,55762;-7,817778;72,62255;33,89239;-8,907133;74,25228;37,47569;-10,03232;75,51952;37,50589;-9,9006;75,34518;-54,12314;-11,14074;77,39027;29,86641;-9,705924;77,7906;132,8976;-10,85554;79,40041;-132,5765;-13,3169;76,31799;-132,6201;-13,51608;76,50627;-56,09163;-16,58631;85,28428;29,2875;-10,65463;78,71252;132,3295;-11,62627;80,09481;-132,8383;-14,09164;77,04608;-132,8871;-14,29985;77,2454;0;0;0;293,4711;-251,353;74,59007;228,0613;-408,3546;-59,6502;195,4064;-235,6123;11,94294;204,9691;-26,4708;134,3376;249,4675;-190,011;76,45847;589,1672;-311,0883;256,5363;723,348;-406,0409;301,6968;787,6186;-462,9427;317,0272;832,5374;-513,47;321,8062;193,9658;-110,0611;80,23855;502,4607;-186,5681;262,232;345,1484;-433,5504;11,60784;251,7219;-566,3405;-129,5706;168,105;-674,1031;-249,8087;145,7554;-34,59381;86,84425;394,7457;-59,27313;254,1899;258,8474;-282,355;32,3182;173,8282;-260,3849;-17,3496;276,8213;-160,2348;112,7703;97,84637;37,19205;91,63747;263,1506;72,27322;231,1379;154,8567;-103,8261;55,25494;94,2783;-90,59238;18,52973;187,5493;0,215147;136,4282;0;0;0;-13,40961;8,605956;-23,11635;-40,31038;26,94225;-26,94404;-40,58933;27,61173;-27,32635;-28,92494;16,06107;-21,3933;-12,2838;8,089541;-20,30575;-32,29522;21,72661;-51,44405;-36,1948;25,84362;-52,2337;-38,1174;28,55873;-52,51837;-39,505;31,16226;-52,63567;-10,7553;7,314919;-16,79492;-29,78038;20,38622;-45,92943;-47,52588;42,78946;-29,72156;-56,71692;54,66843;-20,15948;-63,87019;64,15557;-11,65724;-9,176015;6,357908;-13,83054;-25,43879;17,63677;-38,28907;-41,24164;37,50944;-24,16134;-33,79726;31,68869;-15,77675;-27,89497;23,08845;-26,06034;-7,742285;5,558788;-10,8397;-19,77825;14,03868;-28,38278;-32,37462;29,87194;-17,16614;-27,06742;25,73311;-11,13385;-21,71016;17,92788;-20,45131;12,79514;10,71927;2,005544;0,41557;60,35398;-18,49964;68,09437;45,36483;-10,24966;17,24682;3,505763;3,730246;-6,852345;83,55197;3,571825;3,793696;-12,07349;83,49255;103,3226;93,87175;-13,368;83,17043;103,312;94,14545;2,538757;-4,131546;0;0,000458;-0,76973;0,044289;-0,003347;0;0;0;0;0;0;0;0;0;0;0;0;0;93,10912;-151,68;0;-100,1541;-84,62561;261,2686;-0,200844;0;0;0;0;0;0;0;0;0;0;0;0;0
122;1952;00:00:02:032;0;0;0;-1,366881;4,238051;2,383203;-1,27029;2,80607;6,919001;-4,268327;0,160075;7,745272;-6,596168;-1,10433;6,091859;-1,783674;3,165851;2,351722;-7,439469;5,232881;6,910992;-10,52787;5,327524;10,94545;-12,04459;5,326894;13,18575;-13,13985;5,283177;15,04148;-2,334188;1,798567;2,288306;-8,264475;3,12293;6,772186;-5,728341;1,637872;11,5779;-4,195308;0,797629;14,08318;-2,801788;0,078927;16,04702;-2,870293;0,576075;2,177889;-8,530726;1,036896;6,169231;-6,259593;-0,199876;10,42839;-4,179418;-0,224333;8,55841;-5,905328;0,603741;6,883969;-3,372171;-0,620207;2,097661;-8,339043;-1,155068;5,258236;-6,561078;-2,162287;8,658673;-5,033717;-2,149051;7,318332;-6,595643;-1,398161;5,797985;-52,40599;-3,543008;67,23714;9,834192;14,61866;-51,6587;77,9286;14,6187;-51,65871;123,2444;15,0213;-51,84879;123,2444;15,0213;-51,84881;-52,78598;-3,543009;67,23714;-36,40015;-9,474163;75,65925;-32,793;-9,916079;75,0594;-28,90788;-10,40084;74,18164;-28,94501;-10,28843;74,38842;-53,23797;-7,209148;72,05534;30,55762;-7,817778;72,62255;33,89239;-8,907133;74,25228;37,47569;-10,03232;75,51952;37,50589;-9,9006;75,34518;-54,12314;-11,14074;77,39027;29,86641;-9,705924;77,7906;132,8976;-10,85554;79,40041;-132,5765;-13,3169;76,31799;-132,6201;-13,51608;76,50627;-56,09163;-16,58631;85,28428;29,2875;-10,65463;78,71252;132,3295;-11,62627;80,09481;-132,8383;-14,09164;77,04608;-132,8871;-14,29985;77,2454;0;0;0;293,2077;-251,2811;74,31058;227,3928;-407,8979;-59,80014;194,7574;-235,2034;11,71079;204,5377;-26,29179;133,9756;249,2331;-189,9511;76,19946;588,5808;-310,9673;255,8124;722,5099;-405,754;300,7761;786,6415;-462,5607;316,0123;831,4458;-513,0067;320,7256;193,77;-110,0178;80,00441;501,9367;-186,4741;261,548;344,3451;-433,1778;11,15692;250,7747;-565,8174;-129,8832;167,0465;-673,457;-249,9975;145,5976;-34,5689;86,62945;394,3138;-59,21268;253,5817;258,166;-282,0471;31,91448;173,2705;-260,1081;-17,61509;276,3531;-160,0763;112,3542;97,724;37,20075;91,44309;262,8337;72,2979;230,6403;154,3411;-103,6047;54,91925;93,85062;-90,39238;18,29405;187,203;0,307906;136,0562;0;0;0;-15,80858;4,311561;-16,76917;-40,10725;27,40574;-8,996128;-38,93781;24,53613;-13,92871;-25,88367;10,74099;-21,71731;-14,06479;3,599166;-15,54072;-35,18486;7,259845;-43,43605;-50,28248;17,21477;-55,24635;-58,62235;22,92251;-60,89114;-65,49453;27,79484;-64,83936;-11,74951;2,599239;-14,04798;-31,44264;5,642652;-41,03851;-48,19679;22,35603;-27,05544;-56,83136;31,38828;-18,754;-63,50898;38,76114;-11,32965;-9,467124;1,49399;-12,88819;-25,91515;3,627061;-36,49091;-40,88401;18,47791;-24,22303;-33,46324;16,6111;-15,92964;-28,09381;9,515046;-24,96385;-7,342457;0,522137;-11,66296;-19,01436;1,481295;-29,8562;-30,93123;13,28373;-20,14088;-25,66051;12,0002;-14,14061;-20,78175;5,565582;-22,31884;12,79514;10,71927;2,005544;0,41557;60,35398;-18,49964;68,09437;45,36483;-10,24966;17,24682;3,505763;3,730246;-6,852345;83,55197;3,571825;3,793696;-12,07349;83,49255;103,3226;93,87175;-13,368;83,17043;103,312;94,14545;0;0;0;0;0;0;0;0;0;0;0;0;0;0;0;0;0;0;0;0;-152,3254;247,8927;0;-0,027466;46,18377;-2,657318;0,200844;0;0;0;0;0;0;0;0;0;0;0;0;0
123;1968;00:00:02:048;0;0;0;-1,358524;4,237533;2,388895;-1,246584;2,803817;6,923792;-4,242131;0,157914;7,75933;-6,575797;-1,105551;6,113427;-1,775524;3,165383;2,35851;-7,415904;5,231717;6,93715;-10,49203;5,320952;10,9811;-12,00189;5,317448;13,22603;-13,09144;5,271451;15,08505;-2,326379;1,798169;2,296556;-8,241573;3,121884;6,800518;-5,689597;1,635269;11,59736;-4,148312;0,794195;14,09729;-2,748332;0,074822;16,05628;-2,862968;0,575759;2,187591;-8,510035;1,03604;6,197886;-6,224854;-0,202113;10,44913;-4,150919;-0,226262;8,572218;-5,882314;0,602436;6,90376;-3,365228;-0,620452;2,10871;-8,3216;-1,155693;5,285661;-6,532422;-2,164011;8,679885;-5,009531;-2,150558;7,334469;-6,576437;-1,399102;5,819536;-52,22368;-3,483565;67,22038;9,688862;14,75746;-51,7033;77,78326;14,7575;-51,70332;123,0983;15,15962;-51,89458;123,0983;15,15963;-51,89462;-52,60368;-3,483559;67,22038;-36,21594;-9,478127;75,66542;-32,60852;-9,918139;75,06413;-28,72312;-10,4001;74,18479;-28,76031;-10,28835;74,39192;-53,05019;-7,165172;72,02626;30,74609;-7,77564;72,59139;34,08251;-8,870303;74,2173;37,66722;-9,999654;75,48063;37,69724;-9,867355;75,30674;-53,92991;-11,11425;77,34739;30,05891;-9,680763;77,75261;133,0915;-10,83571;79,35836;-132,3822;-13,28686;76,26772;-132,4256;-13,48665;76,45528;-55,8919;-16,58609;85,22168;29,48097;-10,63253;78,6712;132,5241;-11,60875;80,05003;-132,643;-14,064;76,99301;-132,6916;-14,27287;77,19156;0;0;0;293,2077;-251,2811;74,31058;227,3742;-407,911;-59,83131;194,7397;-235,2159;11,6812;204,53;-26,2974;133,963;249,2331;-189,9511;76,19946;588,5808;-310,9673;255,8124;722,2254;-405,7556;300,7245;786,208;-462,5631;315,9335;830,8962;-513,0099;320,6256;193,77;-110,0178;80,00441;501,9367;-186,4741;261,548;344,3451;-433,1778;11,15692;250,7747;-565,8174;-129,8832;167,0465;-673,457;-249,9975;145,5976;-34,5689;86,62945;394,3138;-59,21268;253,5817;258,166;-282,0471;31,91448;173,2705;-260,1081;-17,61509;276,3531;-160,0763;112,3542;97,724;37,20075;91,44309;262,8337;72,2979;230,6403;154,3411;-103,6047;54,91925;93,85062;-90,39238;18,29405;187,203;0,307906;136,0562;0;0;0;0;0;0;-1,11866;-0,786781;-1,870751;-1,059294;-0,749588;-1,775622;-0,456333;-0,336707;-0,756741;0;0;0;0;0;0;-17,07172;-0,097275;-3,094196;-26,01242;-0,143051;-4,726409;-32,97615;-0,191689;-5,998134;0;0;0;0;0;0;0;0;0;0;0;0;0;0;0;0;0;0;0;0;0;0;0;0;0;0;0;0;0;0;0;0;0;0;0;0;0;0;0;0;0;0;0;0;0;12,79101;10,71929;2,005683;0,415385;60,36089;-18,51089;68,09438;45,36483;-10,30544;17,25003;3,505763;3,730194;-6,852345;83,55197;3,571825;3,793696;-12,07349;83,49255;103,3226;93,87175;-13,368;83,17043;103,312;94,14545;0,414276;-0,675087;0,000458;0;-3,346596;0,192833;0;-0,003147;0;0;0;0;0;0;0;0;0;0;0;0;24,85656;-40,50521;0,027466;0;-200,7957;11,56997;0;-0,188828;0;0;0;0;0;0;0;0;0;0;0;0
124;1984;00:00:02:064;0;0;0;-1,358524;4,237533;2,388895;-1,246584;2,803817;6,923792;-4,242131;0,157914;7,75933;-6,575797;-1,105551;6,113427;-1,775524;3,165383;2,35851;-7,415904;5,231717;6,93715;-10,49203;5,320952;10,9811;-12,00189;5,317448;13,22603;-13,09144;5,271451;15,08505;-2,326379;1,798169;2,296556;-8,241573;3,121884;6,800518;-5,689597;1,635269;11,59736;-4,148312;0,794195;14,09729;-2,748332;0,074822;16,05628;-2,862968;0,575759;2,187591;-8,510035;1,03604;6,197886;-6,224854;-0,202113;10,44913;-4,150919;-0,226262;8,572218;-5,882314;0,602436;6,90376;-3,365228;-0,620452;2,10871;-8,3216;-1,155693;5,285661;-6,532422;-2,164011;8,679885;-5,009531;-2,150558;7,334469;-6,576437;-1,399102;5,819536;-52,22368;-3,483565;67,22038;9,688862;14,75746;-51,7033;77,78326;14,7575;-51,70332;123,0983;15,15962;-51,89458;123,0983;15,15963;-51,89462;-52,60368;-3,483559;67,22038;-36,21594;-9,478127;75,66542;-32,60852;-9,918139;75,06413;-28,72312;-10,4001;74,18479;-28,76031;-10,28835;74,39192;-53,05019;-7,165172;72,02626;30,74609;-7,77564;72,59139;34,08251;-8,870303;74,2173;37,66722;-9,999654;75,48063;37,69724;-9,867355;75,30674;-53,92991;-11,11425;77,34739;30,05891;-9,680763;77,75261;133,0915;-10,83571;79,35836;-132,3822;-13,28686;76,26772;-132,4256;-13,48665;76,45528;-55,8919;-16,58609;85,22168;29,48097;-10,63253;78,6712;132,5241;-11,60875;80,05003;-132,643;-14,064;76,99301;-132,6916;-14,27287;77,19156;0;0;0;292,7062;-251,25;73,96904;225,9519;-407,7758;-60,1188;193,168;-235,0862;10,83773;203,3078;-26,22411;132,6689;248,7441;-189,9229;75,79216;587,1669;-310,8975;254,2428;720,0746;-405,3614;298,5853;783,6461;-461,9964;313,5169;827,9921;-512,3063;318,0111;193,3015;-109,9939;79,50942;500,5625;-186,4113;259,8481;342,0205;-433,0216;9,989573;247,9549;-565,6114;-130,7297;163,8391;-673,2108;-250,5532;145,1581;-34,54995;86,04729;393,0722;-59,16133;251,8624;256,0817;-281,9128;30,67061;171,5605;-259,9923;-18,44358;274,9722;-159,998;111,1667;97,30741;37,21545;90,78019;261,7871;72,33541;228,9948;152,6218;-103,5013;53,6466;92,39948;-90,30197;17,32582;186,0506;0,364389;134,7632;0;0;0;-30,08794;1,866817;-20,49207;-85,34002;8,110999;-17,24946;-94,30647;7,781981;-50,60792;-73,33659;4,397571;-77,64601;-29,33979;1,687288;-24,43778;-84,83504;4,189968;-94,172;-129,0522;23,65494;-128,3526;-153,717;34,00325;-144,9952;-174,2477;42,21439;-156,8713;-28,11098;1,432657;-29,69956;-82,44895;3,766536;-101,994;-139,4777;9,369849;-70,04052;-169,1866;12,36248;-50,79031;-192,4431;14,77718;-33,3395;-26,3679;1,137257;-34,92951;-74,49102;3,080606;-103,157;-125,061;8,055209;-74,63246;-102,597;6,945133;-49,70938;-82,85093;4,697799;-71,24733;-24,99568;0,882089;-39,7743;-62,79086;2,250194;-98,72961;-103,1606;6,207704;-76,35963;-87,06879;5,424499;-58,09396;-69,14162;3,388971;-77,58163;12,79101;10,71929;2,005683;0,415385;60,36089;-18,51089;68,09438;45,36483;-10,30544;17,25003;3,505763;3,730194;-6,852345;83,55197;3,571825;3,793696;-12,07349;83,49255;103,3226;93,87175;-13,368;83,17043;103,312;94,14545;0;0;0;0;0;0;0;0;0;0;0;0;0;0;0;0;0;0;0;0;-24,85656;40,50521;-0,027466;0;200,7957;-11,56997;0;0,188828;0;0;0;0;0;0;0;0;0;0;0;0
125;2000;00:00:02:080;0;0;0;-1,352395;4,234632;2,397503;-1,229526;2,795081;6,930268;-4,223271;0,148374;7,769711;-6,55928;-1,109665;6,122978;-1,769557;3,162554;2,366776;-7,398687;5,223576;6,961626;-10,46588;5,304615;11,01253;-11,97076;5,29665;13,26079;-13,05618;5,247034;15,12213;-2,320674;1,795463;2,304431;-8,22486;3,113982;6,824334;-5,661427;1,621124;11,61312;-4,114179;0,776779;14,10826;-2,70953;0,054827;16,06296;-2,857627;0,573234;2,195224;-8,494951;1,028921;6,219726;-6,199609;-0,214768;10,46387;-4,130218;-0,236721;8,581929;-5,865568;0,594217;6,918703;-3,360177;-0,622836;2,11605;-8,308904;-1,161678;5,304289;-6,511614;-2,174413;8,69291;-4,991978;-2,159388;7,343836;-6,562476;-1,4059;5,83364;-52,06784;-3,496462;67,20618;9,622551;14,90182;-51,7255;77,71693;14,90185;-51,7255;123,1428;15,30378;-51,91739;123,1428;15,30378;-51,9174;-52,44784;-3,49646;67,20619;-36,06704;-9,540104;75,66666;-32,45878;-9,978566;75,06411;-28,57222;-10,45826;74,18333;-28,60969;-10,34704;74,39082;-52,89505;-7,191043;72,00218;30,90118;-7,803026;72,56567;34,23719;-8,90204;74,18871;37,82167;-10,03475;75,44907;37,85172;-9,901993;75,27552;-53,77616;-11,15428;77,313;30,21167;-9,72186;77,72217;133,2436;-10,88101;79,32501;-132,2264;-13,32402;76,22717;-132,2698;-13,52431;76,4142;-55,74165;-16,64639;85,17401;29,6335;-10,67602;78,63829;132,676;-11,65585;80,0147;-132,4872;-14,10307;76,9504;-132,5358;-14,31247;77,1484;0;0;0;292,7062;-251,25;73,96904;225,9474;-407,779;-60,12634;193,1638;-235,0892;10,83058;203,5006;-25,99983;132,4564;248,7441;-189,9229;75,79216;587,1669;-310,8975;254,2428;719,8675;-405,3626;298,5475;783,3306;-461,9982;313,4594;827,5923;-512,3087;317,938;193,3015;-109,9939;79,50942;500,5625;-186,4113;259,8481;342,0205;-433,0216;9,989573;247,9549;-565,6114;-130,7297;163,8391;-673,2108;-250,5532;145,1581;-34,54995;86,04729;393,0722;-59,16133;251,8624;256,0817;-281,9128;30,67061;171,5605;-259,9923;-18,44358;274,9722;-159,998;111,1667;97,30741;37,21545;90,78019;261,7871;72,33541;228,9948;152,6218;-103,5013;53,6466;92,39948;-90,30197;17,32582;186,0506;0,364389;134,7632;0;0;0;0;0;0;-0,264645;-0,191689;-0,452042;-0,251055;-0,183106;-0,429153;11,57141;13,45664;-12,74872;0;0;0;0;0;0;-12,42542;-0,074387;-2,263069;-18,92566;-0,108719;-3,454685;-23,98681;-0,137329;-4,388809;0;0;0;0;0;0;0;0;0;0;0;0;0;0;0;0;0;0;0;0;0;0;0;0;0;0;0;0;0;0;0;0;0;0;0;0;0;0;0;0;0;0;0;0;0;12,7907;10,72286;2,004402;0,414104;60,36256;-18,51358;68,09438;45,47617;-10,34602;17,25239;3,505763;3,730194;-6,852345;83,55197;3,571825;3,793696;-12,07349;83,49255;103,3226;93,87175;-13,368;83,17043;103,312;94,14545;0,100021;-0,161247;0;6,680831;-2,434959;0,141563;0;0;0;0;0;0;0;0;0;0;0;0;0;0;6,001281;-9,674834;0;400,8499;-146,0975;8,493805;0;0;0;0;0;0;0;0;0;0;0;0;0;0
126;2016;00:00:02:096;0;0;0;-1,350864;4,229621;2,407192;-1,225114;2,776825;6,935652;-4,219521;0,129186;7,769776;-6,553893;-1,116646;6,111478;-1,76831;3,157722;2,374147;-7,396081;5,209944;6,974599;-10,4584;5,271677;11,02953;-11,96051;5,253271;13,27958;-13,04357;5,195231;15,14205;-2,319794;1,790917;2,30885;-8,222827;3,100877;6,832746;-5,658924;1,596668;11,61773;-4,111447;0,746353;14,1107;-2,706636;0,019675;16,06353;-2,857085;0,569075;2,197012;-8,493568;1,01724;6,223535;-6,197789;-0,236515;10,46448;-4,12874;-0,254804;8,582123;-5,864174;0,580295;6,921066;-3,359959;-0,626686;2,115259;-8,308254;-1,171358;5,303176;-6,510621;-2,192121;8,689205;-4,991223;-2,174479;7,339896;-6,561796;-1,417214;5,831667;-52,00869;-3,610368;67,18764;9,692351;15,06097;-51,73622;77,78673;15,06101;-51,73622;123,4349;15,46314;-51,92774;123,4349;15,46315;-51,92775;-52,38868;-3,610365;67,18766;-35,94459;-9,729249;75,7253;-32,33414;-10,16644;75,12141;-28,44448;-10,64422;74,23905;-28,48268;-10,53346;74,44691;-52,84534;-7,30949;71,98103;30,9498;-7,921956;72,54415;34,28252;-9,02228;74,16676;37,86445;-10,15595;75,4267;37,89486;-10,02307;75,2532;-53,73726;-11,27678;77,29055;30,2495;-9,84463;77,70085;133,278;-11,00478;79,30359;-132,1848;-13,44578;76,20266;-132,2286;-13,6462;76,38963;-55,71969;-16,77295;85,15283;29,66944;-10,79938;78,61674;132,7091;-11,78001;79,99311;-132,447;-14,22533;76,9257;-132,496;-14,43487;77,12365;0;0;0;292,3385;-251,0759;73,45258;224,8056;-407,338;-60,71283;191,9199;-234,5958;10,01984;202,8523;-25,33784;131,3848;248,386;-189,7532;75,29622;586,1339;-310,4091;252,7743;717,7964;-404,8625;296,4213;780,7008;-461,4808;310,9906;824,5139;-511,7682;315,2037;192,9592;-109,8316;79,0369;499,5597;-185,9373;258,4191;340,3302;-432,173;9,043961;245,9069;-564,5663;-131,3878;161,511;-672,0111;-250,9536;144,8377;-34,39849;85,58931;392,1672;-58,73416;250,552;254,567;-281,1535;29,78593;170,3185;-259,3648;-19,02625;273,9675;-159,5048;110,2702;97,00432;37,35848;90,33974;261,0254;72,69449;227,8771;151,3734;-102,8772;52,86509;91,34624;-89,77216;16,76381;185,213;0,772219;133,9169;0;0;0;-22,06421;10,44559;-30,98774;-68,50862;26,45588;-35,18915;-74,63407;29,60443;-48,64454;-38,89846;39,7194;-64,29862;-21,48342;10,18453;-29,75642;-61,98119;29,30832;-88,11092;-124,2599;30,0064;-127,5744;-157,7911;31,0421;-148,1266;-184,7019;32,42683;-164,0539;-20,53785;9,740352;-28,35131;-60,1673;28,44429;-85,73913;-101,4133;50,92049;-56,73677;-122,8795;62,69931;-39,48712;-139,6887;71,98047;-24,02687;-19,22822;9,087323;-27,47869;-54,30365;25,63047;-78,62663;-90,87896;45,5575;-53,08092;-74,52535;37,64963;-34,95991;-60,28461;29,59013;-53,79438;-18,18538;8,581637;-26,42655;-45,70627;21,54493;-67,06237;-74,90587;37,44506;-46,89037;-63,19391;31,78847;-33,72073;-50,25959;24,46979;-50,77529;12,78698;10,73014;2,002687;0,410728;60,40633;-18,585;68,09437;45,69888;-10,45024;17,35347;3,505763;3,730246;-6,852345;83,55197;3,571825;3,793696;-12,07349;83,49255;103,3226;93,87175;-13,368;83,17043;103,312;94,14545;2,626419;-4,285469;-0,000458;13,36258;-6,253223;6,064682;0;0,003147;0;0;0;0;0;0;0;0;0;0;0;0;151,5838;-247,4533;-0,027466;400,9048;-229,0958;355,3871;0;0,188828;0;0;0;0;0;0;0;0;0;0;0;0
127;2032;00:00:02:112;0;0;0;-1,352956;4,227503;2,409736;-1,229438;2,771301;6,937162;-4,223798;0,122454;7,767619;-6,555654;-1,120224;6,103424;-1,770184;3,155552;2,375635;-7,400823;5,20316;6,974634;-10,46406;5,266228;11,02885;-11,96671;5,24844;13,27854;-13,05024;5,190814;15,14076;-2,321376;1,788695;2,308982;-8,227097;3,094049;6,830701;-5,665496;1,586615;11,6159;-4,119206;0,73466;14,10905;-2,715313;0,006733;16,06207;-2,858378;0,56684;2,195908;-8,497119;1,010833;6,219731;-6,203395;-0,245775;10,46094;-4,133326;-0,26222;8,579691;-5,868019;0,57384;6,918345;-3,360984;-0,628951;2,112958;-8,310898;-1,177016;5,29778;-6,514902;-2,200065;8,683989;-4,994778;-2,181095;7,335512;-6,564678;-1,422956;5,827023;-52,02004;-3,663251;67,1991;9,746055;15,07535;-51,71122;77,84045;15,07539;-51,71122;123,5721;15,47769;-51,90236;123,5721;15,4777;-51,90238;-52,40003;-3,663249;67,1991;-35,95592;-9,740087;75,69199;-32,34537;-10,17739;75,08819;-28,45554;-10,65535;74,20587;-28,49378;-10,54454;74,41371;-52,86118;-7,361239;71,99377;30,93342;-7,973553;72,55714;34,26462;-9,073411;74,18032;37,84535;-10,20667;75,4408;37,87593;-10,07384;75,26723;-53,75811;-11,32685;77,30537;30,2284;-9,894562;77,7152;133,2554;-11,0541;79,31863;-132,2049;-13,49624;76,21805;-132,2489;-13,69659;76,40514;-55,74799;-16,81975;85,17174;29,64747;-10,84897;78,63156;132,6858;-11,82906;80,0086;-132,4678;-14,27554;76,94154;-132,517;-14,48499;77,13959;0;0;0;292,2466;-250,7753;72,87122;224,5438;-406,2407;-61,03102;191,6976;-233,4426;10,0206;202,6773;-24,74985;131,9197;248,3113;-189,4633;74,85394;585,9775;-309,5911;251,9959;717,6598;-402,8844;295,4588;780,5607;-458,8753;309,9506;824,3594;-508,6566;314,1198;192,9064;-109,5588;78,77174;499,4378;-185,1509;257,9144;340,1801;-430,7055;8,76747;245,743;-562,7408;-131,5342;161,3373;-669,9019;-250,9879;144,8051;-34,14892;85,48203;392,0843;-58,03331;250,3235;254,4578;-279,8487;29,74936;170,2298;-258,2798;-19,03787;273,8839;-158,6695;110,1284;96,99126;37,58945;90,38722;260,9864;73,27529;227,9439;151,3138;-101,8147;53,08735;91,30096;-88,8667;17,00024;185,1721;1,451086;134,0353;0;0;0;-5,508899;18,03732;-34,88195;-15,71274;65,84071;-19,09196;-13,33451;69,19097;0,045598;-10,50281;35,27918;32,09352;-4,486084;17,39359;-26,53706;-9,384154;49,07655;-46,70477;-8,202552;118,6867;-57,74974;-8,405684;156,3291;-62,3989;-9,269713;186,696;-65,03248;-3,167868;16,36505;-15,90907;-7,318496;47,18041;-30,28249;-9,010791;88,04511;-16,58946;-9,833335;109,5314;-8,781909;-10,4177;126,5488;-2,054214;-1,952648;14,97477;-6,436586;-4,972457;42,05095;-13,71002;-6,553173;78,2876;-2,194047;-5,317211;65,09971;-0,697374;-5,018234;50,11868;-8,507966;-0,783205;13,85826;2,848506;-2,338886;34,84797;4,005432;-3,575563;63,74931;13,33594;-2,717256;54,32796;14,1862;-2,449035;40,73202;7,102489;12,79384;10,7328;2,001697;0,410031;60,40527;-18,58325;68,09437;45,7824;-10,38906;17,3499;3,505763;3,730194;-6,852345;83,55197;3,571825;3,793696;-12,07349;83,49255;103,3226;93,87175;-13,368;83,17043;103,312;94,14545;-0,0634;0,104942;0;5,011138;3,670864;-0,214348;0;-0,003147;0;0;0;0;0;0;0;0;0;0;0;0;-161,3891;263,4247;0,027466;-501,0864;595,4452;-376,7417;0;-0,377655;0;0;0;0;0;0;0;0;0;0;0;0
128;2048;00:00:02:128;0;0;0;-1,352956;4,227503;2,409736;-1,229438;2,771301;6,937162;-4,223798;0,122454;7,767619;-6,555654;-1,120224;6,103424;-1,770184;3,155552;2,375635;-7,400823;5,20316;6,974634;-10,46406;5,266228;11,02885;-11,96671;5,24844;13,27854;-13,05024;5,190814;15,14076;-2,321376;1,788695;2,308982;-8,227097;3,094049;6,830701;-5,665496;1,586615;11,6159;-4,119206;0,73466;14,10905;-2,715313;0,006733;16,06207;-2,858378;0,56684;2,195908;-8,497119;1,010833;6,219731;-6,203395;-0,245775;10,46094;-4,133326;-0,26222;8,579691;-5,868019;0,57384;6,918345;-3,360984;-0,628951;2,112958;-8,310898;-1,177016;5,29778;-6,514902;-2,200065;8,683989;-4,994778;-2,181095;7,335512;-6,564678;-1,422956;5,827023;-52,02004;-3,663251;67,1991;9,746055;15,07535;-51,71122;77,84045;15,07539;-51,71122;123,5721;15,47769;-51,90236;123,5721;15,4777;-51,90238;-52,40003;-3,663249;67,1991;-35,95592;-9,740087;75,69199;-32,34537;-10,17739;75,08819;-28,45554;-10,65535;74,20587;-28,49378;-10,54454;74,41371;-52,86118;-7,361239;71,99377;30,93342;-7,973553;72,55714;34,26462;-9,073411;74,18032;37,84535;-10,20667;75,4408;37,87593;-10,07384;75,26723;-53,75811;-11,32685;77,30537;30,2284;-9,894562;77,7152;133,2554;-11,0541;79,31863;-132,2049;-13,49624;76,21805;-132,2489;-13,69659;76,40514;-55,74799;-16,81975;85,17174;29,64747;-10,84897;78,63156;132,6858;-11,82906;80,0086;-132,4678;-14,27554;76,94154;-132,517;-14,48499;77,13959;0;0;0;292,3722;-250,6482;72,7186;224,8033;-405,9092;-61,12169;191,9543;-233,0387;10,15006;202,7829;-24,53521;132,4029;248,4237;-189,3331;74,76464;586,262;-309,1841;251,9939;717,9992;-402,5574;295,4995;780,9325;-458,5854;310,0127;824,7599;-508,3916;314,1976;193,0013;-109,4255;78,76381;499,694;-184,7412;258,0371;340,5744;-430,1024;8,877038;246,2086;-562,0393;-131,4352;161,858;-669,1254;-250,9006;144,8827;-34,0148;85,54826;392,2973;-57,64893;250,5517;254,7942;-279,2931;29,96148;170,505;-257,8348;-18,89196;274,1146;-158,2822;110,2916;97,05273;37,72539;90,52528;261,145;73,61481;228,2677;151,5706;-101,3381;53,40037;91,51428;-88,46976;17,26323;185,3451;1,795571;134,3139;0;0;0;7,530211;7,624625;-9,157061;15,56968;19,88983;-5,439519;15,39731;24,23715;7,767676;6,337166;12,87863;28,99503;6,744862;7,810592;-5,357623;17,07172;24,42169;-0,123024;20,36762;19,61803;2,440452;22,31026;17,39216;3,72219;24,03259;15,90156;4,666328;5,695581;7,998704;-0,476003;15,37227;24,58191;7,359981;23,65923;36,18908;6,574094;27,93217;42,09423;5,938768;31,23879;46,59175;5,235672;4,654169;8,046984;3,973603;12,77733;23,06306;13,69143;20,18308;33,33807;12,72708;16,50882;26,69907;8,754729;13,84306;23,23866;9,795426;3,688216;8,156418;8,284091;9,515761;20,37156;19,4292;15,40947;28,59807;18,78083;12,7995;23,81658;15,77943;10,37764;20,6691;16,71767;12,79384;10,7328;2,001697;0,410031;60,40527;-18,58325;68,09437;45,7824;-10,38906;17,3499;3,505763;3,730194;-6,852345;83,55197;3,571825;3,793696;-12,07349;83,49255;103,3226;93,87175;-13,368;83,17043;103,312;94,14545;0;0;0;0;0;0;0;0;0;0;0;0;0;0;0;0;0;0;0;0;3,804016;-6,296538;0;-300,6683;-220,2518;12,86087;0;0,188828;0;0;0;0;0;0;0;0;0;0;0;0
129;2064;00:00:02:144;0;0;0;-1,359162;4,224827;2,410938;-1,24737;2,763896;6,937145;-4,243785;0,114083;7,75704;-6,56989;-1,124575;6,081839;-1,776284;3,152909;2,374592;-7,418663;5,195374;6,961475;-10,48978;5,249911;11,00985;-11,99677;5,227508;13,25659;-13,08387;5,166157;15,11661;-2,327284;1,786119;2,305027;-8,244534;3,086411;6,81311;-5,695118;1,573735;11,60316;-4,155177;0,719051;14,0993;-2,756256;-0,01101;16,05509;-2,863976;0,564382;2,189237;-8,512965;1,003867;6,199157;-6,230042;-0,257388;10,44482;-4,155184;-0,271732;8,56883;-5,885648;0,566137;6,90399;-3,36635;-0,631323;2,103687;-8,32436;-1,182962;5,275273;-6,536987;-2,209722;8,664919;-5,013432;-2,189245;7,320345;-6,579492;-1,429462;5,808695;-52,13047;-3,778091;67,20707;9,905625;15,02996;-51,6678;78,00002;15,03;-51,66781;123,8157;15,43282;-51,85773;123,8157;15,43282;-51,85777;-52,51045;-3,778091;67,20707;-36,04132;-9,859295;75,74072;-32,42962;-10,29747;75,13737;-28,53802;-10,77669;74,25539;-28,57668;-10,66559;74,46318;-52,98159;-7,466461;72,01011;30,81179;-8,077588;72,57493;34,13971;-9,173985;74,20094;37,71779;-10,30452;75,46433;37,74873;-10,17206;75,29038;-53,88934;-11,42055;77,33206;30,09712;-9,987353;77,73868;133,1211;-11,14322;79,34531;-132,3353;-13,59236;76,2494;-132,3798;-13,7923;76,43703;-55,89458;-16,89495;85,21505;29,51429;-10,93967;78,65756;132,55;-11,91659;80,03735;-132,6;-14,37005;76,97502;-132,6496;-14,57906;77,17368;0;0;0;292,3722;-250,6482;72,7186;224,8132;-405,9022;-61,10505;191,9637;-233,0321;10,1658;202,9343;-24,36442;132,2524;248,4237;-189,3331;74,76464;586,262;-309,1841;251,9939;717,8416;-402,7969;295,3959;780,6939;-458,9498;309,8466;824,4595;-508,8527;313,9756;193,0013;-109,4255;78,76381;499,694;-184,7412;258,0371;340,5744;-430,1024;8,877038;246,2086;-562,0393;-131,4352;161,858;-669,1254;-250,9006;144,8827;-34,0148;85,54826;392,2973;-57,64893;250,5517;254,7942;-279,2931;29,96148;170,505;-257,8348;-18,89196;274,1146;-158,2822;110,2916;97,05273;37,72539;90,52528;261,145;73,61481;228,2677;151,5706;-101,3381;53,40037;91,51428;-88,46976;17,26323;185,3451;1,795571;134,3139;0;0;0;0;0;0;0,596523;0,42057;0,997782;0,568628;0,396252;0,944138;9,082316;10,24738;-9,028672;0;0;0;0;0;0;-9,458541;-14,36806;-6,217002;-14,31656;-21,85821;-9,962081;-18,02444;-27,66895;-13,31949;0;0;0;0;0;0;0;0;0;0;0;0;0;0;0;0;0;0;0;0;0;0;0;0;0;0;0;0;0;0;0;0;0;0;0;0;0;0;0;0;0;0;0;0;0;12,79188;10,73544;2,000657;0,409458;60,40159;-18,57727;68,09437;45,86592;-10,42287;17,39936;3,505763;3,730246;-6,852345;83,55197;3,571825;3,793696;-12,07349;83,49255;103,3226;93,87175;-13,368;83,17043;103,312;94,14545;-0,2211;0,359116;0;5,011138;-2,028351;2,967796;0;0,003147;0;0;0;0;0;0;0;0;0;0;0;0;-13,26599;21,54693;0;300,6683;-121,701;178,0677;0;0,188828;0;0;0;0;0;0;0;0;0;0;0;0
130;2080;00:00:02:160;0;0;0;-1,359269;4,224233;2,411917;-1,253608;2,761827;6,937794;-4,252223;0,11313;7,753237;-6,575493;-1,121578;6,071199;-1,776934;3,152561;2,374567;-7,422756;5,195551;6,956976;-10,49232;5,244007;11,0066;-11,99844;5,218273;13,25389;-13,08481;5,154202;15,11424;-2,328603;1,786108;2,303702;-8,249619;3,087119;6,806631;-5,705774;1,570426;11,59837;-4,168772;0,713534;14,09557;-2,772188;-0,01836;16,05234;-2,86584;0,564725;2,186707;-8,518566;1,005059;6,191264;-6,240539;-0,259769;10,43849;-4,163829;-0,274203;8,564554;-5,892187;0,565519;6,89846;-3,368776;-0,63066;2,099999;-8,330228;-1,181363;5,266361;-6,546773;-2,210955;8,657212;-5,021873;-2,190563;7,314161;-6,586022;-1,429101;5,801377;-52,1707;-3,829218;67,17875;9,973372;15,00122;-51,67648;78,06774;15,00125;-51,67649;123,9672;15,4043;-51,86591;123,9672;15,4043;-51,86593;-52,5507;-3,829219;67,17875;-36,00049;-9,927782;75,74658;-32,38799;-10,36554;75,14276;-28,49528;-10,84412;74,26024;-28,5342;-10,73317;74,46817;-53,02627;-7,51404;71,98495;30,76658;-8,124732;72,55031;34,09302;-9,219832;74,17741;37,66993;-10,34933;75,44191;37,70101;-10,21702;75,26783;-53,93884;-11,46382;77,3109;30,04753;-10,03026;77,71631;133,0701;-11,18475;79,3242;-132,3844;-13,63653;76,22998;-132,429;-13,83631;76,41782;-55,951;-16,93114;85,20048;29,46384;-10,9818;78,63615;132,4983;-11,95752;80,01704;-132,6498;-14,41361;76,95642;-132,6996;-14,62246;77,15531;0;0;0;292,7445;-250,4876;72,64646;225,9303;-405,429;-61,03514;193,202;-232,5023;10,8659;203,9525;-23,92367;133,4179;248,7897;-189,1745;74,82721;587,3324;-308,7169;252,7833;719,2262;-402,2956;296,3569;782,2592;-458,4207;310,8742;826,1791;-508,2932;315,035;193,3558;-109,271;79,00112;500,7402;-184,283;259,0925;342,3517;-429,3295;9,641378;248,3668;-561,1027;-130,8505;164,3146;-668,0609;-250,4819;145,2186;-33,86734;85,94852;393,2481;-57,23096;251,7861;256,393;-278,5963;30,92908;171,8164;-257,2641;-18,24036;275,1723;-157,82;111,1529;97,37471;37,86771;91,08153;261,9527;73,97156;229,6181;152,8957;-100,7587;54,54455;92,63348;-87,98074;18,17326;186,2339;2,185989;135,4136;0;0;0;22,3403;9,634494;-4,328012;67,02661;28,39279;4,194974;74,29718;31,78453;42,00607;61,09571;26,44524;69,92769;21,95978;9,515761;3,754377;64,22424;28,0323;47,36995;83,07838;30,07507;57,66105;93,91879;31,74305;61,65361;103,1742;33,56838;63,56334;21,26598;9,274005;14,2386;62,7737;27,49443;63,3273;106,6403;46,37146;45,8604;129,4942;56,19335;35,08329;147,3942;63,87519;25,12121;20,15304;8,847892;24,01578;57,05166;25,07794;74,06615;95,92867;41,80383;58,05641;78,68671;34,24215;39,09587;63,4632;27,72975;51,67794;19,31834;8,53908;33,37455;48,46429;21,40438;81,02416;79,50854;34,76429;68,65096;67,15178;29,34086;54,60173;53,33018;23,42507;65,98234;12,78801;10,73804;1,999391;0,40925;60,38636;-18,55239;68,09438;45,94944;-10,45975;17,49655;3,505819;3,730194;-6,852345;83,55197;3,571825;3,793696;-12,07349;83,49255;103,3226;93,87175;-13,368;83,17043;103,312;94,14545;-0,913696;1,492996;0,000458;5,011138;-2,212772;5,831336;0,003347;-0,003147;0;0;0;0;0;0;0;0;0;0;0;0;-41,55578;68,03283;0,027466;0;-11,06529;171,8124;0,200844;-0,377655;0;0;0;0;0;0;0;0;0;0;0;0
131;2096;00:00:02:176;0;0;0;-1,359269;4,224233;2,411917;-1,253608;2,761827;6,937794;-4,252223;0,11313;7,753237;-6,575493;-1,121578;6,071199;-1,776934;3,152561;2,374567;-7,422756;5,195551;6,956976;-10,49232;5,244007;11,0066;-11,99844;5,218273;13,25389;-13,08481;5,154202;15,11424;-2,328603;1,786108;2,303702;-8,249619;3,087119;6,806631;-5,705774;1,570426;11,59837;-4,168772;0,713534;14,09557;-2,772188;-0,01836;16,05234;-2,86584;0,564725;2,186707;-8,518566;1,005059;6,191264;-6,240539;-0,259769;10,43849;-4,163829;-0,274203;8,564554;-5,892187;0,565519;6,89846;-3,368776;-0,63066;2,099999;-8,330228;-1,181363;5,266361;-6,546773;-2,210955;8,657212;-5,021873;-2,190563;7,314161;-6,586022;-1,429101;5,801377;-52,1707;-3,829218;67,17875;9,973372;15,00122;-51,67648;78,06774;15,00125;-51,67649;123,9672;15,4043;-51,86591;123,9672;15,4043;-51,86593;-52,5507;-3,829219;67,17875;-36,00049;-9,927782;75,74658;-32,38799;-10,36554;75,14276;-28,49528;-10,84412;74,26024;-28,5342;-10,73317;74,46817;-53,02627;-7,51404;71,98495;30,76658;-8,124732;72,55031;34,09302;-9,219832;74,17741;37,66993;-10,34933;75,44191;37,70101;-10,21702;75,26783;-53,93884;-11,46382;77,3109;30,04753;-10,03026;77,71631;133,0701;-11,18475;79,3242;-132,3844;-13,63653;76,22998;-132,429;-13,83631;76,41782;-55,951;-16,93114;85,20048;29,46384;-10,9818;78,63615;132,4983;-11,95752;80,01704;-132,6498;-14,41361;76,95642;-132,6996;-14,62246;77,15531;0;0;0;292,7509;-250,452;72,58771;226,3046;-405,3048;-61,07407;193,7083;-232,4451;11,09406;204,2887;-24,10351;134,0563;248,8287;-189,1537;74,82877;587,5779;-308,7275;253,0533;719,3787;-401,9414;296,5516;782,3593;-457,8666;311,036;826,2353;-507,5758;315,1767;193,4349;-109,2703;79,08066;501,0452;-184,3254;259,4813;342,9911;-429,131;9,928732;249,1826;-560,7717;-130,6263;165,2705;-667,6198;-250,3169;145,3305;-33,88795;86,10036;393,5841;-57,30246;252,2597;257,0228;-278,4535;31,3088;172,3351;-257,1159;-17,98376;275,5646;-157,7829;111,4847;97,52024;37,82792;91,30281;262,3048;73,87562;230,1528;153,4829;-100,6846;55,00696;93,13999;-87,90168;18,5443;186,6257;2,164308;135,8527;0;0;0;0,384808;2,138614;-3,525138;22,4576;7,450103;-2,336025;30,37905;3,430367;13,68999;20,16735;-10,79053;38,30194;2,340317;1,252413;0,093341;14,73427;-0,640869;16,19768;9,14955;21,25168;11,68156;6,005287;33,24794;9,710311;3,370285;43,04409;8,501529;4,750728;0,039339;4,772186;18,30196;-2,547025;23,32735;38,36202;11,91044;17,24124;48,94495;19,86122;13,44824;57,35492;26,4616;9,901999;6,712675;-1,237213;9,110211;20,15877;-4,290103;28,41711;37,78982;8,573054;22,78268;31,12292;8,89635;15,39588;23,53906;2,22516;19,90771;8,732199;-2,387523;13,27693;21,12293;-5,756378;32,08351;35,22849;4,441738;27,74477;30,39086;4,743576;22,26233;23,50688;-1,300871;26,34215;12,78801;10,73804;1,999391;0,40925;60,38636;-18,55239;68,09438;45,94944;-10,45975;17,49655;3,505819;3,730194;-6,852345;83,55197;3,571825;3,793696;-12,07349;83,49255;103,3226;93,87175;-13,368;83,17043;103,312;94,14545;0;0;0;0;0;0;0;0;0;0;0;0;0;0;0;0;0;0;0;0;54,82177;-89,57976;-0,027466;-300,6683;132,7663;-349,8802;-0,200844;0,188828;0;0;0;0;0;0;0;0;0;0;0;0
132;2112;00:00:02:192;0;0;0;-1,361609;4,220772;2,416651;-1,260246;2,754106;6,941249;-4,25892;0,103743;7,751041;-6,575418;-1,122171;6,053305;-1,779075;3,149084;2,377575;-7,428374;5,185012;6,958841;-10,48961;5,209704;11,01498;-11,99096;5,171327;13,26529;-13,07326;5,097233;15,12763;-2,330474;1,782639;2,304497;-8,254793;3,07665;6,805097;-5,713997;1,553933;11,59655;-4,178573;0,693937;14,09364;-2,783216;-0,040361;16,0504;-2,867434;0,561328;2,185492;-8,522982;0,995375;6,18675;-6,247669;-0,274788;10,43384;-4,169668;-0,286372;8,561314;-5,897017;0,555309;6,895162;-3,370116;-0,634021;2,096834;-8,333653;-1,189773;5,259043;-6,552363;-2,223629;8,649733;-5,026544;-2,201189;7,30776;-6,589776;-1,437948;5,794925;-52,17718;-3,9154;67,18842;10,05694;15,00665;-51,63774;78,15134;15,00669;-51,63774;124,3293;15,40999;-51,82656;124,3293;15,41;-51,82657;-52,55717;-3,915403;67,18842;-35,82922;-10,10842;75,87477;-32,21455;-10,54438;75,26927;-28,31878;-11,02031;74,38478;-28,35842;-10,90999;74,59315;-53,04006;-7,599374;71,996;30,75192;-8,209933;72,56165;34,07587;-9,304589;74,18942;37,65083;-10,43368;75,45458;37,68217;-10,30143;75,28042;-53,96081;-11,54752;77,3245;30,02506;-10,11381;77,72947;133,0452;-11,26764;79,33828;-132,4049;-13,72062;76,24406;-132,4499;-13,92034;76,43206;-55,98532;-17,0111;85,21973;29,43995;-11,06497;78,64995;132,4723;-12,04011;80,03168;-132,6715;-14,49745;76,97108;-132,7216;-14,70621;77,17011;0;0;0;292,7509;-250,452;72,58771;226,3733;-405,2565;-60,95901;193,7735;-232,3992;11,20327;204,8097;-23,52677;133,5776;248,8287;-189,1537;74,82877;587,5779;-308,7275;253,0533;718,688;-403,0174;296,0829;781,314;-459,5034;310,2847;824,9197;-509,6474;314,1732;193,4349;-109,2703;79,08066;501,0452;-184,3254;259,4813;342,9911;-429,131;9,928732;249,1826;-560,7717;-130,6263;165,2705;-667,6198;-250,3169;145,3305;-33,88795;86,10036;393,5841;-57,30246;252,2597;257,0228;-278,4535;31,3088;172,3351;-257,1159;-17,98376;275,5646;-157,7829;111,4847;97,52024;37,82792;91,30281;262,3048;73,87562;230,1528;153,4829;-100,6846;55,00696;93,13999;-87,90168;18,5443;186,6257;2,164308;135,8527;0;0;0;0;0;0;4,124164;2,901077;6,904006;3,911733;2,755165;6,552637;31,26382;34,60452;-28,71823;0;0;0;0;0;0;-41,44477;-64,55611;-28,12099;-62,7222;-98,20747;-45,07827;-78,93562;-124,2943;-60,21022;0;0;0;0;0;0;0;0;0;0;0;0;0;0;0;0;0;0;0;0;0;0;0;0;0;0;0;0;0;0;0;0;0;0;0;0;0;0;0;0;0;0;0;0;0;12,77679;10,74676;1,995718;0,408266;60,36091;-18,5109;68,09438;46,22783;-10,6086;17,71927;3,505819;3,730194;-6,852345;83,55197;3,571825;3,793696;-12,07349;83,49255;103,3226;93,87175;-13,368;83,17043;103,312;94,14545;-1,527099;2,48909;0;16,70334;-8,931541;13,36304;0;0;0;0;0;0;0;0;0;0;0;0;0;0;-91,62596;149,3454;0;1002,2;-535,8925;801,7821;0;0;0;0;0;0;0;0;0;0;0;0;0;0
133;2128;00:00:02:208;0;0;0;-1,361609;4,220772;2,416651;-1,260246;2,754106;6,941249;-4,25892;0,103743;7,751041;-6,575418;-1,122171;6,053305;-1,779075;3,149084;2,377575;-7,428374;5,185012;6,958841;-10,48961;5,209704;11,01498;-11,99096;5,171327;13,26529;-13,07326;5,097233;15,12763;-2,330474;1,782639;2,304497;-8,254793;3,07665;6,805097;-5,713997;1,553933;11,59655;-4,178573;0,693937;14,09364;-2,783216;-0,040361;16,0504;-2,867434;0,561328;2,185492;-8,522982;0,995375;6,18675;-6,247669;-0,274788;10,43384;-4,169668;-0,286372;8,561314;-5,897017;0,555309;6,895162;-3,370116;-0,634021;2,096834;-8,333653;-1,189773;5,259043;-6,552363;-2,223629;8,649733;-5,026544;-2,201189;7,30776;-6,589776;-1,437948;5,794925;-52,17718;-3,9154;67,18842;10,05694;15,00665;-51,63774;78,15134;15,00669;-51,63774;124,3293;15,40999;-51,82656;124,3293;15,41;-51,82657;-52,55717;-3,915403;67,18842;-35,82922;-10,10842;75,87477;-32,21455;-10,54438;75,26927;-28,31878;-11,02031;74,38478;-28,35842;-10,90999;74,59315;-53,04006;-7,599374;71,996;30,75192;-8,209933;72,56165;34,07587;-9,304589;74,18942;37,65083;-10,43368;75,45458;37,68217;-10,30143;75,28042;-53,96081;-11,54752;77,3245;30,02506;-10,11381;77,72947;133,0452;-11,26764;79,33828;-132,4049;-13,72062;76,24406;-132,4499;-13,92034;76,43206;-55,98532;-17,0111;85,21973;29,43995;-11,06497;78,64995;132,4723;-12,04011;80,03168;-132,6715;-14,49745;76,97108;-132,7216;-14,70621;77,17011;0;0;0;292,8913;-250,2444;72,30367;226,7715;-404,7932;-61,1663;194,1753;-231,836;11,33501;204,8052;-23,49116;134,6513;248,9572;-188,945;74,64827;587,915;-308,0952;252,9414;718,525;-400,9592;295,58;780,8649;-456,6866;309,6012;824,2269;-506,2293;313,37;193,5472;-109,0622;79,03297;501,3557;-183,6973;259,5734;343,4844;-428,1415;10,03835;249,7706;-559,5959;-130,5109;165,9321;-666,2998;-250,2;145,4261;-33,68412;86,17323;393,849;-56,72145;252,5305;257,4506;-277,5523;31,58784;172,6855;-256,3857;-17,78935;275,8544;-157,1703;111,6826;97,60066;38,02957;91,49271;262,5103;74,38018;230,5919;153,8183;-99,92417;55,45575;93,42022;-87,26412;18,92839;186,851;2,695117;136,2399;0;0;0;8,424281;12,45832;-17,04276;23,8924;27,79484;-12,43758;24,10626;33,79583;7,904469;-0,270367;2,136379;64,42165;7,709025;12,51769;-10,83004;20,22457;37,94145;-6,71339;-9,776114;123,4903;-30,17664;-26,93939;169,0035;-41,0099;-41,57066;205,0867;-48,19393;6,736279;12,48908;-2,861738;18,63098;37,68611;5,523204;29,60157;59,37194;6,576777;35,2807;70,5471;6,925821;39,69955;79,19883;7,012367;5,737066;12,23034;4,372715;15,89441;34,86049;16,24918;25,66481;54,06761;16,74235;21,02208;43,80798;11,66493;17,39073;36,75699;11,87396;4,825115;12,09909;11,39367;12,33244;30,27391;26,34573;20,12443;45,62688;26,92688;16,81351;38,25366;23,04554;13,51619;31,84855;23,23079;12,77679;10,74676;1,995718;0,408266;60,36091;-18,5109;68,09438;46,22783;-10,6086;17,71927;3,505819;3,730194;-6,852345;83,55197;3,571825;3,793696;-12,07349;83,49255;103,3226;93,87175;-13,368;83,17043;103,312;94,14545;0;0;0;0;0;0;0;0;0;0;0;0;0;0;0;0;0;0;0;0;91,62596;-149,3454;0;-1002,2;535,8925;-801,7821;0;0;0;0;0;0;0;0;0;0;0;0;0;0
134;2144;00:00:02:224;0;0;0;-1,364181;4,223714;2,41005;-1,274457;2,764938;6,937443;-4,275598;0,116475;7,744307;-6,58613;-1,108874;6,038054;-1,782038;3,152169;2,371261;-7,438779;5,194995;6,940256;-10,50242;5,210106;10,99463;-12,005;5,166771;13,24402;-13,08825;5,088864;15,10566;-2,333892;1,78589;2,298513;-8,265825;3,086839;6,787067;-5,734403;1,567713;11,58461;-4,203893;0,709498;14,08534;-2,812412;-0,023486;16,04534;-2,871161;0,564694;2,179725;-8,533786;1,005077;6,170265;-6,266747;-0,261913;10,42272;-4,185352;-0,276219;8,553992;-5,909304;0,564575;6,883881;-3,374196;-0,630525;2,09132;-8,343713;-1,181057;5,245037;-6,569037;-2,212367;8,639969;-5,040771;-2,191891;7,300752;-6,600921;-1,429458;5,784332;-52,29519;-3,904237;67,17182;10,10977;14,8386;-51,63345;78,20415;14,83864;-51,63346;124,4941;15,24212;-51,82174;124,4941;15,24212;-51,82176;-52,67517;-3,90424;67,17181;-35,84806;-10,17188;75,98179;-32,23273;-10,60804;75,37631;-28,33598;-11,08424;74,49175;-28,37585;-10,97385;74,70014;-53,15746;-7,578382;71,98685;30,63454;-8,187783;72,55374;33,95884;-9,279146;74,18365;37,534;-10,4057;75,45107;37,56531;-10,2738;75,27664;-54,07708;-11,5158;77,32311;29,90958;-10,08129;77,72508;132,9302;-11,23194;79,33607;-132,5228;-13,69105;76,24735;-132,5677;-13,89039;76,43574;-56,09875;-16,96401;85,22822;29,32466;-11,03063;78,64739;132,3575;-12,00304;80,03097;-132,7893;-14,46642;76,97591;-132,8395;-14,67479;77,17537;0;0;0;292,8913;-250,2444;72,30367;226,9056;-404,6985;-60,94189;194,3026;-231,7462;11,54798;205,0567;-23,23043;134,5304;248,9572;-188,945;74,64827;587,915;-308,0952;252,9414;717,8362;-401,558;295,2592;779,8195;-457,5975;309,0916;822,9072;-507,382;312,6955;193,5472;-109,0622;79,03297;501,3557;-183,6973;259,5734;343,4844;-428,1415;10,03835;249,7706;-559,5959;-130,5109;165,9321;-666,2998;-250,2;145,4261;-33,68412;86,17323;393,849;-56,72145;252,5305;257,4506;-277,5523;31,58784;172,6855;-256,3857;-17,78935;275,8544;-157,1703;111,6826;97,60066;38,02957;91,49271;262,5103;74,38018;230,5919;153,8183;-99,92417;55,45575;93,42022;-87,26412;18,92839;186,851;2,695117;136,2399;0;0;0;0;0;0;8,045196;5,681991;13,46469;7,634639;5,388736;12,77804;15,09189;15,64398;-7,255553;0;0;0;0;0;0;-41,33033;-35,92872;-19,24753;-62,72792;-54,65126;-30,57718;-79,17594;-69,16236;-40,46917;0;0;0;0;0;0;0;0;0;0;0;0;0;0;0;0;0;0;0;0;0;0;0;0;0;0;0;0;0;0;0;0;0;0;0;0;0;0;0;0;0;0;0;0;0;12,76366;10,7501;1,993477;0,409106;60,31125;-18,43009;68,09437;46,3392;-10,75155;17,8468;3,505819;3,730351;-6,852345;83,55197;3,571825;3,793696;-12,07349;83,49255;103,3226;93,87175;-13,368;83,17043;103,312;94,14545;-2,979355;4,848518;-0,000458;6,681976;-8,576603;7,651863;0;0,009456;0;0;0;0;0;0;0;0;0;0;0;0;-178,7613;290,9111;-0,027466;400,9185;-514,5961;459,1117;0;0,567341;0;0;0;0;0;0;0;0;0;0;0;0
135;2160;00:00:02:240;0;0;0;-1,364181;4,223714;2,41005;-1,274457;2,764938;6,937443;-4,275598;0,116475;7,744307;-6,58613;-1,108874;6,038054;-1,782038;3,152169;2,371261;-7,438779;5,194995;6,940256;-10,50242;5,210106;10,99463;-12,005;5,166771;13,24402;-13,08825;5,088864;15,10566;-2,333892;1,78589;2,298513;-8,265825;3,086839;6,787067;-5,734403;1,567713;11,58461;-4,203893;0,709498;14,08534;-2,812412;-0,023486;16,04534;-2,871161;0,564694;2,179725;-8,533786;1,005077;6,170265;-6,266747;-0,261913;10,42272;-4,185352;-0,276219;8,553992;-5,909304;0,564575;6,883881;-3,374196;-0,630525;2,09132;-8,343713;-1,181057;5,245037;-6,569037;-2,212367;8,639969;-5,040771;-2,191891;7,300752;-6,600921;-1,429458;5,784332;-52,29519;-3,904237;67,17182;10,10977;14,8386;-51,63345;78,20415;14,83864;-51,63346;124,4941;15,24212;-51,82174;124,4941;15,24212;-51,82176;-52,67517;-3,90424;67,17181;-35,84806;-10,17188;75,98179;-32,23273;-10,60804;75,37631;-28,33598;-11,08424;74,49175;-28,37585;-10,97385;74,70014;-53,15746;-7,578382;71,98685;30,63454;-8,187783;72,55374;33,95884;-9,279146;74,18365;37,534;-10,4057;75,45107;37,56531;-10,2738;75,27664;-54,07708;-11,5158;77,32311;29,90958;-10,08129;77,72508;132,9302;-11,23194;79,33607;-132,5228;-13,69105;76,24735;-132,5677;-13,89039;76,43574;-56,09875;-16,96401;85,22822;29,32466;-11,03063;78,64739;132,3575;-12,00304;80,03097;-132,7893;-14,46642;76,97591;-132,8395;-14,67479;77,17537;0;0;0;293,0457;-250,4209;72,69973;227,7583;-405,3484;-60,71349;195,3033;-232,5101;11,95201;205,6995;-24,02825;135,4454;249,1349;-189,1301;75,0271;588,5394;-308,6942;254,0565;718,6046;-401,5822;296,4802;780,662;-457,3241;310,3677;823,8068;-506,8799;314,014;193,7523;-109,2572;79,39195;502,0177;-184,3087;260,6551;344,7088;-428,9683;10,75432;251,2897;-560,5295;-130,0126;167,6839;-667,3123;-249,8966;145,6497;-33,88604;86,51926;394,4973;-57,30354;253,5196;258,5953;-278,3248;32,25481;173,6265;-256,9949;-17,35005;276,5916;-157,7263;112,3595;97,84546;37,81985;91,82356;263,1139;73,85728;231,4323;154,8188;-100,5999;56,04154;94,27388;-87,82198;19,34887;187,5197;2,185699;136,8754;0;0;0;9,26113;-10,59294;23,76401;51,16081;-38,99574;13,70358;60,04142;-45,83788;24,2418;38,56516;-47,86938;54,90089;10,66446;-11,10434;22,73011;37,45937;-35,94017;66,90501;46,10252;-1,450539;73,26364;50,55428;16,40224;76,56526;53,97034;30,12943;79,11443;12,30454;-11,7023;21,53921;39,71672;-36,68046;64,90373;73,46105;-49,60727;42,95826;91,15076;-56,01597;29,90126;105,1075;-60,74523;18,20612;13,41534;-12,11554;20,76173;38,89846;-34,92486;59,34619;68,68314;-46,34857;40,01855;56,46014;-36,55243;26,35807;44,23284;-33,36024;40,61436;14,68777;-12,58314;19,85156;36,21626;-31,37433;50,41981;60,02783;-40,5457;35,14766;51,21946;-33,47146;25,22886;40,12012;-30,56511;38,13457;12,76366;10,7501;1,993477;0,409106;60,31125;-18,43009;68,09437;46,3392;-10,75155;17,8468;3,505819;3,730351;-6,852345;83,55197;3,571825;3,793696;-12,07349;83,49255;103,3226;93,87175;-13,368;83,17043;103,312;94,14545;0;0;0;0;0;0;0;0;0;0;0;0;0;0;0;0;0;0;0;0;178,7613;-290,9111;0,027466;-400,9185;514,5961;-459,1117;0;-0,567341;0;0;0;0;0;0;0;0;0;0;0;0
136;2176;00:00:02:256;0;0;0;-1,361164;4,225086;2,409352;-1,275135;2,772418;6,93878;-4,277385;0,125611;7,746954;-6,586859;-1,10161;6,040615;-1,779643;3,15377;2,37093;-7,434075;5,200955;6,940833;-10,49289;5,21316;10,99886;-11,99279;5,168263;13,25001;-13,07381;5,089102;15,11289;-2,332297;1,787789;2,298656;-8,262366;3,093235;6,788369;-5,730615;1,573841;11,58566;-4,199973;0,715365;14,08621;-2,808422;-0,017933;16,04605;-2,870294;0,566871;2,180302;-8,531671;1,011475;6,172145;-6,264297;-0,255767;10,42435;-4,183375;-0,271722;8,555103;-5,907264;0,569648;6,885215;-3,374035;-0,628081;2,092316;-8,34308;-1,174995;5,247408;-6,568147;-2,206485;8,642151;-5,040203;-2,187213;7,302547;-6,600294;-1,42426;5,786329;-52,28748;-3,885712;67,13853;10,09515;14,75099;-51,64799;78,18957;14,75105;-51,64801;124,4798;15,15446;-51,83629;124,4798;15,15447;-51,83631;-52,66748;-3,885704;67,13854;-35,77347;-10,18458;75,98312;-32,15792;-10,61997;75,37706;-28,26087;-11,09503;74,49184;-28,3008;-10,98491;74,70038;-53,14816;-7,560564;71,95287;30,64405;-8,170062;72,51962;33,96889;-9,261704;74,14927;37,54447;-10,38849;75,41642;37,57572;-10,25655;75,24204;-54,06601;-11,49892;77,28812;29,92071;-10,06449;77,69035;132,9418;-11,21546;79,30103;-132,512;-13,67396;76,21201;-132,5568;-13,87335;76,40035;-56,08509;-16,94879;85,19147;29,3361;-11,01402;78,61246;132,3694;-11,98669;79,99571;-132,7782;-14,44948;76,94036;-132,8284;-14,65789;77,13978;0;0;0;293,0457;-250,4209;72,69973;227,9507;-405,212;-60,39141;195,4858;-232,3806;12,25756;205,7759;-23,97199;135,5732;249,1349;-189,1301;75,0271;588,5394;-308,6942;254,0565;718,3927;-401,9402;296,3248;780,3418;-457,8686;310,1185;823,4041;-507,569;313,6811;193,7523;-109,2572;79,39195;502,0177;-184,3087;260,6551;344,7088;-428,9683;10,75432;251,2897;-560,5295;-130,0126;167,6839;-667,3123;-249,8966;145,6497;-33,88604;86,51926;394,4973;-57,30354;253,5196;258,5953;-278,3248;32,25481;173,6265;-256,9949;-17,35005;276,5916;-157,7263;112,3595;97,84546;37,81985;91,82356;263,1139;73,85728;231,4323;154,8188;-100,5999;56,04154;94,27388;-87,82198;19,34887;187,5197;2,185699;136,8754;0;0;0;0;0;0;11,54423;8,185386;19,32514;10,95128;7,769107;18,3329;4,581928;3,37556;7,668256;0;0;0;0;0;0;-12,71152;-21,4777;-9,328364;-19,21463;-32,67002;-14,95027;-24,1642;-41,3475;-19,97709;0;0;0;0;0;0;0;0;0;0;0;0;0;0;0;0;0;0;0;0;0;0;0;0;0;0;0;0;0;0;0;0;0;0;0;0;0;0;0;0;0;0;0;0;0;12,75585;10,74986;1,99206;0,411029;60,23995;-18,3144;68,09437;46,33919;-10,79776;17,92097;3,505763;3,730246;-6,852345;83,55197;3,571825;3,793696;-12,07349;83,49255;103,3226;93,87175;-13,368;83,17043;103,312;94,14545;-4,278259;6,941528;0;-0,000458;-2,773018;4,449921;-0,003347;-0,006309;0;0;0;0;0;0;0;0;0;0;0;0;-256,6956;416,4916;0;-0,027466;-166,381;266,9952;-0,200844;-0,378513;0;0;0;0;0;0;0;0;0;0;0;0
137;2192;00:00:02:272;0;0;0;-1,360736;4,224199;2,411149;-1,27899;2,774104;6,941481;-4,281522;0,127148;7,748118;-6,58997;-1,103077;6,042554;-1,779373;3,152964;2,372205;-7,433892;5,198931;6,942545;-10,49289;5,210443;11,00044;-11,9929;5,165109;13,2515;-13,07402;5,085547;15,11431;-2,332226;1,787099;2,299264;-8,262486;3,091405;6,789054;-5,731381;1,569455;11,58587;-4,201084;0,709613;14,08617;-2,809815;-0,024783;16,04579;-2,870397;0,566316;2,18031;-8,532052;1,009965;6,171865;-6,265238;-0,259546;10,42369;-4,184157;-0,274968;8,554617;-5,907774;0,567418;6,884961;-3,37431;-0,62852;2,091739;-8,343711;-1,176114;5,246152;-6,569228;-2,20941;8,64058;-5,041166;-2,189762;7,301117;-6,60101;-1,425886;5,78511;-52,28195;-3,911566;67,12951;10,12132;14,68971;-51,62978;78,21571;14,68975;-51,62978;124,4505;15,09326;-51,81784;124,4505;15,09326;-51,81786;-52,66194;-3,911566;67,12952;-35,77082;-10,20561;75,96772;-32,15503;-10,64097;75,36157;-28,25765;-11,11598;74,47627;-28,29767;-11,00587;74,68484;-53,14481;-7,586792;71,94379;30,64715;-8,196324;72,51053;33,97123;-9,288039;74,14024;37,54623;-10,41487;75,40746;37,57757;-10,28292;75,23305;-54,06512;-11,52534;77,27931;29,92141;-10,09092;77,6816;132,9418;-11,24189;79,2924;-132,5106;-13,70037;76,20303;-132,5555;-13,89975;76,39139;-56,088;-16,97508;85,18368;29,33637;-11,04044;78,60375;132,369;-12,01313;79,98715;-132,7772;-14,4759;76,93147;-132,8274;-14,68431;77,13088;0;0;0;292,8647;-250,5032;72,74164;228,1683;-405,5349;-60,17567;195,7608;-232,8093;12,37965;205,7909;-24,46672;135,6425;248,9912;-189,2262;75,04695;588,2571;-309,0518;254,0219;717,8635;-402,1232;296,0793;779,6735;-457,9578;309,7715;822,6189;-507,5828;313,2626;193,6566;-109,3712;79,38339;501,8101;-184,6924;260,577;344,4815;-429,3359;10,69173;251,0546;-560,8815;-130,065;167,4445;-667,6454;-249,939;145,5977;-34,01672;86,48465;394,3704;-57,68742;253,4068;258,4483;-278,6936;32,15718;173,5079;-257,2647;-17,4167;276,4692;-158,0307;112,2794;97,83578;37,67321;91,76381;263,0759;73,49355;231,29;154,7653;-100,9528;55,91065;94,23977;-88,10267;19,24118;187,4821;1,873847;136,7556;0;0;0;-10,86044;-4,939556;2,514481;13,05342;-19,37198;12,94434;16,50238;-25,72203;7,325112;0,901222;-29,684;4,157781;-8,620261;-5,765676;1,190901;-16,93439;-21,45624;-2,075672;-31,75163;-10,98061;-14,72711;-40,09723;-5,350112;-20,81966;-47,1096;-0,826836;-25,10977;-5,742788;-6,83856;-0,513554;-12,45403;-23,0248;-4,683494;-13,63564;-22,05849;-3,755092;-14,11057;-21,12007;-3,143549;-14,36591;-19,99283;-2,547741;-3,120661;-7,840454;-2,076745;-7,613181;-23,03302;-6,76918;-8,820533;-22,12572;-5,857944;-7,115364;-16,18767;-3,999173;-7,347106;-18,26048;-4,804372;-0,580788;-8,798717;-3,585577;-2,280235;-21,82388;-8,534431;-3,207922;-21,17443;-7,853507;-2,046704;-16,84141;-6,461442;-2,255916;-18,71109;-7,18975;12,75299;10,74789;1,99138;0,413043;60,17439;-18,2084;68,09438;46,28351;-10,78945;17,92044;3,505819;3,730299;-6,852345;83,55197;3,571825;3,793696;-12,07349;83,49255;103,3226;93,87175;-13,368;83,17043;103,312;94,14545;-3,933792;6,359939;0,000458;-3,34053;0,498905;-0,031357;0,003347;0,003161;0;0;0;0;0;0;0;0;0;0;0;0;20,66804;-34,89532;0,027466;-200,4043;196,3154;-268,8766;0,401688;0,568199;0;0;0;0;0;0;0;0;0;0;0;0
138;2208;00:00:02:288;0;0;0;-1,357699;4,224174;2,412905;-1,284039;2,773343;6,94314;-4,290521;0,129435;7,745046;-6,598742;-1,099684;6,03838;-1,777638;3,15349;2,372805;-7,433846;5,20326;6,939349;-10,50097;5,212138;10,99111;-12,00552;5,165219;13,23911;-13,09042;5,084244;15,09965;-2,33213;1,788371;2,298373;-8,264932;3,096883;6,783579;-5,740196;1,568342;11,58166;-4,213304;0,704803;14,08276;-2,824777;-0,032733;16,04315;-2,871715;0,568347;2,178045;-8,536524;1,016223;6,16465;-6,275256;-0,259159;10,41767;-4,192457;-0,275848;8,550523;-5,913466;0,569886;6,879869;-3,377038;-0,625795;2,08815;-8,350053;-1,169428;5,237549;-6,580023;-2,207366;8,632885;-5,050691;-2,188673;7,294859;-6,608169;-1,421764;5,777949;-52,31517;-3,970048;67,06017;10,19386;14,64472;-51,67173;78,28825;14,64476;-51,67175;124,4677;15,0485;-51,85924;124,4677;15,04851;-51,85925;-52,69517;-3,970046;67,06017;-35,86824;-10,29595;75,94912;-32,25162;-10,73231;75,34357;-28,35293;-11,20878;74,45877;-28,39326;-11,09833;74,66724;-53,18308;-7,642285;71,87722;30,60825;-8,251417;72,44444;33,93064;-9,342024;74,07519;37,5043;-10,46795;75,34342;37,53582;-10,33614;75,16891;-54,10894;-11,57706;77,21646;29,87742;-10,14233;77,61769;132,8962;-11,29207;79,2297;-132,5538;-13,75288;76,14167;-132,5989;-13,95212;76,33022;-56,1399;-17,0204;85,12722;29,2914;-11,09115;78,54074;132,3226;-12,06275;79,92521;-132,8212;-14,52787;76,87086;-132,8716;-14,73614;77,0705;0;0;0;292,8389;-250,45;72,63383;228,4986;-405,5652;-60,17189;196,103;-232,8343;12,46717;205,9182;-24,46026;135,6976;248,975;-189,1778;74,97047;588,2462;-308,9303;253,9191;717,5513;-401,7239;296,0018;779,2033;-457,4092;309,7162;822,0256;-506,9148;313,2319;193,6523;-109,3298;79,3469;501,8174;-184,5826;260,5359;344,5275;-429,0728;10,67872;251,1213;-560,5365;-130,0625;167,5281;-667,2345;-249,9238;145,6039;-33,98342;86,48416;394,3933;-57,59681;253,4237;258,5048;-278,4669;32,19679;173,5548;-257,07;-17,38755;276,4999;-157,8969;112,2947;97,85232;37,69954;91,79843;263,1138;73,56069;231,3653;154,8302;-100,7773;56,00488;94,29752;-87,94974;19,32692;187,525;1,971412;136,8287;0;0;0;-1,544952;3,194332;-6,468058;19,8183;-1,81961;0,226736;20,53141;-1,499176;5,251765;7,636069;0,387579;3,304482;-0,972748;2,903938;-4,58908;-0,658035;7,288455;-6,166934;-18,73112;23,9582;-4,652023;-28,21255;32,91607;-3,320217;-35,59684;40,08007;-1,841068;-0,254631;2,484798;-2,189398;0,434876;6,588221;-2,467632;2,756595;15,78998;-0,780523;4,00114;20,70236;0,150204;5,016803;24,65915;0,911236;0,371933;1,997888;-0,029683;1,373291;5,436301;1,011371;3,387451;13,60416;2,376437;2,814531;11,68585;1,7488;1,841068;8,026599;0,914812;0,992417;1,579821;2,07746;2,271652;4,028677;4,518985;3,894567;10,52999;5,654096;3,465414;9,175657;5,144476;2,577781;5,853921;4,385232;12,74714;10,74601;1,991274;0,414305;60,13764;-18,14912;68,09437;46,22783;-10,84782;17,8765;3,505763;3,730194;-6,852345;83,55197;3,571825;3,793696;-12,07349;83,49255;103,3226;93,87175;-13,368;83,17043;103,312;94,14545;-2,204819;3,556709;-0,000458;-3,340988;-3,502006;-2,636261;-0,003347;-0,006309;0;0;0;0;0;0;0;0;0;0;0;0;103,7384;-168,1938;-0,054932;-0,027466;-240,0547;-156,2942;-0,401688;-0,568199;0;0;0;0;0;0;0;0;0;0;0;0
139;2224;00:00:02:304;0;0;0;-1,361526;4,222079;2,414414;-1,294306;2,773852;6,945582;-4,299756;0,127663;7,743825;-6,603937;-1,104508;6,033901;-1,780884;3,151202;2,37341;-7,441262;5,195414;6,937279;-10,51179;5,197792;10,98647;-12,01818;5,147451;13,23316;-13,10457;5,063792;15,09272;-2,33462;1,785839;2,297813;-8,271152;3,088698;6,779729;-5,748896;1,558693;11,57864;-4,223261;0,694499;14,08029;-2,83569;-0,04345;16,0412;-2,873492;0,565607;2,176414;-8,541246;1,008255;6,159414;-6,282218;-0,268412;10,41324;-4,198139;-0,282948;8,547504;-5,918446;0,56286;6,876163;-3,378136;-0,628744;2,085486;-8,353014;-1,176764;5,23118;-6,584761;-2,215748;8,627124;-5,054528;-2,195492;7,290152;-6,611368;-1,428512;5,772622;-52,33833;-4,015691;67,0914;10,25273;14,55867;-51,60489;78,34713;14,55871;-51,6049;124,5269;14,96263;-51,79189;124,5269;14,96264;-51,79191;-52,71832;-4,015695;67,09139;-35,90299;-10,35767;76,00858;-32,28574;-10,79439;75,40317;-28,38613;-11,27137;74,51847;-28,42668;-11,1608;74,72691;-53,21016;-7,685831;71,91045;30,58069;-8,294705;72,47803;33,90177;-9,384521;74,1095;37,47437;-10,50979;75,37848;37,50604;-10,37808;75,20387;-54,14038;-11,61792;77,25239;29,84586;-10,18297;77,65286;132,8633;-11,33183;79,26573;-132,5847;-13,79431;76,17863;-132,63;-13,99346;76,36732;-56,17768;-17,05663;85,16791;29,25908;-11,1313;78,5766;132,2892;-12,10212;79,9618;-132,8527;-14,56892;76,90839;-132,9034;-14,77707;77,10818;0;0;0;292,6567;-250,4485;72,5285;228,9987;-405,3781;-59,94133;196,8301;-232,8373;12,96464;206,5228;-24,60539;136,0793;248,8709;-189,2094;74,93448;588,2434;-309,1901;254,111;717,8771;-401,8264;296,531;779,7184;-457,4171;310,4131;822,7026;-506,8381;314,0525;193,6465;-109,4061;79,40041;501,9641;-184,9113;260,8644;345,0564;-429,006;10,93165;251,8544;-560,2478;-129,8579;168,4258;-666,7575;-249,7652;145,6829;-34,10527;86,62008;394,6616;-57,97229;253,8565;259,1058;-278,4901;32,5579;174,0528;-257,0172;-17,14191;276,8414;-158,045;112,6002;98,01601;37,536;92,01376;263,4943;73,1595;231,8816;155,4779;-100,9;56,46658;94,86906;-88,0151;19,70243;187,9545;1,724068;137,2584;0;0;0;-10,93197;0,091553;-6,320715;30,00927;11,22379;13,8334;43,62344;-0,178814;29,84766;36,28206;-8,70779;22,90177;-6,247043;-1,896143;-2,159357;-0,165939;-15,58685;11,50989;19,54937;-6,151199;31,75449;30,90477;-0,472069;41,81528;40,6208;4,600524;49,23534;-0,347614;-4,577636;3,210068;8,803367;-19,7196;19,70959;31,73589;4,005432;15,17594;43,98822;17,32063;12,27379;53,86305;28,61881;9,517192;4,743576;-7,310986;8,155345;16,09325;-22,52841;25,97237;36,06462;-1,394749;21,66688;29,88124;3,167152;14,73874;20,48921;-8,884906;18,33057;9,821176;-9,812235;12,91966;22,83096;-24,07157;30,97343;38,8627;-7,35712;27,70185;34,29222;-3,921389;22,53055;25,77066;-14,84065;25,78139;12,74239;10,74577;1,98983;0,416293;60,06445;-18,03142;68,09438;46,22783;-10,87913;17,87844;3,505708;3,730246;-6,852345;83,55197;3,571825;3,793696;-12,07349;83,49255;103,3226;93,87175;-13,368;83,17043;103,312;94,14545;-4,391098;7,062263;0,000458;-0,000229;-1,878719;0,116272;-0,003347;0,003147;0;0;0;0;0;0;0;0;0;0;0;0;-131,1768;210,3332;0,054932;200,4455;97,39722;165,1519;0;0,567341;0;0;0;0;0;0;0;0;0;0;0;0
140;2240;00:00:02:320;0;0;0;-1,372454;4,216626;2,417753;-1,31418;2,765941;6,948257;-4,316825;0,113819;7,73731;-6,61437;-1,12158;6,020801;-1,790078;3,14516;2,374508;-7,46191;5,174306;6,930873;-10,54177;5,158363;10,97294;-12,05319;5,098414;13,21601;-13,14363;5,007256;15,07285;-2,34156;1,779049;2,296018;-8,288249;3,066529;6,768905;-5,772362;1,533793;11,57029;-4,249945;0,668501;14,07351;-2,864803;-0,070012;16,03593;-2,87832;0,558153;2,171954;-8,553992;0,98653;6,145229;-6,300732;-0,292523;10,4014;-4,213242;-0,301256;8,539443;-5,931812;0,544202;6,866141;-3,380948;-0,63685;2,07846;-8,360686;-1,196909;5,214326;-6,597009;-2,237851;8,612048;-5,064379;-2,213381;7,277895;-6,619641;-1,446712;5,758592;-52,40387;-4,129141;67,18472;10,3922;14,49297;-51,46531;78,48658;14,49301;-51,46533;124,6669;14,89738;-51,65125;124,6669;14,89738;-51,65126;-52,78386;-4,129139;67,18471;-36,00033;-10,52194;76,18803;-32,38145;-10,95966;75,58304;-28,47939;-11,43807;74,69867;-28,52052;-11,32717;74,90704;-53,28553;-7,793384;72,00925;30,50414;-8,401512;72,57781;33,82193;-9,489117;74,21124;37,39191;-10,61263;75,48225;37,42393;-10,48114;75,30738;-54,22652;-11,71805;77,35847;29,75941;-10,2825;77,75689;132,7737;-11,42892;79,37209;-132,6696;-13,896;76,28762;-132,7153;-14,09487;76,47671;-56,27954;-17,14418;85,28651;29,17073;-11,22944;78,6824;132,1982;-12,19814;80,06964;-132,9393;-14,66955;77,01891;-132,9904;-14,87741;77,21912;0;0;0;292,8864;-250,3228;72,43793;229,7557;-405,3072;-59,85197;197,518;-232,6347;13,26174;206,8907;-24,27419;136,4419;249,0657;-189,0721;74,89812;588,6884;-308,7193;254,2351;718,0345;-400,9681;296,7145;779,7288;-456,3548;310,6253;822,6018;-505,6158;314,2844;193,7959;-109,2542;79,43395;502,3373;-184,4202;261,0954;345,5784;-428,4271;11,11239;252,4519;-559,6296;-129,7097;169,0806;-666,1145;-249,6482;145,7895;-33,94082;86,71792;394,945;-57,4942;254,1707;259,5235;-277,9349;32,8238;174,3938;-256,5912;-16,96077;277,1401;-157,6234;112,8226;98,0819;37,71298;92,17357;263,6719;73,59969;232,2637;155,7621;-100,397;56,81227;95,09926;-87,60597;19,98487;188,1465;2,128947;137,578;0;0;0;13,78012;7,543086;-5,434155;45,42017;4,260063;5,361914;41,27383;12,15362;17,82596;22,07136;19,87248;21,75665;11,68728;8,236884;-2,181172;26,69621;28,24688;7,450103;9,438514;51,49555;11,00778;0,626564;63,73786;12,73012;-6,048202;73,33945;13,91459;8,964299;9,113788;2,013087;22,39036;29,46639;13,86166;31,31818;34,73568;10,84417;35,84861;37,09316;8,888482;39,2847;38,58089;7,022381;6,396532;9,866774;5,870103;17,00592;28,68533;18,84842;25,06256;33,31375;15,95378;20,45488;25,56038;10,86831;17,92431;25,29216;13,34095;3,953576;10,61887;9,588717;10,65874;26,41189;22,92537;17,05313;30,17449;20,74134;13,81195;24,54757;16,9462;11,51776;24,29276;19,17672;12,73316;10,7456;1,988797;0,417723;60,01211;-17,94748;68,09437;46,22783;-10,97603;17,88447;3,505708;3,730194;-6,852345;83,55197;3,571825;3,793696;-12,07349;83,49255;103,3226;93,87175;-13,368;83,17043;103,312;94,14545;-3,140487;5,036087;-0,000458;0,000458;-5,814228;0,361633;0;-0,003147;0;0;0;0;0;0;0;0;0;0;0;0;75,03663;-121,5706;-0,054932;0,041199;-236,1305;14,72168;0,200844;-0,377655;0;0;0;0;0;0;0;0;0;0;0;0
141;2256;00:00:02:336;0;0;0;-1,384497;4,215065;2,413606;-1,340095;2,765199;6,94453;-4,342498;0,109906;7,723779;-6,632811;-1,128305;5,999646;-1,800886;3,143176;2,368958;-7,489352;5,166231;6,907259;-10,58355;5,141016;10,93831;-12,10283;5,076307;13,17594;-13,1997;4,981525;15,0288;-2,350718;1,776507;2,288618;-8,313014;3,057621;6,742515;-5,810953;1,527143;11,55184;-4,295677;0,663243;14,05987;-2,916072;-0,073982;16,02667;-2,88583;0,555072;2,162759;-8,574633;0,977393;6,117863;-6,33371;-0,299635;10,38115;-4,24026;-0,306115;8,525887;-5,954325;0,537695;6,847141;-3,386935;-0,640438;2,067581;-8,376117;-1,205788;5,187448;-6,622268;-2,245149;8,590737;-5,085398;-2,219027;7,2615;-6,636568;-1,453848;5,737271;-52,57209;-4,203552;67,25546;10,54387;14,36344;-51,36454;78,63828;14,36349;-51,36454;124,8193;14,76832;-51,54922;124,8193;14,76833;-51,54924;-52,95209;-4,203548;67,25547;-36,191;-10,61478;76,33541;-32,57139;-11,05448;75,7317;-28,66813;-11,53575;74,84866;-28,70954;-11,42418;75,0567;-53,46061;-7,853397;72,09162;30,32821;-8,459809;72,66214;33,64386;-9,542427;74,29923;37,21207;-10,66203;75,57399;37,24432;-10,53108;75,39867;-54,40864;-11,76161;77,45406;29,5779;-10,32484;77,84789;132,5904;-11,4662;79,46698;-132,8524;-13,94289;76,39012;-132,8985;-14,14117;76,57989;-56,47065;-17,1627;85,40141;28,98798;-11,26889;78,77657;132,0138;-12,23323;80,16714;-133,1234;-14,71414;77,1241;-133,1748;-14,92139;77,32505;0;0;0;293,5421;-249,9956;72,2376;230,9884;-404,8034;-59,94513;198,5802;-231,7765;13,71655;207,5326;-23,23782;137,2547;249,6173;-188,7096;74,83228;589,9272;-307,4529;254,6195;719,4714;-398,6042;297,4558;781,2786;-453,4153;311,5466;824,2471;-502,2271;315,3402;194,2124;-108,8467;79,54166;503,3631;-183,09;261,7449;346,9864;-426,9331;11,61361;254,0529;-558,0697;-129,3033;170,8274;-664,5208;-249,3321;146,0792;-33,49363;86,98553;395,7097;-56,19076;255,0218;260,6344;-276,4883;33,53432;175,2999;-255,4927;-16,47708;277,9422;-156,5039;113,4239;98,25059;38,1993;92,59519;264,1323;74,80839;233,2749;156,497;-99,07089;57,7168;95,69031;-86,53264;20,72029;188,6429;3,220964;138,4198;0;0;0;39,34049;19,62805;-12,01916;73,9603;30,22384;-5,589723;63,73715;51,49698;27,2888;38,51652;62,18164;48,77042;33,09774;21,75093;-3,950357;74,33223;75,98876;23,05984;86,21406;141,8338;44,48032;92,98324;176,3649;55,28069;98,71673;203,3215;63,34876;24,9846;24,44601;6,461978;61,54918;79,80751;38,96713;84,47885;89,6387;30,07292;96,0617;93,59264;24,38664;104,8086;95,62396;18,96286;17,38071;26,83139;16,05677;45,88222;78,20641;51,06497;66,65038;86,79628;42,63103;54,36945;65,90795;29,0215;48,1224;67,17037;36,08107;10,12123;29,17885;25,29716;27,62175;72,52156;60,67514;44,09337;79,56934;54,27182;35,46273;64,39983;44,12502;29,78325;65,52101;50,5085;12,72712;10,74556;1,988504;0,41813;59,99715;-17,92356;68,09437;46,22783;-11,04726;17,88893;3,505763;3,730246;-6,852345;83,55197;3,571825;3,793696;-12,07349;83,49255;103,3226;93,87175;-13,368;83,17043;103,312;94,14545;-0,897446;1,435547;0;0;-4,273853;0,267448;0,003347;0,003147;0;0;0;0;0;0;0;0;0;0;0;0;134,5825;-216,0324;0,027466;-0,027466;92,42245;-5,651091;0,200844;0,377655;0;0;0;0;0;0;0;0;0;0;0;0
142;2272;00:00:02:352;0;0;0;-1,388664;4,216558;2,408599;-1,350558;2,769353;6,940432;-4,35383;0,114252;7,716981;-6,641586;-1,125174;5,990327;-1,804853;3,144587;2,364061;-7,500424;5,170069;6,892358;-10,60114;5,145498;10,9184;-12,12402;5,081228;13,1536;-13,22384;4,986875;15,00473;-2,354394;1,777794;2,283833;-8,323576;3,061243;6,727823;-5,828605;1,534394;11,54198;-4,317017;0,672413;14,0529;-2,940299;-0,063284;16,02229;-2,889165;0,556207;2,158009;-8,583995;0,980552;6,104212;-6,349366;-0,293256;10,37176;-4,253112;-0,300757;8,519673;-5,96474;0,541683;6,837755;-3,389979;-0,63943;2,062898;-8,383803;-1,203246;5,175606;-6,634976;-2,240042;8,58226;-5,096102;-2,214645;7,255332;-6,64506;-1,45071;5,72823;-52,66755;-4,200575;67,26952;10,5877;14,28647;-51,34861;78,68211;14,28651;-51,34862;124,8634;14,69147;-51,53291;124,8634;14,69149;-51,53294;-53,04753;-4,200572;67,26952;-36,28923;-10,61043;76,37669;-32,66981;-11,05113;75,77377;-28,76676;-11,5339;74,89159;-28,80813;-11,42198;75,09944;-53,55611;-7,842402;72,11172;30,23267;-8,447865;72,68324;33,54842;-9,527785;74,3221;37,11666;-10,6453;75,59871;37,14889;-10,51464;75,42316;-54,5038;-11,74181;77,48051;29,48334;-10,3044;77,87187;132,4961;-11,44314;79,49279;-132,9488;-13,92482;76,4204;-132,9948;-14,12279;76,6105;-56,56435;-17,13021;85,43609;28,89347;-11,24694;78,80209;131,9196;-12,20904;80,19417;-133,2198;-14,69489;77,15565;-133,2712;-14,9018;77,35693;0;0;0;294,2646;-249,902;72,4864;232,5253;-404,7719;-59,75161;200,1036;-231,554;14,49989;208,632;-22,83965;138,512;250,2658;-188,5905;75,1653;591,5737;-306,9684;256,0363;721,8702;-397,5639;299,5124;784,0923;-452,0897;313,919;827,4024;-500,6843;317,9422;194,7618;-108,6942;79,9857;504,849;-182,5556;263,3283;349,3018;-426,5341;12,72069;256,7968;-557,7542;-128,4848;173,9035;-664,2825;-248,7765;146,5298;-33,30875;87,53722;396,9482;-55,64252;256,6638;262,613;-276,0615;34,74936;176,921;-255,2012;-15,6637;279,2929;-156,1135;114,5639;98,6098;38,41459;93,24791;265,0582;75,34109;234,8876;158,0125;-98,63298;58,99545;96,95144;-86,19388;21,70394;189,6585;3,649112;139,699;0;0;0;43,35594;5,619049;14,9281;92,21362;1,891136;11,6111;91,40253;13,34667;47,00026;65,96088;23,89043;75,4373;38,90848;7,144689;19,98067;98,79111;29,06942;85,01243;143,9295;62,42036;123,3973;168,8232;79,53929;142,3445;189,3196;92,56839;156,116;32,96828;9,150266;26,64292;89,15233;32,06706;95,00312;138,9255;23,94104;66,42495;164,6347;18,92853;49,1116;184,5682;14,29367;33,3395;27,03667;11,09308;33,10132;74,30791;32,89425;98,52075;118,7196;25,60472;72,90244;97,26333;17,49229;48,80279;81,04562;23,42391;68,39919;21,5528;12,9177;39,16311;55,55105;31,96227;96,76408;90,93188;26,27492;76,71904;75,66797;20,32578;59,01932;60,93692;25,68883;76,75409;12,72567;10,74558;1,988634;0,417948;60,00384;-17,93424;68,09437;46,22783;-11,06854;17,89026;3,505819;3,730246;-6,852345;83,55197;3,571825;3,793696;-12,07349;83,49255;103,3226;93,87175;-13,368;83,17043;103,312;94,14545;0,40123;-0,641212;0;-0,000458;-1,276646;0,080109;0,003347;0;0;0;0;0;0;0;0;0;0;0;0;0;77,92052;-124,6055;0;-0,027466;179,8325;-11,24039;0;-0,188828;0;0;0;0;0;0;0;0;0;0;0;0
143;2288;00:00:02:368;0;0;0;-1,391946;4,218606;2,403112;-1,357278;2,773191;6,935544;-4,361321;0,118625;7,710939;-6,647906;-1,121309;5,983098;-1,80798;3,146554;2,359047;-7,509162;5,175593;6,878682;-10,61589;5,149415;10,90008;-12,14207;5,08443;13,133;-13,24458;4,989628;14,98251;-2,357296;1,779638;2,279399;-8,331918;3,066542;6,715071;-5,84257;1,544293;11,5336;-4,333911;0,684732;14,0471;-2,959483;-0,049049;16,01881;-2,891801;0,557886;2,154042;-8,591393;0,985262;6,093036;-6,361757;-0,284465;10,36441;-4,263286;-0,293444;8,514842;-5,972977;0,547308;6,830112;-3,392387;-0,637885;2,059415;-8,389883;-1,199357;5,166649;-6,64504;-2,232898;8,576332;-5,10458;-2,208557;7,251226;-6,651779;-1,446155;5,72158;-52,75113;-4,179198;67,28107;10,60697;14,24249;-51,34823;78,70135;14,24252;-51,34824;124,8829;14,64756;-51,53236;124,8829;14,64757;-51,53239;-53,13111;-4,179199;67,28107;-36,37822;-10,61454;76,44421;-32,75888;-11,05618;75,84196;-28,85589;-11,54028;74,96053;-28,89724;-11,42804;75,16822;-53,63814;-7,814062;72,12836;30,15081;-8,418706;72,70068;33,4672;-9,496327;74,34096;37,03588;-10,61205;75,61903;37,06805;-10,48165;75,44334;-54,5837;-11,70599;77,50217;29,40406;-10,26805;77,89148;132,4176;-11,4046;79,51379;-133,0301;-13,89043;76,44537;-133,0761;-14,08815;76,63574;-56,64025;-17,08389;85,46387;28,81456;-11,20932;78,82289;131,8414;-12,16955;80,21615;-133,3009;-14,65951;77,18165;-133,3523;-14,86614;77,38322;0;0;0;294,5146;-249,9915;72,78679;233,0647;-405,0849;-59,65371;200,6996;-231,8752;14,7673;209,1233;-23,05374;139,0123;250,5038;-188,6752;75,45908;592,238;-307,1986;256,9304;722,6199;-397,8344;300,6469;784,8979;-452,3872;315,1678;828,2613;-501,0081;319,2706;194,9824;-108,7715;80,27277;505,4827;-182,7729;264,2098;350,3609;-426,9691;13,31216;258,0772;-558,3044;-128,0664;175,3571;-664,9244;-248,5136;146,73;-33,37683;87,82225;397,5099;-55,83207;257,4828;263,5524;-276,4442;35,31253;177,6921;-255,5226;-15,29091;279,9178;-156,3528;115,127;98,79246;38,35415;93,52887;265,5193;75,18856;235,5981;158,7751;-98,93945;59,50409;97,59369;-86,45677;22,07409;190,168;3,460843;140,2415;0;0;0;14,99891;-5,373001;18,02301;32,36246;-18,78261;5,874037;35,75706;-19,27328;16,04497;29,47569;-12,8451;30,01785;14,27937;-5,080461;17,62676;39,85977;-13,81445;53,64418;44,98386;-16,22772;68,06945;48,33698;-17,85278;74,92446;51,53275;-19,4292;79,7038;13,23509;-4,634857;17,22443;38,02585;-13,03911;52,8903;63,54617;-26,10111;35,4883;76,82418;-33,01334;25,09975;87,21613;-38,51223;15,77139;12,00843;-4,085004;17,10176;33,70428;-11,37257;49,14093;56,36358;-22,96257;33,79047;46,26846;-19,28758;22,36694;37,4937;-14,35375;33,78725;10,95951;-3,626346;16,8575;27,67181;-9,152054;42,62781;45,75061;-18,38779;30,51817;38,53511;-15,77389;22,20869;30,56931;-11,2961;32,54699;12,72199;10,74568;1,989283;0,417051;60,03669;-17,98688;68,09438;46,22783;-11,12877;17,89405;3,505819;3,730246;-6,852345;83,55197;3,571825;3,793696;-12,07349;83,49255;103,3226;93,87175;-13,368;83,17043;103,312;94,14545;1,970672;-3,157882;0,000458;0,000229;-3,613815;0,227394;0;0;0;0;0;0;0;0;0;0;0;0;0;0;94,16656;-151,0002;0,027466;0,041199;-140,2302;8,837127;-0,200844;0;0;0;0;0;0;0;0;0;0;0;0;0
144;2304;00:00:02:384;0;0;0;-1,394958;4,219255;2,400224;-1,358623;2,778263;6,934051;-4,360152;0,12167;7,712236;-6,645711;-1,122053;5,985765;-1,810082;3,146814;2,357089;-7,511857;5,174432;6,876615;-10,61847;5,144803;10,89808;-12,14451;5,078197;13,13105;-13,24685;4,982292;14,9806;-2,358244;1,779365;2,278631;-8,332842;3,064549;6,714835;-5,840963;1,548142;11,5339;-4,330928;0,69181;14,04768;-2,95537;-0,039276;16,01959;-2,891731;0,557059;2,154349;-8,590688;0,98257;6,094465;-6,358878;-0,28196;10,36624;-4,260868;-0,290558;8,51615;-5,971709;0,54743;6,831212;-3,391315;-0,639214;2,060769;-8,387537;-1,202587;5,169706;-6,64094;-2,232008;8,579739;-5,100839;-2,207364;7,254221;-6,64908;-1,447465;5,724384;-52,75467;-4,132948;67,33051;10,56785;14,20178;-51,30481;78,66223;14,20182;-51,30481;124,8438;14,60672;-51,48919;124,8438;14,60674;-51,48921;-53,13467;-4,132945;67,33052;-36,38108;-10,59832;76,52964;-32,76191;-11,03999;75,92745;-28,85917;-11,52415;75,04607;-28,90047;-11,41189;75,25375;-53,63775;-7,767673;72,17748;30,15166;-8,372334;72,74976;33,4694;-9,449989;74,38979;37,03914;-10,56577;75,66762;37,07117;-10,43537;75,49198;-54,57888;-11,65985;77,55039;29,40918;-10,22193;77,93976;132,4241;-11,35864;79,56171;-133,0261;-13,84422;76,49362;-133,0719;-14,04195;76,68393;-56,62865;-17,03885;85,50966;28,82046;-11,16329;78,87093;131,8484;-12,12368;80,26385;-133,2963;-14,61333;77,22969;-133,3475;-14,81998;77,43117;0;0;0;294,7116;-250,1144;73,11603;233,5025;-405,2903;-59,30252;201,1819;-232,114;15,18483;209,5162;-23,27544;139,4691;250,6914;-188,7933;75,75993;592,7623;-307,5301;257,751;723,2666;-398,0706;301,6995;785,6174;-452,5811;316,3321;829,0451;-501,1755;320,5128;195,1565;-108,8821;80,5388;505,9832;-183,0908;264,9749;351,1988;-427,563;13,81525;259,0909;-559,0436;-127,7187;176,5081;-665,7785;-248,3047;146,8881;-33,47757;88,06027;397,9538;-56,11466;258,1534;264,2959;-276,9717;35,75357;178,3025;-255,9614;-15,00106;280,412;-156,6903;115,5856;98,93694;38,26141;93,73787;265,8841;74,95522;236,1356;159,3789;-99,36806;59,85975;98,10237;-86,82205;22,3204;190,5711;3,187548;140,6405;0;0;0;11,81602;-7,372855;19,75429;26,26705;-12,31956;21,07143;28,93924;-14,32657;25,05183;23,57912;-13,30242;27,40717;11,25955;-7,083893;18,05127;31,45694;-19,88983;49,23391;38,80119;-14,17208;63,15135;43,16711;-11,63006;69,86189;47,02949;-10,04791;74,53394;10,44774;-6,636858;15,96129;30,03215;-19,07587;45,90654;50,27533;-35,6369;30,18558;60,81962;-44,34871;20,86758;69,06151;-51,24664;12,537;9,487866;-6,044089;14,28151;26,63469;-16,95585;40,23599;44,60764;-31,6472;26,46267;36,62538;-26,3257;17,39144;29,65307;-20,25103;27,51446;8,668899;-5,564153;12,54022;21,88682;-14,00006;32,24659;36,23128;-25,71702;21,33965;30,52103;-21,91651;14,77897;24,1878;-16,39768;23,94318;12,71791;10,74564;1,989028;0,417402;60,02383;-17,96626;68,09437;46,22783;-11,17579;17,89703;3,505763;3,730246;-6,852345;83,55197;3,571825;3,793696;-12,07349;83,49255;103,3226;93,87175;-13,368;83,17043;103,312;94,14545;-0,771561;1,236763;-0,000458;0;-2,821197;0,178757;-0,003347;0;0;0;0;0;0;0;0;0;0;0;0;0;-164,534;263,6787;-0,054932;-0,013733;47,55706;-2,918243;-0,200844;0;0;0;0;0;0;0;0;0;0;0;0;0
145;2320;00:00:02:400;0;0;0;-1,394256;4,218623;2,401744;-1,354288;2,776703;6,935245;-4,354724;0,119365;7,715101;-6,651784;-1,141665;6,016674;-1,809175;3,146097;2,358742;-7,508336;5,171852;6,8824;-10,6134;5,136064;10,90501;-12,13853;5,066239;13,1385;-13,24008;4,967831;14,98839;-2,357092;1,778539;2,280468;-8,32897;3,061812;6,720886;-5,833504;1,54529;11,53805;-4,321583;0,688943;14,0507;-2,944532;-0,042111;16,02158;-2,890396;0,556133;2,156379;-8,58678;0,979861;6,100404;-6,351808;-0,284765;10,3705;-4,255048;-0,292653;8,518989;-5,96721;0,545193;6,83532;-3,389782;-0,640236;2,062973;-8,38378;-1,205125;5,175209;-6,634654;-2,234631;8,58392;-5,095452;-2,209469;7,257365;-6,644894;-1,4497;5,728678;-52,71582;-4,125255;67,34023;10,54137;14,23749;-51,30015;78,63577;14,23754;-51,30016;124,2047;14,64237;-51,48475;124,2047;14,64237;-51,48479;-53,09581;-4,125258;67,34023;-36,34957;-10,63515;76,58176;-32,72997;-11,07648;75,97926;-28,8266;-11,56015;75,09749;-28,86805;-11,44801;75,30527;-53,59812;-7,763288;72,18463;30,1914;-8,36834;72,75648;33,50936;-9,447122;74,39574;37,07928;-10,56379;75,67278;37,11129;-10,43325;75,4972;-54,53855;-11,65916;77,55475;29,44933;-10,22152;77,94516;132,4644;-11,35933;79,56627;-132,9854;-13,8428;76,49639;-133,0312;-14,04066;76,68655;-56,58764;-17,04363;85,51015;28,86073;-11,16352;78,87566;131,8888;-12,12486;80,26787;-133,2555;-14,61241;77,23187;-133,3066;-14,81922;77,43322;0;0;0;294,8922;-250,1533;73,2893;233,5711;-405,6033;-59,23314;201,1003;-232,3049;15,08787;208,3025;-24,45993;140,4624;250,8176;-188,8088;75,87741;592,924;-307,4604;257,875;723,1176;-397,7953;301,7593;785,3013;-452,2093;316,3575;828,595;-500,7381;320,5106;195,2134;-108,8657;80,58487;506,0387;-182,9713;264,989;351,1024;-427,794;13,79737;258,9119;-559,4682;-127,753;176,2614;-666,3649;-248,3518;146,8839;-33,42794;88,04182;397,9114;-55,95312;258,0677;264,1231;-277,122;35,64342;178,1575;-256,1346;-15,07956;280,336;-156,6976;115,5197;98,87261;38,34114;93,65663;265,7434;75,14903;235,9521;159,1329;-99,42143;59,65536;97,87789;-86,89364;22,1407;190,4092;3,26616;140,4723;0;0;0;10,84042;-2,336025;10,39624;4,118442;-18,77975;4,162788;-4,89521;-11,45553;-5,817711;-72,82304;-71,06915;59,59582;7,567405;-0,933409;7,048845;9,698867;4,182815;7,44152;-8,940696;16,51668;3,592014;-18,96286;22,30453;1,523495;-27,00806;26,24702;-0,134468;3,41177;0,982046;2,764106;3,324509;7,174729;0,849724;-5,782127;-13,8588;-1,072883;-10,74028;-25,47741;-2,059936;-14,80579;-35,18486;-2,82669;-0,25034;2,977252;-1,107216;-2,543449;9,69243;-5,144119;-10,36549;-9,020804;-6,608963;-8,703946;-10,3898;-4,709959;-4,563331;-0,439882;-3,956079;-3,859519;4,78363;-4,874467;-8,445739;11,62827;-11,00635;-14,76002;-3,202558;-12,26306;-13,46898;-4,295468;-10,78248;-9,714602;4,716664;-10,09512;12,69737;10,72618;1,996074;0,421752;60,02831;-17,97344;68,09437;45,61537;-11,23563;17,90082;3,505763;3,730246;-6,852345;83,55197;3,571825;3,793696;-12,07349;83,49255;103,3226;93,87175;-13,368;83,17043;103,312;94,14545;0,269165;-0,430527;0;-36,74743;-3,59024;0,227394;0;0;0;0;0;0;0;0;0;0;0;0;0;0;62,44353;-100,0374;0,027466;-2204,846;-46,14257;2,918243;0,200844;0;0;0;0;0;0;0;0;0;0;0;0;0
146;2336;00:00:02:416;0;0;0;-1,395146;4,218867;2,400798;-1,352475;2,777437;6,93443;-4,351703;0,119256;7,71606;-6,64922;-1,142659;6,01891;-1,809669;3,146169;2,358268;-7,508247;5,171213;6,882977;-10,61249;5,133853;10,9062;-12,13714;5,063287;13,14;-13,23825;4,96437;14,99013;-2,357087;1,778377;2,2806;-8,328125;3,060808;6,722391;-5,830637;1,546796;11,5393;-4,317636;0,691839;14,05177;-2,939716;-0,038052;16,02247;-2,889962;0,555727;2,157065;-8,585327;0,978558;6,10266;-6,348592;-0,283834;10,3725;-4,252383;-0,291521;8,520358;-5,96537;0,545126;6,836933;-3,388919;-0,640862;2,064195;-8,381768;-1,20665;5,178111;-6,631228;-2,234386;8,58663;-5,092434;-2,209066;7,259606;-6,642624;-1,450382;5,731138;-52,70709;-4,101546;67,36147;10,51449;14,25066;-51,28913;78,60887;14,25069;-51,28913;124,1778;14,65544;-51,47394;124,1778;14,65545;-51,47395;-53,08709;-4,101542;67,36147;-36,33991;-10,62621;76,61739;-32,72037;-11,06746;76,01479;-28,81715;-11,55097;75,13299;-28,85856;-11,43887;75,34077;-53,58734;-7,740401;72,20505;30,20243;-8,345566;72,77676;33,52107;-9,424669;74,41568;37,09155;-10,54159;75,6924;37,12348;-10,41102;75,51687;-54,5255;-11,63736;77,574;29,46247;-10,19982;77,96468;132,4782;-11,33802;79,5854;-132,9727;-13,82078;76,51521;-133,0184;-14,01868;76,7053;-56,57125;-17,02382;85,52721;28,87427;-11,14203;78,89491;131,9029;-12,1037;80,28677;-133,2424;-14,59056;77,25045;-133,2934;-14,7974;77,45172;0;0;0;294,8501;-250,1154;73,19813;233,2732;-405,5369;-59,36814;200,7387;-232,1925;14,85577;208,6516;-23,29464;138,5822;250,7632;-188,7658;75,77821;592,7128;-307,3056;257,5279;722,7098;-397,2715;301,323;784,7847;-451,4926;315,879;827,9882;-499,8715;320,0031;195,1443;-108,8161;80,47465;505,8063;-182,8071;264,626;350,6549;-427,6229;13,54793;258,3512;-559,2963;-127,9341;175,6111;-666,1948;-248,4712;146,8038;-33,37239;87,92001;397,677;-55,79059;257,7113;263,6989;-276,9537;35,38799;177,8083;-256,0089;-15,24983;280,066;-156,5634;115,2731;98,78062;38,40247;93,52438;265,5179;75,30132;235,6219;158,7557;-99,26405;59,40449;97,55471;-86,76733;21,95205;190,1581;3,400225;140,2146;0;0;0;-2,526283;2,275944;-5,470275;-17,87567;3,979682;-8,10027;-21,69657;6,744862;-13,92603;20,94555;69,91714;-112,8109;-3,264427;2,582073;-5,952;-12,67147;9,28688;-20,82538;-24,46747;31,42976;-26,17836;-30,99918;43,00117;-28,71036;-36,40365;51,99909;-30,44843;-4,148483;2,974033;-6,612897;-13,9389;9,852647;-21,7824;-26,85356;10,26821;-14,96672;-33,64277;10,31685;-10,86831;-39,01505;10,20813;-7,16257;-4,807233;3,332913;-7,308482;-14,06479;9,751796;-21,38328;-25,45166;10,09798;-15,32614;-20,95198;7,538795;-10,21653;-16,19768;8,054494;-14,79292;-5,519986;3,67999;-7,935046;-13,52835;9,137391;-19,80972;-22,63284;9,442805;-15,05256;-19,39094;7,578491;-11,31892;-15,06901;8,043944;-15,46025;12,69621;10,72622;1,996354;0,421367;60,04238;-17,99599;68,09438;45,61538;-11,2561;17,90213;3,505819;3,730246;-6,852345;83,55197;3,571825;3,793696;-12,07349;83,49255;103,3226;93,87175;-13,368;83,17043;103,312;94,14545;0,843887;-1,352806;0,000458;0,000229;-1,228237;0,078621;0,003347;0;0;0;0;0;0;0;0;0;0;0;0;0;34,48333;-55,33675;0,027466;2204,86;141,7202;-8,926391;0,200844;0;0;0;0;0;0;0;0;0;0;0;0;0
147;2352;00:00:02:432;0;0;0;-1,402056;4,218324;2,397723;-1,35717;2,777362;6,931482;-4,353001;0,115506;7,713629;-6,649094;-1,149435;6,016805;-1,815035;3,145011;2,355684;-7,518196;5,164671;6,877025;-10,62457;5,122515;10,89856;-12,15029;5,049658;13,13155;-13,25224;4,949147;14,98109;-2,360476;1,776395;2,278637;-8,335008;3,053005;6,717406;-5,837184;1,545459;11,53617;-4,323916;0,694174;14,04972;-2,945702;-0,032565;16,02139;-2,891563;0,552914;2,155642;-8,589011;0,970017;6,098837;-6,352092;-0,286611;10,37028;-4,255177;-0,292432;8,518932;-5,968718;0,540759;6,834356;-3,388782;-0,64444;2,063307;-8,381993;-1,215456;5,175685;-6,631278;-2,238641;8,585483;-5,092022;-2,211931;7,259023;-6,642714;-1,456378;5,729514;-52,74039;-4,077893;67,4454;10,50691;14,24984;-51,21934;78,60129;14,24987;-51,21935;124,1702;14,65461;-51,40423;124,1702;14,65461;-51,40423;-53,12039;-4,077888;67,44542;-36,37431;-10,61924;76,73109;-32,75492;-11,06082;76,12884;-28,85186;-11,54487;75,24735;-28,89322;-11,43265;75,45502;-53,61872;-7,714027;72,29082;30,17124;-8,318866;72,86284;33,49058;-9,397099;74,50224;37,06159;-10,51337;75,77946;37,09345;-10,38288;75,60385;-54,5546;-11,60819;77,66142;29,4337;-10,17043;78,05134;132,4501;-11,30785;79,67249;-133,0026;-13,79212;76,6039;-133,0482;-13,98993;76,7941;-56,59655;-16,99098;85,61617;28,8459;-11,1122;78,98195;131,8752;-12,07321;80,37415;-133,272;-14,56154;77,33949;-133,323;-14,76828;77,54084;0;0;0;294,9036;-250,1301;73,2549;233,0753;-405,6451;-59,46832;200,4729;-232,2467;14,65684;208,4619;-23,26174;138,388;250,7928;-188,7701;75,80672;592,7075;-307,2672;257,4933;722,4828;-397,1396;301,217;784,4383;-451,3167;315,736;827,5457;-499,6653;319,8325;195,144;-108,8064;80,46678;505,7557;-182,7468;264,5357;350,4828;-427,7133;13,47309;258,1143;-559,47;-127,9984;175,3222;-666,4383;-248,5248;146,7778;-33,34806;87,87883;397,5898;-55,71238;257,5759;263,506;-277,0096;35,26832;177,6484;-256,0768;-15,332;279,9556;-156,5593;115,1764;98,72887;38,44004;93,45103;265,3972;75,39281;235,4478;158,5502;-99,27876;59,24186;97,37366;-86,79152;21,81758;190,0219;3,441174;140,067;0;0;0;3,207207;-0,881195;3,406405;-11,87324;-6,485939;-6,010651;-15,94591;-3,254414;-11,93583;-11,38258;1,974106;-11,65152;1,778126;-0,258923;1,710176;-0,320435;2,301693;-2,078533;-13,62133;7,910728;-6,361485;-20,78247;10,55431;-8,578776;-26,55029;12,3682;-10,23531;-0,015736;0,582933;-0,472069;-3,041267;3,617048;-5,417346;-10,324;-5,421638;-4,490017;-14,20784;-10,42557;-3,856658;-17,33708;-14,61124;-3,218651;-1,561403;1,459837;-2,470851;-5,23138;4,692435;-8,121013;-11,57713;-3,350258;-7,180273;-9,593009;-4,074096;-4,9299;-6,624699;0,240326;-5,8043;-3,104925;2,253771;-4,400968;-7,239818;5,48923;-10,44702;-12,33029;-0,882626;-9,757875;-10,86295;-1,450896;-8,068084;-8,172511;2,456903;-8,853435;12,69459;10,72633;1,997012;0,420466;60,07545;-18,04908;68,09438;45,61538;-11,29013;17,9043;3,505763;3,730246;-6,852345;83,55197;3,571825;3,793696;-12,07349;83,49255;103,3226;93,87175;-13,368;83,17043;103,312;94,14545;1,984177;-3,185577;0;0,000458;-2,041912;0,12989;-0,003347;0;0;0;0;0;0;0;0;0;0;0;0;0;68,41735;-109,9663;-0,027466;0,013733;-48,8205;3,076172;-0,401688;0;0;0;0;0;0;0;0;0;0;0;0;0
148;2368;00:00:02:448;0;0;0;-1,402056;4,218324;2,397723;-1,35717;2,777362;6,931482;-4,353001;0,115506;7,713629;-6,649094;-1,149435;6,016805;-1,815035;3,145011;2,355684;-7,518196;5,164671;6,877025;-10,62457;5,122515;10,89856;-12,15029;5,049658;13,13155;-13,25224;4,949147;14,98109;-2,360476;1,776395;2,278637;-8,335008;3,053005;6,717406;-5,837184;1,545459;11,53617;-4,323916;0,694174;14,04972;-2,945702;-0,032565;16,02139;-2,891563;0,552914;2,155642;-8,589011;0,970017;6,098837;-6,352092;-0,286611;10,37028;-4,255177;-0,292432;8,518932;-5,968718;0,540759;6,834356;-3,388782;-0,64444;2,063307;-8,381993;-1,215456;5,175685;-6,631278;-2,238641;8,585483;-5,092022;-2,211931;7,259023;-6,642714;-1,456378;5,729514;-52,74039;-4,077893;67,4454;10,50691;14,24984;-51,21934;78,60129;14,24987;-51,21935;124,1702;14,65461;-51,40423;124,1702;14,65461;-51,40423;-53,12039;-4,077888;67,44542;-36,37431;-10,61924;76,73109;-32,75492;-11,06082;76,12884;-28,85186;-11,54487;75,24735;-28,89322;-11,43265;75,45502;-53,61872;-7,714027;72,29082;30,17124;-8,318866;72,86284;33,49058;-9,397099;74,50224;37,06159;-10,51337;75,77946;37,09345;-10,38288;75,60385;-54,5546;-11,60819;77,66142;29,4337;-10,17043;78,05134;132,4501;-11,30785;79,67249;-133,0026;-13,79212;76,6039;-133,0482;-13,98993;76,7941;-56,59655;-16,99098;85,61617;28,8459;-11,1122;78,98195;131,8752;-12,07321;80,37415;-133,272;-14,56154;77,33949;-133,323;-14,76828;77,54084;0;0;0;295,3181;-250,0975;73,43939;233,3569;-405,6406;-59,29148;200,5508;-232,0218;14,80271;208,4543;-22,85521;138,5143;251,1147;-188,7007;75,9617;593,3044;-306,8747;257,8504;723,207;-396,4593;301,6753;785,2275;-450,499;316,2434;828,3847;-498,752;320,3744;195,3473;-108,6875;80,58452;506,1686;-182,2786;264,8348;350,8757;-427,6331;13,66103;258,4912;-559,6101;-127,8756;175,6813;-666,7676;-248,4596;146,8738;-33,17927;87,96426;397,8108;-55,19995;257,8053;263,716;-276,8429;35,40154;177,8161;-256,0222;-15,24643;280,1564;-156,2974;115,331;98,72062;38,65472;93,50433;265,4107;75,92118;235,5934;158,5532;-99,02348;59,3107;97,34889;-86,61958;21,85258;190,0272;3,800925;140,1645;0;0;0;24,87373;1,955509;11,06965;16,90006;0,268936;10,61082;4,673481;13,49831;8,752048;-0,453472;24,39201;7,579564;19,31763;4,165649;9,299039;35,81714;23,55051;21,42763;43,45607;40,81678;27,50015;47,35565;49,06654;30,44414;50,33684;54,80003;32,51409;12,20012;7,133245;7,064223;24,77646;28,09167;17,94433;23,57197;4,81224;11,27601;22,61066;-8,402823;7,364987;21,54922;-19,75536;3,911018;5,764246;10,12766;5,126237;13,26084;30,74598;13,76438;12,60138;9,997844;7,992982;10,06007;3,278732;5,133748;12,05063;15,71917;9,275435;-0,494599;12,88104;3,197908;0,80967;31,70228;8,734702;0,180244;15,31684;4,130601;-1,485944;10,31577;2,100169;0,321865;21,58505;5,847215;12,69459;10,72633;1,997012;0,420466;60,07545;-18,04908;68,09438;45,61538;-11,29013;17,9043;3,505763;3,730246;-6,852345;83,55197;3,571825;3,793696;-12,07349;83,49255;103,3226;93,87175;-13,368;83,17043;103,312;94,14545;0;0;0;0;0;0;0;0;0;0;0;0;0;0;0;0;0;0;0;0;-119,0506;191,1346;0;-0,027466;122,5147;-7,793426;0,200844;0;0;0;0;0;0;0;0;0;0;0;0;0
149;2384;00:00:02:464;0;0;0;-1,40715;4,216455;2,398027;-1,372645;2,771699;6,930669;-4,370463;0,109449;7,703809;-6,662818;-1,153874;6,000736;-1,820121;3,143213;2,354162;-7,533365;5,159605;6,864215;-10,64848;5,116008;10,87897;-12,17908;5,042281;13,10859;-13,28507;4,940995;14,95568;-2,365498;1,774706;2,274744;-8,349986;3,04814;6,700994;-5,863231;1,536395;11,52416;-4,355742;0,682903;14,04044;-2,982066;-0,045583;16,01463;-2,896404;0,551371;2,149529;-8,602756;0,965686;6,080125;-6,375641;-0,294666;10,35559;-4,274529;-0,299128;8,509006;-5,984173;0,5356;6,821235;-3,39351;-0,645865;2,055075;-8,393821;-1,219039;5,155636;-6,650934;-2,245194;8,568551;-5,108668;-2,217514;7,245611;-6,655822;-1,460566;5,713211;-52,84259;-4,171591;67,44803;10,64212;14,20597;-51,19102;78,73653;14,20602;-51,19104;124,3058;14,61115;-51,37487;124,3058;14,61116;-51,37489;-53,22258;-4,171588;67,44803;-36,48919;-10,68268;76,7326;-32,86927;-11,12545;76,13109;-28,96536;-11,61121;75,25038;-29,00693;-11,49858;75,45789;-53,72923;-7,798771;72,30102;30,05976;-8,40253;72,8743;33,37638;-9,477564;74,51622;36,9452;-10,5913;75,79601;36,97734;-10,46117;75,62012;-54,674;-11,68231;77,68078;29,31438;-10,24378;78,06774;132,3283;-11,37783;79,69171;-133,1216;-13,8684;76,62762;-133,1676;-14,06582;76,81828;-56,7284;-17,04819;85,65005;28,72501;-11,18361;79,0006;131,7522;-12,14171;80,39522;-133,3924;-14,63632;77,36507;-133,4438;-14,84264;77,56697;0;0;0;295,3181;-250,0975;73,43939;233,3555;-405,6415;-59,29385;200,5494;-232,0228;14,80043;208,4538;-22,85556;138,5133;251,1147;-188,7007;75,9617;593,3044;-306,8747;257,8504;723,3073;-396,4588;301,6953;785,3801;-450,4983;316,2739;828,578;-498,7511;320,4131;195,3473;-108,6875;80,58452;506,1686;-182,2786;264,8348;350,8757;-427,6331;13,66103;258,4912;-559,6101;-127,8756;175,6813;-666,7676;-248,4596;146,8738;-33,17927;87,96426;397,8108;-55,19995;257,8053;263,716;-276,8429;35,40154;177,8161;-256,0222;-15,24643;280,1564;-156,2974;115,331;98,72062;38,65472;93,50433;265,4107;75,92118;235,5934;158,5532;-99,02348;59,3107;97,34889;-86,61958;21,85258;190,0272;3,800925;140,1645;0;0;0;0;0;0;-0,085831;-0,060081;-0,142336;-0,08297;-0,058651;-0,136793;-0,034332;-0,021458;-0,058651;0;0;0;0;0;0;6,011009;0,030041;1,20163;9,152411;0,042915;1,828193;11,59859;0,054359;2,32172;0;0;0;0;0;0;0;0;0;0;0;0;0;0;0;0;0;0;0;0;0;0;0;0;0;0;0;0;0;0;0;0;0;0;0;0;0;0;0;0;0;0;0;0;0;12,69617;10,72634;1,997023;0,420451;60,07597;-18,04992;68,09438;45,61538;-11,27038;17,90304;3,505763;3,730246;-6,852345;83,55197;3,571825;3,793696;-12,07349;83,49255;103,3226;93,87175;-13,368;83,17043;103,312;94,14545;0,031586;-0,050697;0;-0,000458;1,184807;-0,075302;0;0;0;0;0;0;0;0;0;0;0;0;0;0;1,895141;-3,041839;0;-0,027466;71,0884;-4,518127;0;0;0;0;0;0;0;0;0;0;0;0;0;0
150;2400;00:00:02:480;0;0;0;-1,416552;4,208746;2,40602;-1,390938;2,74812;6,933632;-4,38919;0,081862;7,691122;-6,69248;-1,201848;6,018315;-1,828676;3,135355;2,358006;-7,555597;5,135226;6,858059;-10,69231;5,080264;10,85582;-12,23488;5,000322;13,07696;-13,35077;4,893965;14,9178;-2,372909;1,766714;2,273245;-8,370341;3,023684;6,686662;-5,895768;1,500027;11,51235;-4,394592;0,640461;14,03033;-3,025831;-0,092664;16,00621;-2,902645;0,543383;2,143136;-8,620005;0,942819;6,059247;-6,403743;-0,328078;10,33723;-4,297585;-0,325938;8,496398;-6,003169;0,512397;6,80631;-3,398681;-0,653914;2,043953;-8,407067;-1,239155;5,12919;-6,67283;-2,27375;8,543962;-5,126969;-2,241316;7,225332;-6,670436;-1,48109;5,69084;-52,92584;-4,380617;67,49271;10,869;14,28678;-51,10987;78,96339;14,28682;-51,10989;123,628;14,69266;-51,29214;123,628;14,69266;-51,29216;-53,30582;-4,380623;67,49271;-36,76283;-10,8905;76,81166;-33,14109;-11,33607;76,21188;-29,23432;-11,82591;75,33286;-29,27657;-11,71232;75,53999;-53,8306;-8,000018;72,35342;29,95617;-8,602747;72,92809;33,26671;-9,674766;74,57294;36,83068;-10,78604;75,85573;36,86349;-10,65625;75,67945;-54,79541;-11,87325;77,74404;29,19225;-10,43389;78,12813;132,2003;-11,56447;79,75565;-133,2404;-14,06147;76,69478;-133,2872;-14,25852;76,88604;-56,87931;-17,22078;85,73296;28,59935;-11,37175;79,06363;131,6214;-12,32679;80,4614;-133,5143;-14,8279;77,43456;-133,5664;-15,0338;77,63707;0;0;0;295,6238;-249,9854;73,42116;234,1639;-405,388;-59,44615;201,4831;-231,741;15,19874;207,6626;-24,46478;141,1042;251,4199;-188,5927;76,05303;594,2145;-306,5708;258,6189;724,5714;-395,2956;303,0855;786,842;-448,8802;318,005;830,2045;-496,7744;322,4228;195,6486;-108,5862;80,81814;507,0673;-181,9867;265,8195;352,4385;-427,0892;14,3812;260,4007;-558,9338;-127,3187;177,8632;-665,9865;-248,054;147,1643;-33,0867;88,33102;398,6355;-54,9401;258,928;265,1289;-276,3596;36,28278;178,9771;-255,6204;-14,65085;281,0838;-155,9878;116,1182;99,00429;38,74019;93,99828;266,1204;76,13618;236,7964;159,7326;-98,63032;60,32663;98,34766;-86,28462;22,65733;190,8137;4,05218;141,1427;0;0;0;18,33916;6,726265;-1,094341;48,50292;15,21492;-9,138106;56,02169;16,90292;23,89848;-47,47009;-96,55281;155,4537;18,30768;6,475925;5,479931;54,60835;18,23759;46,11253;75,84571;69,79179;83,40883;87,71323;97,08308;103,8666;97,58949;118,6037;120,5821;18,07809;6,082534;14,01722;53,9217;17,51303;59,08584;93,76716;32,62996;43,2103;114,5696;40,57502;33,41531;130,9104;46,86641;24,33872;17,4272;5,554497;22,00556;49,48139;15,59114;67,36135;84,77354;28,99646;52,87439;69,66447;24,10841;35,73507;55,63974;18,57304;47,2362;17,01987;5,128383;29,63698;42,5806;12,90035;72,17645;70,76167;23,58985;60,95588;59,92591;20,09761;48,28512;47,19043;15,07535;58,68887;12,67646;10,69732;2,008661;0,430932;60,12055;-18,12161;68,09437;44,71062;-11,2939;17,74979;3,505819;3,730246;-6,852345;83,55197;3,571825;3,793696;-12,07349;83,49255;103,3226;93,87175;-13,368;83,17043;103,312;94,14545;2,674484;-4,301376;-0,000458;-54,28527;-1,410828;-9,195212;0,003347;0;0;0;0;0;0;0;0;0;0;0;0;0;158,5739;-255,0407;-0,027466;-3257,089;-155,7381;-547,1946;0,200844;0;0;0;0;0;0;0;0;0;0;0;0;0
151;2416;00:00:02:496;0;0;0;-1,419831;4,206941;2,407244;-1,398466;2,742432;6,933624;-4,397255;0,075315;7,685942;-6,712292;-1,230283;6,046627;-1,831759;3,133529;2,358042;-7,564034;5,12962;6,852953;-10,70958;5,071337;10,84372;-12,25705;4,989595;13,06138;-13,377;4,88178;14,89967;-2,375714;1,764873;2,271745;-8,378303;3,018086;6,679216;-5,908991;1,491511;11,50667;-4,410551;0,63045;14,02577;-3,043929;-0,103823;16,00271;-2,90514;0,54156;2,140214;-8,626981;0,93761;6,050121;-6,415393;-0,335871;10,32975;-4,307154;-0,332216;8,491307;-6,010935;0,507031;6,799854;-3,400905;-0,655736;2,039665;-8,412702;-1,24371;5,118838;-6,682192;-2,280372;8,534875;-5,134846;-2,246849;7,218017;-6,676676;-1,485794;5,68229;-52,97114;-4,441019;67,50376;10,94511;14,29045;-51,08704;79,03949;14,29049;-51,08705;122,8691;14,69657;-51,26874;122,8691;14,69658;-51,26877;-53,35113;-4,441017;67,50376;-36,87997;-10,95619;76,84641;-33,25769;-11,40298;76,24741;-29,35007;-11,89455;75,3692;-29,39253;-11,78055;75,57615;-53,88124;-8,056367;72,36806;29,90491;-8,6586;72,94336;33,21369;-9,729149;74,58945;36,77626;-10,83923;75,8735;36,80925;-10,7096;75,69709;-54,85182;-11,92464;77,76324;29,13577;-10,48493;78,14597;132,1421;-11,6139;79,7749;-133,2964;-14,11387;76,71596;-133,3434;-14,31073;76,90745;-56,94403;-17,264;85,75972;28,54185;-11,42187;79,08256;131,5625;-12,37552;80,48158;-133,5711;-14,87959;77,45668;-133,6235;-15,0853;77,65944;0;0;0;296,1879;-249,5228;72,94157;235,2292;-403,9964;-59,67798;202,5761;-230,1078;15,90876;208,0122;-23,32367;141,5982;251,9332;-188,1213;75,8224;595,5485;-305,108;258,9883;727,0742;-392,8539;304,5441;789,9948;-445,9107;320,0192;833,8964;-493,3805;324,8573;196,0933;-108,1067;80,90808;508,2886;-180,5193;266,6794;354,3907;-424,9071;15,09015;262,7317;-556,3873;-126,7122;180,489;-663,1616;-247,5491;147,5387;-32,60738;88,71461;399,6704;-53,56804;260,1807;266,815;-274,3549;37,38436;180,3605;-254,0117;-13,89438;282,2235;-154,5956;117,0138;99,31457;39,22316;94,66559;266,9152;77,34313;238,3831;161,0462;-96,91692;61,80193;99,44576;-84,85648;23,87407;191,6906;5,283638;142,4849;0;0;0;33,84733;27,75478;-28,77545;63,91811;83,49609;-13,90994;65,58036;97,99146;42,60152;20,97416;68,46633;29,63733;30,80034;28,2855;-13,8377;80,03425;87,76473;22,16434;150,1722;146,5044;87,51726;189,1708;178,1702;120,8496;221,5118;203,6304;146,0724;26,68118;28,77116;5,396604;73,27937;88,04082;51,59283;117,1346;130,9261;42,53715;139,8611;152,7901;36,39221;157,5515;169,4899;30,29251;22,46618;28,75864;23,01478;62,0942;82,32378;75,15907;101,1672;120,2845;66,09499;83,00256;96,5166;45,38825;68,3856;83,53185;53,73287;18,61703;28,97823;40,03858;47,6861;72,41678;95,20197;78,82189;102,8037;88,51826;65,88577;85,68835;73,00436;52,61207;73,88748;80,53636;12,65512;10,67002;2,019285;0,446425;60,13254;-18,14091;68,09437;43,87545;-11,31503;17,69162;3,505763;3,730246;-6,852345;83,55197;3,571825;3,793696;-12,07349;83,49255;103,3226;93,87175;-13,368;83,17043;103,312;94,14545;0,719604;-1,157913;0;-50,11047;-1,267948;-3,489876;-0,003347;0;0;0;0;0;0;0;0;0;0;0;0;0;-117,2928;188,6078;0,027466;250,4883;8,572769;342,3202;-0,401688;0;0;0;0;0;0;0;0;0;0;0;0;0
152;2432;00:00:02:512;0;0;0;-1,419831;4,206941;2,407244;-1,398466;2,742432;6,933624;-4,397255;0,075315;7,685942;-6,712292;-1,230283;6,046627;-1,831759;3,133529;2,358042;-7,564034;5,12962;6,852953;-10,70958;5,071337;10,84372;-12,25705;4,989595;13,06138;-13,377;4,88178;14,89967;-2,375714;1,764873;2,271745;-8,378303;3,018086;6,679216;-5,908991;1,491511;11,50667;-4,410551;0,63045;14,02577;-3,043929;-0,103823;16,00271;-2,90514;0,54156;2,140214;-8,626981;0,93761;6,050121;-6,415393;-0,335871;10,32975;-4,307154;-0,332216;8,491307;-6,010935;0,507031;6,799854;-3,400905;-0,655736;2,039665;-8,412702;-1,24371;5,118838;-6,682192;-2,280372;8,534875;-5,134846;-2,246849;7,218017;-6,676676;-1,485794;5,68229;-52,97114;-4,441019;67,50376;10,94511;14,29045;-51,08704;79,03949;14,29049;-51,08705;122,8691;14,69657;-51,26874;122,8691;14,69658;-51,26877;-53,35113;-4,441017;67,50376;-36,87997;-10,95619;76,84641;-33,25769;-11,40298;76,24741;-29,35007;-11,89455;75,3692;-29,39253;-11,78055;75,57615;-53,88124;-8,056367;72,36806;29,90491;-8,6586;72,94336;33,21369;-9,729149;74,58945;36,77626;-10,83923;75,8735;36,80925;-10,7096;75,69709;-54,85182;-11,92464;77,76324;29,13577;-10,48493;78,14597;132,1421;-11,6139;79,7749;-133,2964;-14,11387;76,71596;-133,3434;-14,31073;76,90745;-56,94403;-17,264;85,75972;28,54185;-11,42187;79,08256;131,5625;-12,37552;80,48158;-133,5711;-14,87959;77,45668;-133,6235;-15,0853;77,65944;0;0;0;296,3847;-249,4145;72,86814;235,6809;-403,6551;-59,67749;203,0601;-229,715;16,21954;209,2009;-21,61754;139,8995;252,1182;-188,0117;75,82025;596,0546;-304,7717;259,2947;728,1106;-392,3183;305,2703;791,3251;-445,2671;320,954;835,47;-492,6495;325,9449;196,2616;-107,9962;80,99808;508,7663;-180,1835;267,1262;355,1841;-424,3962;15,43057;263,6893;-555,7866;-126,4389;181,5749;-662,4921;-247,339;147,6885;-32,498;88,8899;400,089;-53,25553;260,7283;267,5141;-273,8874;37,833;180,9346;-253,6351;-13,58896;282,6895;-154,2736;117,4011;99,44804;39,33246;94,92284;267,2532;77,61643;239,0042;161,608;-96,5196;62,34719;99,91833;-84,52456;24,31297;192,065;5,565863;142,9979;0;0;0;11,80601;6,497383;-4,405617;27,10247;20,47634;0,029325;29,03509;23,57054;18,64672;71,32529;102,3678;-101,9211;11,09648;6,575346;-0,128746;30,37262;20,18165;18,38064;62,18433;32,13501;43,57338;79,81681;38,61808;56,09035;94,41947;43,86234;65,25278;10,09726;6,626844;5,399823;28,66172;20,15161;26,80492;47,6017;30,65586;20,42502;57,45219;36,04316;16,39867;65,15264;40,17448;12,6071;8,984326;6,562829;10,51748;25,11692;18,75043;32,85741;41,94259;28,05233;26,91865;34,44743;22,60065;18,32485;27,95935;19,31834;23,23866;8,008002;6,557643;15,43557;20,28322;16,39831;37,26768;33,70786;23,83947;32,71508;28,35488;19,91558;26,33393;22,46332;16,93345;30,7796;12,65512;10,67002;2,019285;0,446425;60,13254;-18,14091;68,09437;43,87545;-11,31503;17,69162;3,505763;3,730246;-6,852345;83,55197;3,571825;3,793696;-12,07349;83,49255;103,3226;93,87175;-13,368;83,17043;103,312;94,14545;0;0;0;0;0;0;0;0;0;0;0;0;0;0;0;0;0;0;0;0;-43,17626;69,47478;0;3006,628;76,07688;209,3925;0,200844;0;0;0;0;0;0;0;0;0;0;0;0;0
