Frame;Elapsed_Time_In_Milliseconds;Time;Hand_X;Hand_Y;Hand_Z;Thumb_CMC_X;Thumb_CMC_Y;Thumb_CMC_Z;Thumb_MCP_X;Thumb_MCP_Y;Thumb_MCP_Z;Thumb_DIP_X;Thumb_DIP_Y;Thumb_DIP_Z;Thumb_TIP_X;Thumb_TIP_Y;Thumb_TIP_Z;Index_CMC_X;Index_CMC_Y;Index_CMC_Z;Index_MCP_X;Index_MCP_Y;Index_MCP_Z;Index_PIP_X;Index_PIP_Y;Index_PIP_Z;Index_DIP_X;Index_DIP_Y;Index_DIP_Z;Index_TIP_X;Index_TIP_Y;Index_TIP_Z;Middle_CMC_X;Middle_CMC_Y;Middle_CMC_Z;Middle_MCP_X;Middle_MCP_Y;Middle_MCP_Z;Middle_PIP_X;Middle_PIP_Y;Middle_PIP_Z;Middle_DIP_X;Middle_DIP_Y;Middle_DIP_Z;Middle_TIP_X;Middle_TIP_Y;Middle_TIP_Z;Ring_CMC_X;Ring_CMC_Y;Ring_CMC_Z;Ring_MCP_X;Ring_MCP_Y;Ring_MCP_Z;Ring_PIP_X;Ring_PIP_Y;Ring_PIP_Z;Ring_DIP_X;Ring_DIP_Y;Ring_DIP_Z;Ring_TIP_X;Ring_TIP_Y;Ring_TIP_Z;Pinky_CMC_X;Pinky_CMC_Y;Pinky_CMC_Z;Pinky_MCP_X;Pinky_MCP_Y;Pinky_MCP_Z;Pinky_PIP_X;Pinky_PIP_Y;Pinky_PIP_Z;Pinky_DIP_X;Pinky_DIP_Y;Pinky_DIP_Z;Pinky_TIP_X;Pinky_TIP_Y;Pinky_TIP_Z;Hand_X;Hand_Y;Hand_Z;Thumb_CMC_X;Thumb_CMC_Y;Thumb_CMC_Z;Thumb_MCP_X;Thumb_MCP_Y;Thumb_MCP_Z;Thumb_DIP_X;Thumb_DIP_Y;Thumb_DIP_Z;Thumb_TIP_X;Thumb_TIP_Y;Thumb_TIP_Z;Index_CMC_X;Index_CMC_Y;Index_CMC_Z;Index_MCP_X;Index_MCP_Y;Index_MCP_Z;Index_PIP_X;Index_PIP_Y;Index_PIP_Z;Index_DIP_X;Index_DIP_Y;Index_DIP_Z;Index_TIP_X;Index_TIP_Y;Index_TIP_Z;Middle_CMC_X;Middle_CMC_Y;Middle_CMC_Z;Middle_MCP_X;Middle_MCP_Y;Middle_MCP_Z;Middle_PIP_X;Middle_PIP_Y;Middle_PIP_Z;Middle_DIP_X;Middle_DIP_Y;Middle_DIP_Z;Middle_TIP_X;Middle_TIP_Y;Middle_TIP_Z;Ring_CMC_X;Ring_CMC_Y;Ring_CMC_Z;Ring_MCP_X;Ring_MCP_Y;Ring_MCP_Z;Ring_PIP_X;Ring_PIP_Y;Ring_PIP_Z;Ring_DIP_X;Ring_DIP_Y;Ring_DIP_Z;Ring_TIP_X;Ring_TIP_Y;Ring_TIP_Z;Pinky_CMC_X;Pinky_CMC_Y;Pinky_CMC_Z;Pinky_MCP_X;Pinky_MCP_Y;Pinky_MCP_Z;Pinky_PIP_X;Pinky_PIP_Y;Pinky_PIP_Z;Pinky_DIP_X;Pinky_DIP_Y;Pinky_DIP_Z;Pinky_TIP_X;Pinky_TIP_Y;Pinky_TIP_Z;Hand_Velocity_X;Hand_Velocity_Y;Hand_Velocity_Z;Thumb_CMC_Velocity_X;Thumb_CMC_Velocity_Y;Thumb_CMC_Velocity_Z;Thumb_MCP_Velocity_X;Thumb_MCP_Velocity_Y;Thumb_MCP_Velocity_Z;Thumb_DIP_Velocity_X;Thumb_DIP_Velocity_Y;Thumb_DIP_Velocity_Z;Thumb_TIP_Velocity_X;Thumb_TIP_Velocity_Y;Thumb_TIP_Velocity_Z;Index_CMC_Velocity_X;Index_CMC_Velocity_Y;Index_CMC_Velocity_Z;Index_MCP_Velocity_X;Index_MCP_Velocity_Y;Index_MCP_Velocity_Z;Index_PIP_Velocity_X;Index_PIP_Velocity_Y;Index_PIP_Velocity_Z;Index_DIP_Velocity_X;Index_DIP_Velocity_Y;Index_DIP_Velocity_Z;Index_TIP_Velocity_X;Index_TIP_Velocity_Y;Index_TIP_Velocity_Z;Middle_CMC_Velocity_X;Middle_CMC_Velocity_Y;Middle_CMC_Velocity_Z;Middle_MCP_Velocity_X;Middle_MCP_Velocity_Y;Middle_MCP_Velocity_Z;Middle_PIP_Velocity_X;Middle_PIP_Velocity_Y;Middle_PIP_Velocity_Z;Middle_DIP_Velocity_X;Middle_DIP_Velocity_Y;Middle_DIP_Velocity_Z;Middle_TIP_Velocity_X;Middle_TIP_Velocity_Y;Middle_TIP_Velocity_Z;Ring_CMC_Velocity_X;Ring_CMC_Velocity_Y;Ring_CMC_Velocity_Z;Ring_MCP_Velocity_X;Ring_MCP_Velocity_Y;Ring_MCP_Velocity_Z;Ring_PIP_Velocity_X;Ring_PIP_Velocity_Y;Ring_PIP_Velocity_Z;Ring_DIP_Velocity_X;Ring_DIP_Velocity_Y;Ring_DIP_Velocity_Z;Ring_TIP_Velocity_X;Ring_TIP_Velocity_Y;Ring_TIP_Velocity_Z;Pinky_CMC_Velocity_X;Pinky_CMC_Velocity_Y;Pinky_CMC_Velocity_Z;Pinky_MCP_Velocity_X;Pinky_MCP_Velocity_Y;Pinky_MCP_Velocity_Z;Pinky_PIP_Velocity_X;Pinky_PIP_Velocity_Y;Pinky_PIP_Velocity_Z;Pinky_DIP_Velocity_X;Pinky_DIP_Velocity_Y;Pinky_DIP_Velocity_Z;Pinky_TIP_Velocity_X;Pinky_TIP_Velocity_Y;Pinky_TIP_Velocity_Z;Hand_Acceleration_X;Hand_Acceleration_Y;Hand_Acceleration_Z;Thumb_CMC_Acceleration_X;Thumb_CMC_Acceleration_Y;Thumb_CMC_Acceleration_Z;Thumb_MCP_Acceleration_X;Thumb_MCP_Acceleration_Y;Thumb_MCP_Acceleration_Z;Thumb_DIP_Acceleration_X;Thumb_DIP_Acceleration_Y;Thumb_DIP_Acceleration_Z;Thumb_TIP_Acceleration_X;Thumb_TIP_Acceleration_Y;Thumb_TIP_Acceleration_Z;Index_CMC_Acceleration_X;Index_CMC_Acceleration_Y;Index_CMC_Acceleration_Z;Index_MCP_Acceleration_X;Index_MCP_Acceleration_Y;Index_MCP_Acceleration_Z;Index_PIP_Acceleration_X;Index_PIP_Acceleration_Y;Index_PIP_Acceleration_Z;Index_DIP_Acceleration_X;Index_DIP_Acceleration_Y;Index_DIP_Acceleration_Z;Index_TIP_Acceleration_X;Index_TIP_Acceleration_Y;Index_TIP_Acceleration_Z;Middle_CMC_Acceleration_X;Middle_CMC_Acceleration_Y;Middle_CMC_Acceleration_Z;Middle_MCP_Acceleration_X;Middle_MCP_Acceleration_Y;Middle_MCP_Acceleration_Z;Middle_PIP_Acceleration_X;Middle_PIP_Acceleration_Y;Middle_PIP_Acceleration_Z;Middle_DIP_Acceleration_X;Middle_DIP_Acceleration_Y;Middle_DIP_Acceleration_Z;Middle_TIP_Acceleration_X;Middle_TIP_Acceleration_Y;Middle_TIP_Acceleration_Z;Ring_CMC_Acceleration_X;Ring_CMC_Acceleration_Y;Ring_CMC_Acceleration_Z;Ring_MCP_Acceleration_X;Ring_MCP_Acceleration_Y;Ring_MCP_Acceleration_Z;Ring_PIP_Acceleration_X;Ring_PIP_Acceleration_Y;Ring_PIP_Acceleration_Z;Ring_DIP_Acceleration_X;Ring_DIP_Acceleration_Y;Ring_DIP_Acceleration_Z;Ring_TIP_Acceleration_X;Ring_TIP_Acceleration_Y;Ring_TIP_Acceleration_Z;Pinky_CMC_Acceleration_X;Pinky_CMC_Acceleration_Y;Pinky_CMC_Acceleration_Z;Pinky_MCP_Acceleration_X;Pinky_MCP_Acceleration_Y;Pinky_MCP_Acceleration_Z;Pinky_PIP_Acceleration_X;Pinky_PIP_Acceleration_Y;Pinky_PIP_Acceleration_Z;Pinky_DIP_Acceleration_X;Pinky_DIP_Acceleration_Y;Pinky_DIP_Acceleration_Z;Pinky_TIP_Acceleration_X;Pinky_TIP_Acceleration_Y;Pinky_TIP_Acceleration_Z;Pinch_ThumbToIndex;Pinch_ThumbToMiddle;Pinch_ThumbToRing;Pinch_ThumbToPinky;Thumb_CMC_Spread;Thumb_CMC_Flex;Thumb_PIP_Flex;Thumb_DIP_Flex;Index_MCP_Spread;Index_MCP_Flex;Index_PIP_Flex;Index_DIP_Flex;Middle_MCP_Spread;Middle_MCP_Flex;Middle_PIP_Flex;Middle_DIP_Flex;Ring_MCP_Spread;Ring_MCP_Flex;Ring_PIP_Flex;Ring_DIP_Flex;Pinky_MCP_Spread;Pinky_MCP_Flex;Pinky_PIP_Flex;Pinky_DIP_Flex;Thumb_CMC_Spread_AngularVelocity;Thumb_CMC_Flex_AngularVelocity;Thumb_PIP_Flex_AngularVelocity;Thumb_DIP_Flex_AngularVelocity;Index_MCP_Spread_AngularVelocity;Index_MCP_Flex_AngularVelocity;Index_PIP_Flex_AngularVelocity;Index_DIP_Flex_AngularVelocity;Middle_MCP_Spread_AngularVelocity;Middle_MCP_Flex_AngularVelocity;Middle_PIP_Flex_AngularVelocity;Middle_DIP_Flex_AngularVelocity;Ring_MCP_Spread_AngularVelocity;Ring_MCP_Flex_AngularVelocity;Ring_PIP_Flex_AngularVelocity;Ring_DIP_Flex_AngularVelocity;Pinky_MCP_Spread_AngularVelocity;Pinky_MCP_Flex_AngularVelocity;Pinky_PIP_Flex_AngularVelocity;Pinky_DIP_Flex_AngularVelocity;Thumb_CMC_Spread_AngularAcceleration;Thumb_CMC_Flex_AngularAcceleration;Thumb_PIP_Flex_AngularAcceleration;Thumb_DIP_Flex_AngularAcceleration;Index_MCP_Spread_AngularAcceleration;Index_MCP_Flex_AngularAcceleration;Index_PIP_Flex_AngularAcceleration;Index_DIP_Flex_AngularAcceleration;Middle_MCP_Spread_AngularAcceleration;Middle_MCP_Flex_AngularAcceleration;Middle_PIP_Flex_AngularAcceleration;Middle_DIP_Flex_AngularAcceleration;Ring_MCP_Spread_AngularAcceleration;Ring_MCP_Flex_AngularAcceleration;Ring_PIP_Flex_AngularAcceleration;Ring_DIP_Flex_AngularAcceleration;Pinky_MCP_Spread_AngularAcceleration;Pinky_MCP_Flex_AngularAcceleration;Pinky_PIP_Flex_AngularAcceleration;Pinky_DIP_Flex_AngularAcceleration
0;0;00:00:00:000;0;0;0;-3,519914;0,050068;3,621712;-5,500711;-3,089344;6,597301;-6,847106;-5,779146;9,358581;-7,811986;-7,827998;11,50864;-2,370207;0;3,621712;-2,370207;0,05009;11,17456;-1,103989;-0,263122;16,08607;-0,431529;-0,594636;18,68559;0,100518;-0,997385;20,73501;-0,895299;-0,03505;3,621712;-0,101118;0,01504;11,13133;1,494505;-3,345054;15,36168;2,321759;-5,316462;17,54384;2,966056;-7,061662;19,23329;0,443679;-0,000078;3,621712;1,958848;0,050012;10,3956;1,956898;-4,900703;10,96029;1,453528;-6,977035;9,154699;0,734368;-7,133394;6,720232;1,743431;-0,000171;3,621712;3,958467;0,049919;9,102249;3,988765;-3,889036;9,573995;3,777596;-5,807595;8,938297;3,288365;-7,473237;7,421259;0;0;0;-40,69928;-34,41318;114,4425;-34,94329;-34,4132;114,4425;-33,75908;-34,09003;114,801;-33,75908;-34,09002;114,801;-0,379977;0;0;3,515943;14,46065;-0,070858;7,210754;14,42017;0,690144;11,19099;14,23478;1,694299;11,13305;14,27977;1,459008;-0,380045;6,036885;0;36,96412;19,96833;0,994362;39,97758;21,22637;-0,591545;43,31842;22,47613;-1,805519;43,38369;22,32663;-1,634254;-0,413454;12,60826;0;83,34498;12,07381;-1,420641;131,7079;14,03063;-1,435148;176,9407;16,54789;1,638423;176,8605;16,53328;1,356886;-0,485496;22,00679;0;82,97962;13,36752;-1,190102;108,8996;15,03487;-1,205826;133,9316;18,48022;0,612625;133,8662;18,27578;0,405315;0;0;0;0;0;0;0;0;0;0;0;0;0;0;0;0;0;0;0;0;0;0;0;0;0;0;0;0;0;0;0;0;0;0;0;0;0;0;0;0;0;0;0;0;0;0;0;0;0;0;0;0;0;0;0;0;0;0;0;0;0;0;0;0;0;0;0;0;0;0;0;0;0;0;0;0;0;0;0;0;0;0;0;0;0;0;0;0;0;0;0;0;0;0;0;0;0;0;0;0;0;0;0;0;0;0;0;0;0;0;0;0;0;0;0;0;0;0;0;0;0;0;0;0;0;0;0;0;0;0;0;0;0;0;0;0;0;0;0;0;0;0;0;0;0;0;0;0;0;0;13,94241;13,28246;9,820971;11,83429;46,53462;38,65104;5,755919;1,386351;-14,46079;3,64889;3,504646;3,731664;-19,94116;38,45955;3,571441;3,794625;-12,07378;83,49284;48,3496;44,35854;-13,36859;83,17056;25,91622;24,47135;2792,077;2319,062;345,3552;83,18106;-867,6473;218,9334;210,2788;223,8998;-1196,469;2307,573;214,2865;227,6775;-724,427;5009,57;2900,976;2661,512;-802,1154;4990,233;1554,973;1468,281;167524,6;139143,7;20721,31;4990,863;-52058,84;13136;12616,73;13433,99;-71788,16;138454,3;12857,19;13660,65;-43465,62;300574,2;174058,6;159690,7;-48126,92;299414;93298,39;88096,85
1;16,66667;00:00:00:017;0;0;0;-3,519914;0,050068;3,621712;-5,500711;-3,089344;6,597301;-6,847106;-5,779146;9,358581;-7,811986;-7,827998;11,50864;-2,370207;0;3,621712;-2,370207;0,05009;11,17456;-1,103989;-0,263122;16,08607;-0,431529;-0,594636;18,68559;0,100518;-0,997385;20,73501;-0,895299;-0,03505;3,621712;-0,101118;0,01504;11,13133;1,494505;-3,345054;15,36168;2,321759;-5,316462;17,54384;2,966056;-7,061662;19,23329;0,443679;-0,000078;3,621712;1,958848;0,050012;10,3956;1,956898;-4,900703;10,96029;1,453528;-6,977035;9,154699;0,734368;-7,133394;6,720232;1,743431;-0,000171;3,621712;3,958467;0,049919;9,102249;3,988765;-3,889036;9,573995;3,777596;-5,807595;8,938297;3,288365;-7,473237;7,421259;0;0;0;-40,69928;-34,41318;114,4425;-34,94329;-34,4132;114,4425;-33,75908;-34,09003;114,801;-33,75908;-34,09002;114,801;-0,379977;0;0;3,515943;14,46065;-0,070858;7,210754;14,42017;0,690144;11,19099;14,23478;1,694299;11,13305;14,27977;1,459008;-0,380045;6,036885;0;36,96412;19,96833;0,994362;39,97758;21,22637;-0,591545;43,31842;22,47613;-1,805519;43,38369;22,32663;-1,634254;-0,413454;12,60826;0;83,34498;12,07381;-1,420641;131,7079;14,03063;-1,435148;176,9407;16,54789;1,638423;176,8605;16,53328;1,356886;-0,485496;22,00679;0;82,97962;13,36752;-1,190102;108,8996;15,03487;-1,205826;133,9316;18,48022;0,612625;133,8662;18,27578;0,405315;0;0;0;0;0;0;0;0;0;0;0;0;0;0;0;0;0;0;0;0;0;0;0;0;0;0;0;0;0;0;0;0;0;0;0;0;0;0;0;0;0;0;0;0;0;0;0;0;0;0;0;0;0;0;0;0;0;0;0;0;0;0;0;0;0;0;0;0;0;0;0;0;0;0;0;0;0;0;0;0;0;0;0;0;0;0;0;0;0;0;0;0;0;0;0;0;0;0;0;0;0;0;0;0;0;0;0;0;0;0;0;0;0;0;0;0;0;0;0;0;0;0;0;0;0;0;0;0;0;0;0;0;0;0;0;0;0;0;0;0;0;0;0;0;0;0;0;0;0;0;13,94241;13,28246;9,820971;11,83429;46,53462;38,65104;5,755919;1,386351;-14,46079;3,64889;3,504646;3,731664;-19,94116;38,45955;3,571441;3,794625;-12,07378;83,49284;48,3496;44,35854;-13,36859;83,17056;25,91622;24,47135;0;0;0;0;0;0;0;0;0;0;0;0;0;0;0;0;0;0;0;0;-167524,6;-139143,7;-20721,31;-4990,863;52058,84;-13136;-12616,73;-13433,99;71788,16;-138454,3;-12857,19;-13660,65;43465,62;-300574,2;-174058,6;-159690,7;48126,92;-299414;-93298,39;-88096,85
2;33,33333;00:00:00:033;0;0;0;-3,519914;0,050068;3,621712;-5,49807;-3,089414;6,598983;-6,842099;-5,779097;9,361531;-7,805153;-7,827826;11,51253;-2,370207;0;3,621712;-2,370207;0,05009;11,17456;-1,103797;-0,263123;16,08602;-0,431236;-0,594637;18,68551;0,100892;-0,997386;20,73491;-0,895299;-0,03505;3,621712;-0,101118;0,01504;11,13133;1,492053;-3,345096;15,36257;2,318034;-5,316525;17,5452;2,961338;-7,061741;19,235;0,443679;-0,000078;3,621712;1,958848;0,050012;10,3956;1,956898;-4,900703;10,96029;1,453293;-6,976077;9,153664;0,734093;-7,129971;6,719051;1,743431;-0,000171;3,621712;3,958467;0,049919;9,102249;3,988765;-3,889036;9,573995;3,776604;-5,806223;8,934501;3,285556;-7,465661;7,411263;0;0;0;-40,66159;-34,41321;114,4425;-34,90561;-34,41322;114,4425;-33,72153;-34,09023;114,8013;-33,72155;-34,09024;114,8013;-0,379977;0;0;3,515978;14,46288;-0,070716;7,210819;14,4224;0,690293;11,1911;14,23701;1,694457;11,13314;14,282;1,459164;-0,380045;6,036885;0;36,96338;19,93666;0,99218;39,97776;21,19469;-0,593403;43,31934;22,44446;-1,807098;43,3845;22,29496;-1,635874;-0,413454;12,60826;0;83,34498;12,07381;-1,420641;131,7372;14,03062;-1,435147;176,9967;16,54636;1,639753;176,9165;16,53202;1,358203;-0,485496;22,00679;0;82,97962;13,36752;-1,190102;109,0168;15,03487;-1,205826;134,1564;18,47663;0,620028;134,0907;18,27295;0,411879;0;0;0;0;0;0;0,158429;-0,00418;0,100941;0,300407;0,002906;0,177071;0,409976;0,010327;0,233173;0;0;0;0;0;0;0,011511;-0,00001;-0,00295;0,017624;-0,000014;-0,00456;0,022475;-0,000017;-0,005811;0;0;0;0;0;0;-0,147142;-0,002503;0,053376;-0,223517;-0,0038;0,081182;-0,283085;-0,004783;0,102818;0;0;0;0;0;0;0;0;0;-0,014104;0,057489;-0,062138;-0,016493;0,205368;-0,07081;0;0;0;0;0;0;0;0;0;-0,0595;0,082321;-0,227809;-0,168577;0,45459;-0,599742;0;0;0;0;0;0;9,505747;-0,250787;6,056427;18,02444;0,174344;10,62423;24,59854;0,61959;13,9904;0;0;0;0;0;0;0,690669;-0,000587;-0,177026;1,057461;-0,000838;-0,273585;1,34848;-0,001006;-0,348687;0;0;0;0;0;0;-8,828489;-0,150204;3,202558;-13,41104;-0,227988;4,870891;-16,98509;-0,286996;6,16908;0;0;0;0;0;0;0;0;0;-0,846237;3,44932;-3,72827;-0,989567;12,32207;-4,248618;0;0;0;0;0;0;0;0;0;-3,57002;4,939287;-13,66854;-10,11461;27,27538;-35,98451;13,93603;13,27181;9,817491;11,83027;46,51908;38,60086;5,755988;1,38621;-14,46303;3,648944;3,504702;3,731716;-19,90963;38,45403;3,571441;3,794573;-12,07378;83,49284;48,37891;44,38488;-13,36859;83,17056;26,03338;24,57663;-0,932465;-3,01094;0,004091;-0,008469;-0,13464;0,003204;0,003347;0,003147;1,891594;-0,330734;0;-0,003104;0;0;1,75827;1,580429;0;0;7,029762;6,316795;-55,94787;-180,6564;0,245476;-0,508118;-8,078384;0,192261;0,200844;0,188828;113,4956;-19,84405;0;-0,186253;0;0;105,4962;94,82573;0;0;421,7857;379,0077
3;50;00:00:00:050;0;0;0;-3,519914;0,050068;3,621712;-5,494234;-3,091945;6,598859;-6,834867;-5,783615;9,361122;-7,795311;-7,833829;11,51187;-2,370207;0;3,621712;-2,370207;0,05009;11,17456;-1,109049;-0,263116;16,08738;-0,439279;-0,594627;18,68759;0,09064;-0,997373;20,73755;-0,895299;-0,03505;3,621712;-0,101118;0,01504;11,13133;1,488068;-3,345166;15,36401;2,31198;-5,316631;17,54739;2,953671;-7,061876;19,23778;0,443679;-0,000078;3,621712;1,958848;0,050012;10,3956;1,956898;-4,900703;10,96029;1,453059;-6,975117;9,152629;0,733818;-7,126548;6,717872;1,743431;-0,000171;3,621712;3,958467;0,049919;9,102249;3,988765;-3,889036;9,573995;3,775614;-5,804843;8,930705;3,282755;-7,458053;7,401294;0;0;0;-40,63957;-34,44424;114,4722;-34,8836;-34,44425;114,4723;-33,69985;-34,1214;114,8313;-33,69985;-34,1214;114,8313;-0,379977;0;0;3,515013;14,40184;-0,074588;7,20902;14,36138;0,686214;11,1882;14,17603;1,690113;11,1305;14,22101;1,454881;-0,380045;6,036885;0;36,96217;19,8852;0,98864;39,97808;21,14322;-0,596422;43,32083;22,39301;-1,809659;43,38584;22,24351;-1,638499;-0,413454;12,60826;0;83,34498;12,07381;-1,420641;131,7665;14,03063;-1,435149;177,0527;16,54484;1,641082;176,9725;16,53076;1,359521;-0,485496;22,00679;0;82,97962;13,36752;-1,190102;109,134;15,03487;-1,205825;134,3811;18,47301;0,627423;134,3153;18,27011;0,41844;0;0;0;0;0;0;0,230178;-0,151858;-0,007421;0,433892;-0,271082;-0,024587;0,590488;-0,360221;-0,039518;0;0;0;0;0;0;-0,31516;0,000394;0,081092;-0,482585;0,000595;0,124365;-0,615131;0,000743;0,158697;0;0;0;0;0;0;-0,239108;-0,004202;0,086635;-0,363216;-0,006393;0,131696;-0,460044;-0,008091;0,166565;0;0;0;0;0;0;0;0;0;-0,014082;0,057578;-0,062138;-0,016468;0,205368;-0,070766;0;0;0;0;0;0;0;0;0;-0,059411;0,082791;-0,22772;-0,16804;0,456467;-0,598177;0;0;0;0;0;0;4,304945;-8,860676;-6,501675;8,009077;-16,43926;-12,09944;10,83076;-22,23283;-16,36147;0;0;0;0;0;0;-19,60024;0,024224;5,042552;-30,01258;0,036545;7,73549;-38,25634;0,045598;9,870527;0;0;0;0;0;0;-5,517973;-0,101924;1,995563;-8,381903;-0,155568;3,030896;-10,61752;-0,198483;3,824829;0;0;0;0;0;0;0;0;0;0,001341;0,005364;0;0,001509;0;0,002682;0;0;0;0;0;0;0;0;0;0,005364;0,028163;0,005364;0,032187;0,112653;0,093877;13,92978;13,25995;9,809623;11,82208;46,54331;38,5507;5,755988;1,386351;-14,402;3,647817;3,504646;3,731664;-19,8584;38,44508;3,571387;3,794573;-12,07378;83,49284;48,40821;44,41125;-13,36859;83,17056;26,15058;24,68191;1,454086;-3,009338;0;0,008469;3,661766;-0,06762;-0,003347;-0,003147;3,073768;-0,537186;-0,00329;0;0;0;1,758041;1,582489;0;0;7,031707;6,316566;143,193;0,09613;-0,245476;1,016235;227,7843;-4,249477;-0,401688;-0,377655;70,93047;-12,38709;-0,197411;0,186253;0;0;-0,013733;0,123596;0;0;0,11673;-0,013733
4;66,66666;00:00:00:067;0;0;0;-3,519914;0,050068;3,621712;-5,49312;-3,093971;6,597458;-6,83279;-5,787365;9,358507;-7,7925;-7,838897;11,50832;-2,370207;0;3,621712;-2,370207;0,05009;11,17456;-1,108745;-0,263116;16,0873;-0,438814;-0,594627;18,68747;0,091233;-0,997374;20,7374;-0,895299;-0,03505;3,621712;-0,101118;0,01504;11,13133;1,488531;-3,345158;15,36384;2,312683;-5,316619;17,54714;2,954561;-7,061862;19,23746;0,443679;-0,000078;3,621712;1,958848;0,050012;10,3956;1,956898;-4,900703;10,96029;1,452589;-6,973198;9,150558;0,733272;-7,119698;6,715523;1,743431;-0,000171;3,621712;3,958467;0,049919;9,102249;3,988765;-3,889036;9,573995;3,775119;-5,80415;8,928809;3,281357;-7,454237;7,396319;0;0;0;-40,65062;-34,46973;114,4966;-34,89464;-34,46973;114,4966;-33,71104;-34,14682;114,8557;-33,71104;-34,14682;114,8557;-0,379977;0;0;3,515069;14,40537;-0,074364;7,209122;14,36491;0,686449;11,18836;14,17956;1,690364;11,13065;14,22453;1,455128;-0,380045;6,036885;0;36,96231;19,89118;0,989051;39,97805;21,14921;-0,596068;43,32066;22,39898;-1,809358;43,38567;22,24948;-1,638197;-0,413454;12,60826;0;83,34498;12,07381;-1,420641;131,8251;14,03063;-1,435148;177,1646;16,54179;1,643738;177,0845;16,52823;1,362151;-0,485496;22,00679;0;82,97962;13,36752;-1,190102;109,1926;15,03487;-1,205827;134,4935;18,4712;0,631118;134,4276;18,26869;0,421718;0;0;0;0;0;0;0,066832;-0,121571;-0,084043;0,124633;-0,225015;-0,156865;0,168711;-0,304028;-0,21252;0;0;0;0;0;0;0,018233;-0,000024;-0,004649;0,027906;-0,000039;-0,007153;0,035573;-0,000045;-0,00912;0;0;0;0;0;0;0,027783;0,000492;-0,010103;0,0422;0,000738;-0,015378;0,053421;0,000894;-0,019312;0;0;0;0;0;0;0;0;0;-0,028163;0,115156;-0,124186;-0,032773;0,411049;-0,140905;0;0;0;0;0;0;0;0;0;-0,029705;0,041574;-0,11377;-0,083886;0,228927;-0,298485;0;0;0;0;0;0;-9,80079;1,817196;-4,597305;-18,55552;2,764016;-7,936656;-25,30664;3,371537;-10,38015;0;0;0;0;0;0;20,00358;-0,025062;-5,144476;30,62948;-0,038054;-7,891058;39,04223;-0,047274;-10,06901;0;0;0;0;0;0;16,01346;0,281632;-5,804299;24,32495;0,427812;-8,824466;30,80785;0,539124;-11,15262;0;0;0;0;0;0;0;0;0;-0,844896;3,454685;-3,722906;-0,978336;12,34084;-4,208385;0;0;0;0;0;0;0;0;0;1,782328;-2,472996;6,83695;5,049258;-13,65244;17,98153;13,93325;13,26056;9,806987;11,81892;46,57522;38,54822;5,755953;1,386351;-14,40553;3,647871;3,504702;3,731664;-19,86435;38,44613;3,571441;3,794625;-12,07378;83,49284;48,46682;44,46395;-13,36859;83,17056;26,20915;24,73457;1,914368;-0,148773;-0,00206;0;-0,211659;0,003233;0,003347;0;-0,357056;0,062714;0,00329;0,003104;0;0;3,516769;3,161773;0;0;3,51448;3,160057;27,61688;171,6339;-0,123596;-0,508118;-232,4054;4,251194;0,401688;0,188828;-205,8494;35,99396;0,394821;0,186253;0;0;105,5237;94,75706;0;0;-211,0336;-189,3905
5;83,33333;00:00:00:083;0;0;0;-3,519914;0,050068;3,621712;-5,491302;-3,095232;6,597331;-6,829365;-5,789623;9,358187;-7,787838;-7,8419;11,50784;-2,370207;0;3,621712;-2,370207;0,05009;11,17456;-1,11002;-0,263115;16,08762;-0,440765;-0,594625;18,68797;0,088745;-0,997371;20,73804;-0,895299;-0,03505;3,621712;-0,101118;0,01504;11,13133;1,487968;-3,345168;15,36405;2,311829;-5,316634;17,54745;2,95348;-7,061879;19,23785;0,443679;-0,000078;3,621712;1,958848;0,050012;10,3956;1,956898;-4,900703;10,96029;1,452355;-6,972238;9,149524;0,733;-7,116271;6,714355;1,743431;-0,000171;3,621712;3,958467;0,049919;9,102249;3,988765;-3,889036;9,573995;3,775119;-5,80415;8,928809;3,281357;-7,454237;7,396319;0;0;0;-40,64108;-34,48523;114,5115;-34,8851;-34,48526;114,5115;-33,70166;-34,16237;114,8707;-33,70166;-34,16237;114,8707;-0,379977;0;0;3,514836;14,39056;-0,075303;7,208688;14,3501;0,68546;11,18766;14,16476;1,689311;11,13001;14,20974;1,45409;-0,380045;6,036885;0;36,96214;19,88392;0,988551;39,97809;21,14194;-0,596496;43,32087;22,39172;-1,809723;43,38587;22,24222;-1,638569;-0,413454;12,60826;0;83,34498;12,07381;-1,420641;131,8544;14,03063;-1,435147;177,2206;16,54027;1,645065;177,1405;16,52697;1,363467;-0,485496;22,00679;0;82,97962;13,36752;-1,190102;109,1926;15,03487;-1,205827;134,4935;18,4712;0,631118;134,4276;18,26869;0,421718;0;0;0;0;0;0;0,109077;-0,075661;-0,007644;0,205502;-0,135452;-0,019223;0,279665;-0,1802;-0,028878;0;0;0;0;0;0;-0,076482;0,000098;0,01958;-0,117112;0,000148;0,030041;-0,149265;0,000184;0,038445;0;0;0;0;0;0;-0,033751;-0,000581;0,012249;-0,051275;-0,000872;0,018686;-0,064909;-0,001028;0,023603;0;0;0;0;0;0;0;0;0;-0,014076;0,057623;-0,062093;-0,016317;0,205547;-0,07014;0;0;0;0;0;0;0;0;0;0;0;0;0;0;0;0;0;0;0;0;0;2,534688;2,754628;4,583894;4,852117;5,373805;8,25852;6,657242;7,429718;11,01851;0;0;0;0;0;0;-5,68293;0,007292;1,453757;-8,701084;0,011232;2,231597;-11,09026;0,013746;2,85387;0;0;0;0;0;0;-3,69206;-0,064373;1,341104;-5,608499;-0,09656;2,043843;-7,099807;-0,115335;2,57492;0;0;0;0;0;0;0;0;0;0,845231;-3,452003;3,725588;0,987388;-12,33011;4,245936;0;0;0;0;0;0;0;0;0;1,782328;-2,494454;6,826221;5,033165;-13,73559;17,90911;13,93143;13,2566;9,803508;11,81448;46,58792;38,52504;5,755953;1,38621;-14,39071;3,647656;3,504702;3,731611;-19,85712;38,44485;3,571496;3,794625;-12,07378;83,49284;48,49613;44,49031;-13,36859;83,17056;26,20915;24,73457;0,761948;-1,390915;0;-0,008469;0,889091;-0,012889;0;-0,003147;0,433617;-0,076218;0,00329;0;0;0;1,758499;1,581573;0;0;0;0;-69,1452;-74,5285;0,123596;-0,508118;66,04499;-0,967312;-0,200844;-0,188828;47,44033;-8,335876;0;-0,186253;0;0;-105,4962;-94,812;0;0;-210,8688;-189,6034
6;100;00:00:00:100;0;0;0;-3,519914;0,050068;3,621712;-5,488894;-3,095579;6,598559;-6,824805;-5,790112;9,360318;-7,781619;-7,84247;11,51064;-2,370207;0;3,621712;-2,370207;0,05009;11,17456;-1,101738;-0,263125;16,08549;-0,428082;-0,594641;18,6847;0,104911;-0,997391;20,73387;-0,895299;-0,03505;3,621712;-0,101118;0,01504;11,13133;1,487908;-3,345168;15,36407;2,311738;-5,316635;17,54748;2,953364;-7,06188;19,23789;0,443679;-0,000078;3,621712;1,958848;0,050012;10,3956;1,956898;-4,900703;10,96029;1,452121;-6,971277;9,148491;0,732729;-7,112845;6,713186;1,743431;-0,000171;3,621712;3,958467;0,049919;9,102249;3,988765;-3,889036;9,573995;3,774377;-5,803107;8,925966;3,279263;-7,448497;7,388867;0;0;0;-40,61058;-34,4889;114,515;-34,85461;-34,48892;114,515;-33,67131;-34,1662;114,8744;-33,67131;-34,1662;114,8744;-0,379977;0;0;3,516359;14,48681;-0,069197;7,211531;14,44632;0,691893;11,19224;14,26092;1,696161;11,13419;14,30591;1,460845;-0,380045;6,036885;0;36,96213;19,88314;0,9885;39,9781;21,14116;-0,596542;43,3209;22,39095;-1,80976;43,38588;22,24145;-1,638607;-0,413454;12,60826;0;83,34498;12,07381;-1,420641;131,8838;14,03063;-1,435148;177,2766;16,53873;1,646391;177,1965;16,52571;1,364781;-0,485496;22,00679;0;82,97962;13,36752;-1,190102;109,2806;15,03487;-1,205822;134,6621;18,46848;0,636657;134,5959;18,26655;0,426631;0;0;0;0;0;0;0,144482;-0,020787;0,073671;0,27363;-0,02937;0,127852;0,373185;-0,034198;0,167549;0;0;0;0;0;0;0,496952;-0,000631;-0,127852;0,760976;-0,000947;-0,196159;0,969943;-0,001196;-0,250518;0;0;0;0;0;0;-0,003599;-0,000045;0,001252;-0,005476;-0,000045;0,001878;-0,006929;-0,000089;0,002414;0;0;0;0;0;0;0;0;0;-0,014042;0,057623;-0,061959;-0,016286;0,205591;-0,070095;0;0;0;0;0;0;0;0;0;-0,044525;0,062585;-0,170589;-0,125594;0,34444;-0,447124;0;0;0;0;0;0;2,124309;3,292411;4,878937;4,087685;6,364881;8,824466;5,611181;8,760093;11,78562;0;0;0;0;0;0;34,40603;-0,043754;-8,845923;52,68528;-0,065714;-13,57198;67,15244;-0,082813;-17,3378;0;0;0;0;0;0;1,80915;0,032187;-0,659823;2,747923;0,049621;-1,00851;3,478825;0,056326;-1,271367;0;0;0;0;0;0;0;0;0;0,002012;0;0,008047;0,001844;0,002682;0,002682;0;0;0;0;0;0;0;0;0;-2,67148;3,755092;-10,23531;-7,535666;20,66642;-26,82745;13,93271;13,24989;9,800102;11,81048;46,57926;38,48193;5,755919;1,38621;-14,48696;3,649373;3,504702;3,731716;-19,85634;38,44472;3,571441;3,794625;-12,07378;83,49284;48,52542;44,51667;-13,36859;83,17056;26,29704;24,81354;-0,519333;-2,586822;-0,002031;0;-5,774517;0,10304;0;0,006294;0,047035;-0,00824;-0,00329;0;0;0;1,757583;1,581344;0;0;5,273437;4,738197;-76,87682;-71,75445;-0,12188;0,508118;-399,8165;6,955718;0;0,566483;-23,19488;4,078674;-0,394821;0;0;0;-0,054932;-0,013733;0;0;316,4062;284,2918
7;116,6667;00:00:00:117;0;0;0;-3,519914;0,050068;3,621712;-5,488894;-3,095579;6,598559;-6,824805;-5,790112;9,360318;-7,781619;-7,84247;11,51064;-2,370207;0;3,621712;-2,370207;0,05009;11,17456;-1,101738;-0,263125;16,08549;-0,428082;-0,594641;18,6847;0,104911;-0,997391;20,73387;-0,895299;-0,03505;3,621712;-0,101118;0,01504;11,13133;1,487908;-3,345168;15,36407;2,311738;-5,316635;17,54748;2,953364;-7,06188;19,23789;0,443679;-0,000078;3,621712;1,958848;0,050012;10,3956;1,956898;-4,900703;10,96029;1,452121;-6,971277;9,148491;0,732729;-7,112845;6,713186;1,743431;-0,000171;3,621712;3,958467;0,049919;9,102249;3,988765;-3,889036;9,573995;3,774377;-5,803107;8,925966;3,279263;-7,448497;7,388867;0;0;0;-40,61058;-34,4889;114,515;-34,85461;-34,48892;114,515;-33,67131;-34,1662;114,8744;-33,67131;-34,1662;114,8744;-0,379977;0;0;3,516359;14,48681;-0,069197;7,211531;14,44632;0,691893;11,19224;14,26092;1,696161;11,13419;14,30591;1,460845;-0,380045;6,036885;0;36,96213;19,88314;0,9885;39,9781;21,14116;-0,596542;43,3209;22,39095;-1,80976;43,38588;22,24145;-1,638607;-0,413454;12,60826;0;83,34498;12,07381;-1,420641;131,8838;14,03063;-1,435148;177,2766;16,53873;1,646391;177,1965;16,52571;1,364781;-0,485496;22,00679;0;82,97962;13,36752;-1,190102;109,2806;15,03487;-1,205822;134,6621;18,46848;0,636657;134,5959;18,26655;0,426631;0;0;0;0;0;0;0;0;0;0;0;0;0;0;0;0;0;0;0;0;0;0;0;0;0;0;0;0;0;0;0;0;0;0;0;0;0;0;0;0;0;0;0;0;0;0;0;0;0;0;0;0;0;0;0;0;0;0;0;0;0;0;0;0;0;0;0;0;0;0;0;0;0;0;0;0;0;0;0;0;0;-8,668898;1,247227;-4,42028;-16,4178;1,762211;-7,671117;-22,39108;2,051889;-10,05292;0;0;0;0;0;0;-29,81711;0,037886;7,671117;-45,65857;0,056829;11,76953;-58,19655;0,071749;15,0311;0;0;0;0;0;0;0,215918;0,002682;-0,075102;0,328571;0,002682;-0,112653;0,415742;0,005364;-0,144839;0;0;0;0;0;0;0;0;0;0,842549;-3,457367;3,717541;0,977162;-12,33548;4,205703;0;0;0;0;0;0;0;0;0;2,67148;-3,755092;10,23531;7,535666;-20,66642;26,82745;13,93271;13,24989;9,800102;11,81048;46,57926;38,48193;5,755919;1,38621;-14,48696;3,649373;3,504702;3,731716;-19,85634;38,44472;3,571441;3,794625;-12,07378;83,49284;48,52542;44,51667;-13,36859;83,17056;26,29704;24,81354;-0,519333;-2,586822;-0,002031;0;-5,774517;0,10304;0;0,006294;0,047035;-0,00824;-0,00329;0;0;0;1,757583;1,581344;0;0;5,273437;4,738197;-76,87682;-71,75445;-0,12188;0,508118;-399,8165;6,955718;0;0,566483;-23,19488;4,078674;-0,394821;0;0;0;-0,054932;-0,013733;0;0;316,4062;284,2918
8;133,3333;00:00:00:133;0;0;0;-3,519914;0,050068;3,621712;-5,485506;-3,096795;6,599512;-6,818399;-5,792179;9,361898;-7,772891;-7,845152;11,51266;-2,370207;0;3,621712;-2,370207;0,05009;11,17456;-1,103041;-0,263124;16,08583;-0,430078;-0,594638;18,68522;0,102367;-0,997388;20,73453;-0,895299;-0,03505;3,621712;-0,101118;0,01504;11,13133;1,484473;-3,345228;15,36531;2,306519;-5,316725;17,54936;2,946754;-7,061996;19,24028;0,443679;-0,000078;3,621712;1,958848;0,050012;10,3956;1,956898;-4,900703;10,96029;1,451418;-6,968391;9,145393;0,731919;-7,10256;6,709702;1,743431;-0,000171;3,621712;3,958467;0,049919;9,102249;3,988765;-3,889036;9,573995;3,772894;-5,801007;8,920284;3,275091;-7,43696;7,37401;0;0;0;-40,57757;-34,50339;114,5289;-34,82157;-34,5034;114,5289;-33,63851;-34,18086;114,8886;-33,63852;-34,18086;114,8886;-0,379977;0;0;3,516118;14,47167;-0,070158;7,211081;14,43118;0,69088;11,19152;14,24579;1,695083;11,13352;14,29078;1,45978;-0,380045;6,036885;0;36,96109;19,8388;0,985449;39,97837;21,09681;-0,599142;43,32219;22,34661;-1,811967;43,38703;22,19711;-1,640872;-0,413454;12,60826;0;83,34498;12,07381;-1,420641;131,9717;14,03063;-1,435149;177,4446;16,53415;1,650364;177,3645;16,52191;1,368722;-0,485496;22,00679;0;82,97962;13,36752;-1,190102;109,4564;15,03487;-1,20582;134,9993;18,463;0,64772;134,9327;18,26225;0,436455;0;0;0;0;0;0;0,203311;-0,073001;0,057176;0,384361;-0,124007;0,094861;0,523701;-0,160933;0,121638;0;0;0;0;0;0;-0,078198;0,000101;0,020117;-0,119738;0,000148;0,031024;-0,152618;0,000196;0,039607;0;0;0;0;0;0;-0,206128;-0,003576;0,074565;-0,313126;-0,005431;0,1131;-0,396609;-0,006929;0,143319;0;0;0;0;0;0;0;0;0;-0,042133;0,173181;-0,185877;-0,04857;0,617087;-0,209078;0;0;0;0;0;0;0;0;0;-0,088938;0,126019;-0,340909;-0,250362;0,692189;-0,891388;0;0;0;0;0;0;12,19869;-4,380046;3,430545;23,06163;-7,440447;5,691647;31,42208;-9,655951;7,29829;0;0;0;0;0;0;-4,691854;0,006035;1,206994;-7,184296;0,008885;1,861453;-9,15706;0,011735;2,376437;0;0;0;0;0;0;-12,36767;-0,214577;4,473924;-18,78753;-0,325888;6,785988;-23,79656;-0,415742;8,59916;0;0;0;0;0;0;0;0;0;-2,527982;10,39088;-11,15262;-2,91422;37,02521;-12,54469;0;0;0;0;0;0;0;0;0;-5,336254;7,561146;-20,45452;-15,02171;41,53132;-53,48325;13,92675;13,23783;9,795492;11,80479;46,58117;38,42809;5,755953;1,386351;-14,47181;3,649051;3,504702;3,731716;-19,8122;38,43704;3,571441;3,794573;-12,07378;83,49284;48,61334;44,59575;-13,36859;83,17056;26,47282;24,9715;0,114212;-3,230438;0,002031;0,008469;0,908833;-0,019312;0;0;2,648163;-0,460739;0;-0,003104;0;0;5,275268;4,74472;0;0;10,54642;9,477195;38,01269;-38,61694;0,243759;0,508118;401,0009;-7,341098;0;-0,377655;156,0676;-27,14996;0,197411;-0,186253;0;0;211,0611;189,8025;0;0;316,3788;284,3399
9;150;00:00:00:150;0;0;0;-3,519914;0,050068;3,621712;-5,485506;-3,096795;6,599512;-6,818399;-5,792179;9,361898;-7,772891;-7,845152;11,51266;-2,370207;0;3,621712;-2,370207;0,05009;11,17456;-1,103041;-0,263124;16,08583;-0,430078;-0,594638;18,68522;0,102367;-0,997388;20,73453;-0,895299;-0,03505;3,621712;-0,101118;0,01504;11,13133;1,484473;-3,345228;15,36531;2,306519;-5,316725;17,54936;2,946754;-7,061996;19,24028;0,443679;-0,000078;3,621712;1,958848;0,050012;10,3956;1,956898;-4,900703;10,96029;1,451418;-6,968391;9,145393;0,731919;-7,10256;6,709702;1,743431;-0,000171;3,621712;3,958467;0,049919;9,102249;3,988765;-3,889036;9,573995;3,772894;-5,801007;8,920284;3,275091;-7,43696;7,37401;0;0;0;-40,57757;-34,50339;114,5289;-34,82157;-34,5034;114,5289;-33,63851;-34,18086;114,8886;-33,63852;-34,18086;114,8886;-0,379977;0;0;3,516118;14,47167;-0,070158;7,211081;14,43118;0,69088;11,19152;14,24579;1,695083;11,13352;14,29078;1,45978;-0,380045;6,036885;0;36,96109;19,8388;0,985449;39,97837;21,09681;-0,599142;43,32219;22,34661;-1,811967;43,38703;22,19711;-1,640872;-0,413454;12,60826;0;83,34498;12,07381;-1,420641;131,9717;14,03063;-1,435149;177,4446;16,53415;1,650364;177,3645;16,52191;1,368722;-0,485496;22,00679;0;82,97962;13,36752;-1,190102;109,4564;15,03487;-1,20582;134,9993;18,463;0,64772;134,9327;18,26225;0,436455;0;0;0;0;0;0;0;0;0;0;0;0;0;0;0;0;0;0;0;0;0;0;0;0;0;0;0;0;0;0;0;0;0;0;0;0;0;0;0;0;0;0;0;0;0;0;0;0;0;0;0;0;0;0;0;0;0;0;0;0;0;0;0;0;0;0;0;0;0;0;0;0;0;0;0;0;0;0;0;0;0;-12,19869;4,380046;-3,430545;-23,06163;7,440447;-5,691647;-31,42208;9,655951;-7,29829;0;0;0;0;0;0;4,691854;-0,006035;-1,206994;7,184296;-0,008885;-1,861453;9,15706;-0,011735;-2,376437;0;0;0;0;0;0;12,36767;0,214577;-4,473924;18,78753;0,325888;-6,785988;23,79656;0,415742;-8,59916;0;0;0;0;0;0;0;0;0;2,527982;-10,39088;11,15262;2,91422;-37,02521;12,54469;0;0;0;0;0;0;0;0;0;5,336254;-7,561146;20,45452;15,02171;-41,53132;53,48325;13,92675;13,23783;9,795492;11,80479;46,58117;38,42809;5,755953;1,386351;-14,47181;3,649051;3,504702;3,731716;-19,8122;38,43704;3,571441;3,794573;-12,07378;83,49284;48,61334;44,59575;-13,36859;83,17056;26,47282;24,9715;0,114212;-3,230438;0,002031;0,008469;0,908833;-0,019312;0;0;2,648163;-0,460739;0;-0,003104;0;0;5,275268;4,74472;0;0;10,54642;9,477195;38,01269;-38,61694;0,243759;0,508118;401,0009;-7,341098;0;-0,377655;156,0676;-27,14996;0,197411;-0,186253;0;0;211,0611;189,8025;0;0;316,3788;284,3399
10;166,6667;00:00:00:167;0;0;0;-3,519914;0,050068;3,621712;-5,482238;-3,094339;6,604259;-6,812158;-5,787317;9,370422;-7,764346;-7,838395;11,52401;-2,370207;0;3,621712;-2,370207;0,05009;11,17456;-1,102064;-0,263125;16,08558;-0,428582;-0,59464;18,68483;0,104274;-0,99739;20,73403;-0,895299;-0,03505;3,621712;-0,101118;0,01504;11,13133;1,483769;-3,34524;15,36556;2,305449;-5,316743;17,54975;2,9454;-7,062017;19,24076;0,443679;-0,000078;3,621712;1,958848;0,050012;10,3956;1,956898;-4,900703;10,96029;1,450951;-6,966464;9,143331;0,731383;-7,095702;6,707392;1,743431;-0,000171;3,621712;3,958467;0,049919;9,102249;3,988765;-3,889036;9,573995;3,772894;-5,801007;8,920284;3,275091;-7,43696;7,37401;0;0;0;-40,49679;-34,47111;114,498;-34,74081;-34,47113;114,498;-33,55781;-34,149;114,8581;-33,55781;-34,149;114,8581;-0,379977;0;0;3,516298;14,48302;-0,069438;7,211417;14,44253;0,69164;11,19206;14,25713;1,695891;11,13402;14,30212;1,460578;-0,380045;6,036885;0;36,96088;19,82971;0,984825;39,97842;21,08772;-0,599676;43,32245;22,33753;-1,81242;43,38726;22,18802;-1,641336;-0,413454;12,60826;0;83,34498;12,07381;-1,420641;132,0303;14,03063;-1,435148;177,5566;16,53108;1,653008;177,4764;16,51937;1,371345;-0,485496;22,00679;0;82,97962;13,36752;-1,190102;109,4564;15,03487;-1,20582;134,9993;18,463;0,64772;134,9327;18,26225;0,436455;0;0;0;0;0;0;0,19607;0,147387;0,284806;0,374436;0,291735;0,511408;0,51266;0,405416;0,680968;0;0;0;0;0;0;0,058612;-0,000073;-0,01511;0,089742;-0,000109;-0,023246;0,114407;-0,00014;-0,029594;0;0;0;0;0;0;-0,042222;-0,000715;0,015199;-0,064149;-0,001095;0,023067;-0,081226;-0,001296;0,029236;0;0;0;0;0;0;0;0;0;-0,02804;0,115648;-0,123784;-0,032164;0,411496;-0,138581;0;0;0;0;0;0;0;0;0;0;0;0;0;0;0;0;0;0;0;0;0;11,76417;8,843242;17,08835;22,46618;17,50409;30,68447;30,75957;24,32495;40,85809;0;0;0;0;0;0;3,516711;-0,004359;-0,906587;5,384534;-0,006538;-1,394748;6,864443;-0,008382;-1,775622;0;0;0;0;0;0;-2,533346;-0,042915;0,911951;-3,848969;-0,065714;1,38402;-4,873573;-0,077784;1,754164;0;0;0;0;0;0;0;0;0;-1,682415;6,938874;-7,427036;-1,929849;24,68973;-8,314846;0;0;0;0;0;0;0;0;0;0;0;0;0;0;0;13,91183;13,22307;9,794328;11,80054;46,51327;38,34237;5,755919;1,386351;-14,48316;3,649266;3,504758;3,731664;-19,80316;38,43547;3,571387;3,794625;-12,07378;83,49284;48,67192;44,64846;-13,36859;83,17056;26,47282;24,9715;-4,073868;-5,143203;-0,002031;0;-0,681095;0,01286;0,003347;-0,003147;0,542908;-0,09407;-0,00329;0,003104;0;0;3,51448;3,162918;0;0;0;0;-251,2848;-114,7659;-0,243759;-0,508118;-95,39565;1,930332;0,200844;-0,188828;-126,3153;22,00012;-0,197411;0,372505;0;0;-105,6473;-94,90812;0;0;-632,785;-568,6317
11;183,3333;00:00:00:183;0;0;0;-3,519914;0,050068;3,621712;-5,480883;-3,094551;6,604926;-6,809594;-5,787626;9,371577;-7,760849;-7,838762;11,52552;-2,370207;0;3,621712;-2,370207;0,05009;11,17456;-1,101702;-0,263125;16,08548;-0,428029;-0,594641;18,68469;0,10498;-0,997391;20,73385;-0,895299;-0,03505;3,621712;-0,101118;0,01504;11,13133;1,483795;-3,345239;15,36556;2,305489;-5,316741;17,54974;2,94545;-7,062016;19,24075;0,443679;-0,000078;3,621712;1,958848;0,050012;10,3956;1,956898;-4,900703;10,96029;1,450718;-6,965498;9,142299;0,731116;-7,092271;6,706242;1,743431;-0,000171;3,621712;3,958467;0,049919;9,102249;3,988765;-3,889036;9,573995;3,772648;-5,800655;8,919338;3,274397;-7,43503;7,371541;0;0;0;-40,47992;-34,47343;114,5002;-34,72393;-34,47345;114,5002;-33,54103;-34,1514;114,8604;-33,54102;-34,1514;114,8604;-0,379977;0;0;3,516365;14,48722;-0,069171;7,21154;14,44673;0,69192;11,19226;14,26132;1,69619;11,1342;14,30632;1,460873;-0,380045;6,036885;0;36,96088;19,83005;0,984846;39,97841;21,08806;-0,599657;43,32243;22,33786;-1,812403;43,38725;22,18835;-1,641321;-0,413454;12,60826;0;83,34498;12,07381;-1,420641;132,0596;14,03062;-1,435147;177,6125;16,52955;1,654329;177,5324;16,51811;1,372657;-0,485496;22,00679;0;82,97962;13,36752;-1,190102;109,4857;15,03487;-1,205827;135,0555;18,46208;0,649565;134,9889;18,26153;0,438092;0;0;0;0;0;0;0,081271;-0,01274;0,04001;0,153869;-0,01853;0,06929;0,209793;-0,021994;0,090659;0;0;0;0;0;0;0,021692;-0,000025;-0,005633;0,033226;-0,000039;-0,008583;0,042334;-0,00005;-0,011086;0;0;0;0;0;0;0,001565;0,000067;-0,000536;0,002392;0,000112;-0,000805;0,003017;0,000089;-0,000983;0;0;0;0;0;0;0;0;0;-0,014015;0,057891;-0,06187;-0,016004;0,20586;-0,068977;0;0;0;0;0;0;0;0;0;-0,014797;0,021078;-0,056773;-0,041619;0,115782;-0,148192;0;0;0;0;0;0;-6,887913;-9,607671;-14,68777;-13,23402;-18,61587;-26,52704;-18,17196;-25,6446;-35,41856;0;0;0;0;0;0;-2,215169;0,00285;0,568628;-3,390983;0,004191;0,879765;-4,324391;0,005364;1,110434;0;0;0;0;0;0;2,627223;0,046939;-0,944138;3,992468;0,07242;-1,432299;5,054622;0,083148;-1,813173;0;0;0;0;0;0;0;0;0;0,841543;-3,465414;3,714859;0,969618;-12,33816;4,176198;0;0;0;0;0;0;0;0;0;-0,887811;1,264661;-3,406405;-2,497136;6,94692;-8,891521;13,90931;13,21941;9,792661;11,7981;46,5088;38,31833;5,755988;1,386492;-14,48737;3,649373;3,504646;3,731716;-19,80349;38,43552;3,571496;3,794625;-12,07378;83,49284;48,70124;44,6748;-13,36859;83,17056;26,50211;24,99783;-0,267792;-1,442413;0,004091;0,008476;-0,252342;0,006452;-0,006695;0,003147;-0,019798;0,003204;0,00658;0;0;0;1,759415;1,580658;0;0;1,757698;1,579971;228,3645;222,0474;0,367355;0,508547;25,72517;-0,384521;-0,602531;0,377655;-33,76236;5,836486;0,592232;-0,186253;0;0;-105,3039;-94,93559;0;0;105,4619;94,79826
12;200;00:00:00:200;0;0;0;-3,519914;0,050068;3,621712;-5,476903;-3,098997;6,602849;-6,806912;-5,796009;9,365039;-7,759185;-7,850195;11,51563;-2,370207;0;3,621712;-2,370207;0,05009;11,17456;-1,105458;-0,263121;16,08645;-0,433779;-0,594634;18,68617;0,09765;-0,997382;20,73575;-0,895299;-0,03505;3,621712;-0,101118;0,01504;11,13133;1,483106;-3,345252;15,3658;2,304443;-5,316761;17,55011;2,944124;-7,06204;19,24122;0,443679;-0,000078;3,621712;1,958848;0,050012;10,3956;1,956898;-4,900703;10,96029;1,450018;-6,962604;9,139211;0,73032;-7,081976;6,702807;1,743431;-0,000171;3,621712;3,958467;0,049919;9,102249;3,988765;-3,889036;9,573995;3,772894;-5,801007;8,920284;3,275091;-7,43696;7,37401;0;0;0;-40,48195;-34,52896;114,5534;-34,80217;-34,52898;114,5534;-33,61938;-34,20653;114,9134;-33,61938;-34,20653;114,9134;-0,379977;0;0;3,515673;14,44357;-0,071941;7,210251;14,4031;0,689002;11,19018;14,21772;1,693083;11,13231;14,26271;1,457809;-0,380045;6,036885;0;36,96067;19,82116;0,984235;39,97847;21,07917;-0,600176;43,3227;22,32898;-1,812845;43,38748;22,17947;-1,641775;-0,413454;12,60826;0;83,34498;12,07381;-1,420641;132,1475;14,03062;-1,435148;177,7805;16,52495;1,658286;177,7004;16,5143;1,376586;-0,485496;22,00679;0;82,97962;13,36752;-1,190102;109,4564;15,03487;-1,20582;134,9993;18,463;0,64772;134,9327;18,26225;0,436455;0;0;0;0;0;0;0,238806;-0,266768;-0,124633;0,160888;-0,502959;-0,392318;0,099868;-0,68602;-0,59393;0;0;0;0;0;0;-0,225322;0,000275;0,058204;-0,345033;0,000414;0,089049;-0,439782;0,00052;0,113905;0;0;0;0;0;0;-0,04134;-0,00076;0,014842;-0,062808;-0,00114;0,022709;-0,07955;-0,001475;0,028521;0;0;0;0;0;0;0;0;0;-0,041965;0,173718;-0,185296;-0,047777;0,617713;-0,206083;0;0;0;0;0;0;0;0;0;0,014797;-0,021078;0,056773;0,041619;-0,115782;0,148192;0;0;0;0;0;0;9,452103;-15,24165;-9,878574;0,421107;-29,06576;-27,69649;-6,595552;-39,84153;-41,07534;0;0;0;0;0;0;-14,82088;0,018021;3,830194;-22,69551;0,027157;5,857944;-28,92695;0,034198;7,499455;0;0;0;0;0;0;-2,57425;-0,049621;0,92268;-3,912001;-0,075102;1,410842;-4,954039;-0,093877;1,770258;0;0;0;0;0;0;0;0;0;-1,677051;6,949604;-7,405578;-1,90638;24,71119;-8,226335;0;0;0;0;0;0;0;0;0;1,775622;-2,529323;6,81281;4,994272;-13,89384;17,78304;13,91767;13,22373;9,789028;11,79317;46,56916;38,28323;5,679788;1,386351;-14,44371;3,648568;3,504646;3,731664;-19,79463;38,43398;3,571496;3,794573;-12,07378;83,49284;48,78915;44,75388;-13,36859;83,17056;26,47282;24,9715;3,621597;-2,105484;-4,571971;-0,008476;2,619209;-0,048308;0;-0,003147;0,53112;-0,092468;0;-0,003104;0;0;5,274353;4,744491;0;0;-1,757698;-1,579971;233,3633;-39,78424;-274,5638;-1,017094;172,2931;-3,285598;0,401688;-0,377655;33,05511;-5,740355;-0,394821;-0,186253;0;0;210,8963;189,83;0;0;-210,9237;-189,5965
13;216,6667;00:00:00:217;0;0;0;-3,519914;0,050068;3,621712;-5,476903;-3,098997;6,602849;-6,806912;-5,796009;9,365039;-7,759185;-7,850195;11,51563;-2,370207;0;3,621712;-2,370207;0,05009;11,17456;-1,105458;-0,263121;16,08645;-0,433779;-0,594634;18,68617;0,09765;-0,997382;20,73575;-0,895299;-0,03505;3,621712;-0,101118;0,01504;11,13133;1,483106;-3,345252;15,3658;2,304443;-5,316761;17,55011;2,944124;-7,06204;19,24122;0,443679;-0,000078;3,621712;1,958848;0,050012;10,3956;1,956898;-4,900703;10,96029;1,450018;-6,962604;9,139211;0,73032;-7,081976;6,702807;1,743431;-0,000171;3,621712;3,958467;0,049919;9,102249;3,988765;-3,889036;9,573995;3,772894;-5,801007;8,920284;3,275091;-7,43696;7,37401;0;0;0;-40,48195;-34,52896;114,5534;-34,80217;-34,52898;114,5534;-33,61938;-34,20653;114,9134;-33,61938;-34,20653;114,9134;-0,379977;0;0;3,515673;14,44357;-0,071941;7,210251;14,4031;0,689002;11,19018;14,21772;1,693083;11,13231;14,26271;1,457809;-0,380045;6,036885;0;36,96067;19,82116;0,984235;39,97847;21,07917;-0,600176;43,3227;22,32898;-1,812845;43,38748;22,17947;-1,641775;-0,413454;12,60826;0;83,34498;12,07381;-1,420641;132,1475;14,03062;-1,435148;177,7805;16,52495;1,658286;177,7004;16,5143;1,376586;-0,485496;22,00679;0;82,97962;13,36752;-1,190102;109,4564;15,03487;-1,20582;134,9993;18,463;0,64772;134,9327;18,26225;0,436455;0;0;0;0;0;0;0;0;0;0;0;0;0;0;0;0;0;0;0;0;0;0;0;0;0;0;0;0;0;0;0;0;0;0;0;0;0;0;0;0;0;0;0;0;0;0;0;0;0;0;0;0;0;0;0;0;0;0;0;0;0;0;0;0;0;0;0;0;0;0;0;0;0;0;0;0;0;0;0;0;0;-14,32836;16,00608;7,477998;-9,653269;30,17753;23,53906;-5,992054;41,16117;35,63582;0;0;0;0;0;0;13,51934;-0,016512;-3,492236;20,70196;-0,02481;-5,342959;26,3869;-0,031181;-6,834268;0;0;0;0;0;0;2,480372;0,045598;-0,890493;3,768503;0,068396;-1,362562;4,77299;0,088513;-1,711249;0;0;0;0;0;0;0;0;0;2,517923;-10,42306;11,11775;2,866611;-37,06276;12,36498;0;0;0;0;0;0;0;0;0;-0,887811;1,264661;-3,406405;-2,497136;6,94692;-8,891521;13,91767;13,22373;9,789028;11,79317;46,56916;38,28323;5,679788;1,386351;-14,44371;3,648568;3,504646;3,731664;-19,79463;38,43398;3,571496;3,794573;-12,07378;83,49284;48,78915;44,75388;-13,36859;83,17056;26,47282;24,9715;3,621597;-2,105484;-4,571971;-0,008476;2,619209;-0,048308;0;-0,003147;0,53112;-0,092468;0;-0,003104;0;0;5,274353;4,744491;0;0;-1,757698;-1,579971;233,3633;-39,78424;-274,5638;-1,017094;172,2931;-3,285598;0,401688;-0,377655;33,05511;-5,740355;-0,394821;-0,186253;0;0;210,8963;189,83;0;0;-210,9237;-189,5965
14;233,3333;00:00:00:233;0;0;0;-3,519914;0,050068;3,621712;-5,474905;-3,100181;6,602909;-6,798357;-5,797849;9,367604;-7,745577;-7,852455;11,52002;-2,370207;0;3,621712;-2,370207;0,05009;11,17456;-1,103358;-0,263123;16,08591;-0,430563;-0,594638;18,68534;0,101749;-0,997387;20,73469;-0,895299;-0,03505;3,621712;-0,101118;0,01504;11,13133;1,481708;-3,345274;15,36631;2,302319;-5,316796;17,55088;2,941434;-7,062083;19,2422;0,443679;-0,000078;3,621712;1,958848;0,050012;10,3956;1,956898;-4,900703;10,96029;1,450018;-6,962604;9,139211;0,73032;-7,081976;6,702807;1,743431;-0,000171;3,621712;3,958467;0,049919;9,102249;3,988765;-3,889036;9,573995;3,772894;-5,801007;8,920284;3,275091;-7,43696;7,37401;0;0;0;-40,46889;-34,54348;114,5674;-34,7129;-34,54349;114,5674;-33,53057;-34,22151;114,928;-33,53057;-34,22152;114,928;-0,379977;0;0;3,51606;14,46798;-0,070392;7,210972;14,42749;0,690634;11,19134;14,2421;1,69482;11,13337;14,28709;1,459522;-0,380045;6,036885;0;36,96024;19,80312;0,982991;39,97857;21,06112;-0,601237;43,3232;22,31093;-1,813748;43,38794;22,16142;-1,642699;-0,413454;12,60826;0;83,34498;12,07381;-1,420641;132,1475;14,03062;-1,435148;177,7805;16,52495;1,658286;177,7004;16,5143;1,376586;-0,485496;22,00679;0;82,97962;13,36752;-1,190102;109,4564;15,03487;-1,20582;134,9993;18,463;0,64772;134,9327;18,26225;0,436455;0;0;0;0;0;0;0,119895;-0,071034;0,003621;0,513285;-0,11044;0,153914;0,816464;-0,135541;0,26384;0;0;0;0;0;0;0,125997;-0,000155;-0,032544;0,19294;-0,000232;-0,04971;0,245914;-0,000291;-0,063658;0;0;0;0;0;0;-0,083897;-0,001363;0,03022;-0,127427;-0,002123;0,045866;-0,161402;-0,002593;0,058204;0;0;0;0;0;0;0;0;0;0;0;0;0;0;0;0;0;0;0;0;0;0;0;0;0;0;0;0;0;0;0;0;0;0;0;0;7,193684;-4,262029;0,217259;30,79712;-6,626397;9,234844;48,98786;-8,132456;15,8304;0;0;0;0;0;0;7,559805;-0,009304;-1,952648;11,57641;-0,013914;-2,982616;14,75483;-0,017434;-3,819465;0;0;0;0;0;0;-5,033835;-0,081807;1,813173;-7,645636;-0,127405;2,751946;-9,684114;-0,155568;3,492236;0;0;0;0;0;0;0;0;0;0;0;0;0;0;0;0;0;0;0;0;0;0;0;0;0;0;0;0;0;0;13,9098;13,20866;9,779572;11,78207;46,57932;38,25583;5,755988;1,38621;-14,46812;3,648998;3,504702;3,731664;-19,77668;38,43085;3,571441;3,794573;-12,07378;83,49284;48,78915;44,75388;-13,36859;83,17056;26,47282;24,9715;0,609283;-1,644058;4,571971;-0,008469;-1,464386;0,025778;0,003347;0;1,077461;-0,187912;-0,00329;0;0;0;0;0;0;0;0;0;-180,7388;27,68555;548,6365;0,000429;-245,0157;4,445171;0,200844;0,188828;32,78046;-5,726623;-0,197411;0,186253;0;0;-316,4612;-284,6695;0;0;105,4619;94,79826
15;250;00:00:00:250;0;0;0;-3,519914;0,050068;3,621712;-5,472496;-3,100523;6,604126;-6,793796;-5,79833;9,369715;-7,739357;-7,853014;11,52279;-2,370207;0;3,621712;-2,370207;0,05009;11,17456;-1,104776;-0,263121;16,08628;-0,432735;-0,594635;18,6859;0,098981;-0,997383;20,7354;-0,895299;-0,03505;3,621712;-0,101118;0,01504;11,13133;1,480775;-3,345291;15,36664;2,300901;-5,316821;17,55139;2,939639;-7,062116;19,24284;0,443679;-0,000078;3,621712;1,958848;0,050012;10,3956;1,956898;-4,900703;10,96029;1,449785;-6,961637;9,138182;0,730056;-7,078542;6,701668;1,743431;-0,000171;3,621712;3,958467;0,049919;9,102249;3,988765;-3,889036;9,573995;3,772894;-5,801007;8,920284;3,275091;-7,43696;7,37401;0;0;0;-40,43847;-34,54717;114,5709;-34,68249;-34,54719;114,5709;-33,5003;-34,22536;114,9318;-33,50031;-34,22536;114,9318;-0,379977;0;0;3,515798;14,4515;-0,071438;7,210485;14,41102;0,689532;11,19056;14,22563;1,693646;11,13265;14,27062;1,458364;-0,380045;6,036885;0;36,95998;19,79108;0,982168;39,97866;21,04908;-0,60194;43,32356;22,29889;-1,814347;43,38827;22,14939;-1,643309;-0,413454;12,60826;0;83,34498;12,07381;-1,420641;132,1768;14,03063;-1,435149;177,8365;16,52342;1,659605;177,7564;16,51303;1,377896;-0,485496;22,00679;0;82,97962;13,36752;-1,190102;109,4564;15,03487;-1,20582;134,9993;18,463;0,64772;134,9327;18,26225;0,436455;0;0;0;0;0;0;0,144526;-0,020497;0,073045;0,273675;-0,028856;0,126645;0,373185;-0,033572;0,165939;0;0;0;0;0;0;-0,085099;0,000109;0,021994;-0,130311;0,000165;0,033617;-0,166085;0,000212;0,043005;0;0;0;0;0;0;-0,056013;-0,001028;0,020206;-0,085071;-0,00152;0,030667;-0,107758;-0,001967;0,038803;0;0;0;0;0;0;0;0;0;-0,013992;0,05798;-0,061736;-0,015828;0,206038;-0,068352;0;0;0;0;0;0;0;0;0;0;0;0;0;0;0;0;0;0;0;0;0;1,477897;3,032237;4,16547;-14,37664;4,895031;-1,636147;-26,59678;6,118118;-5,874037;0;0;0;0;0;0;-12,66572;0,015842;3,272295;-19,39505;0,023805;4,999637;-24,7199;0,030175;6,39975;0;0;0;0;0;0;1,673028;0,020117;-0,600815;2,541393;0,03621;-0,911951;3,21865;0,037551;-1,164078;0;0;0;0;0;0;0;0;0;-0,839531;3,478825;-3,70413;-0,94967;12,3623;-4,101097;0;0;0;0;0;0;0;0;0;0;0;0;0;0;0;13,90365;13,20097;9,776195;11,77725;46,57074;38,21273;5,755886;1,386351;-14,45164;3,648676;3,504702;3,731716;-19,76468;38,42878;3,571387;3,794573;-12,07378;83,49284;48,81843;44,78024;-13,36859;83,17056;26,47282;24,9715;-0,514755;-2,586136;-0,006123;0,008469;0,98877;-0,019312;0;0,003147;0,719604;-0,124054;-0,00329;0;0;0;1,757126;1,581802;0;0;0;0;-67,44231;-56,52465;-274,6856;1,016235;147,1893;-2,705383;-0,200844;0,188828;-21,47141;3,831481;0;0;0;0;105,4275;94,90813;0;0;0;0
16;266,6667;00:00:00:267;0;0;0;-3,519914;0,050068;3,621712;-5,472496;-3,100523;6,604126;-6,793796;-5,79833;9,369715;-7,739357;-7,853014;11,52279;-2,370207;0;3,621712;-2,370207;0,05009;11,17456;-1,104776;-0,263121;16,08628;-0,432735;-0,594635;18,6859;0,098981;-0,997383;20,7354;-0,895299;-0,03505;3,621712;-0,101118;0,01504;11,13133;1,480775;-3,345291;15,36664;2,300901;-5,316821;17,55139;2,939639;-7,062116;19,24284;0,443679;-0,000078;3,621712;1,958848;0,050012;10,3956;1,956898;-4,900703;10,96029;1,449785;-6,961637;9,138182;0,730056;-7,078542;6,701668;1,743431;-0,000171;3,621712;3,958467;0,049919;9,102249;3,988765;-3,889036;9,573995;3,772894;-5,801007;8,920284;3,275091;-7,43696;7,37401;0;0;0;-40,43847;-34,54717;114,5709;-34,68249;-34,54719;114,5709;-33,5003;-34,22536;114,9318;-33,50031;-34,22536;114,9318;-0,379977;0;0;3,515798;14,4515;-0,071438;7,210485;14,41102;0,689532;11,19056;14,22563;1,693646;11,13265;14,27062;1,458364;-0,380045;6,036885;0;36,95998;19,79108;0,982168;39,97866;21,04908;-0,60194;43,32356;22,29889;-1,814347;43,38827;22,14939;-1,643309;-0,413454;12,60826;0;83,34498;12,07381;-1,420641;132,1768;14,03063;-1,435149;177,8365;16,52342;1,659605;177,7564;16,51303;1,377896;-0,485496;22,00679;0;82,97962;13,36752;-1,190102;109,4564;15,03487;-1,20582;134,9993;18,463;0,64772;134,9327;18,26225;0,436455;0;0;0;0;0;0;0;0;0;0;0;0;0;0;0;0;0;0;0;0;0;0;0;0;0;0;0;0;0;0;0;0;0;0;0;0;0;0;0;0;0;0;0;0;0;0;0;0;0;0;0;0;0;0;0;0;0;0;0;0;0;0;0;0;0;0;0;0;0;0;0;0;0;0;0;0;0;0;0;0;0;-8,67158;1,229793;-4,382729;-16,42048;1,731366;-7,598697;-22,39108;2,014338;-9,956358;0;0;0;0;0;0;5,105919;-0,006538;-1,319647;7,818638;-0,009891;-2,017021;9,965075;-0,01274;-2,580285;0;0;0;0;0;0;3,360807;0,061691;-1,212358;5,104243;0,091195;-1,839995;6,465465;0,118017;-2,328157;0;0;0;0;0;0;0;0;0;0,839531;-3,478825;3,70413;0,94967;-12,3623;4,101097;0;0;0;0;0;0;0;0;0;0;0;0;0;0;0;13,90365;13,20097;9,776195;11,77725;46,57074;38,21273;5,755886;1,386351;-14,45164;3,648676;3,504702;3,731716;-19,76468;38,42878;3,571387;3,794573;-12,07378;83,49284;48,81843;44,78024;-13,36859;83,17056;26,47282;24,9715;-0,514755;-2,586136;-0,006123;0,008469;0,98877;-0,019312;0;0,003147;0,719604;-0,124054;-0,00329;0;0;0;1,757126;1,581802;0;0;0;0;-67,44231;-56,52465;-274,6856;1,016235;147,1893;-2,705383;-0,200844;0,188828;-21,47141;3,831481;0;0;0;0;105,4275;94,90813;0;0;0;0
17;283,3333;00:00:00:283;0;0;0;-3,519914;0,050068;3,621712;-5,46375;-3,101704;6,608588;-6,777235;-5,799964;9,377457;-7,716771;-7,854892;11,53293;-2,370207;0;3,621712;-2,370207;0,05009;11,17456;-1,109556;-0,263115;16,08751;-0,440054;-0,594626;18,68779;0,089651;-0,997372;20,73781;-0,895299;-0,03505;3,621712;-0,101118;0,01504;11,13133;1,477881;-3,345341;15,36768;2,296504;-5,316897;17,55297;2,934071;-7,062212;19,24484;0,443679;-0,000078;3,621712;1,958848;0,050012;10,3956;1,956898;-4,900703;10,96029;1,448854;-6,957765;9,13407;0,729008;-7,064803;6,697139;1,743431;-0,000171;3,621712;3,958467;0,049919;9,102249;3,988765;-3,889036;9,573995;3,772648;-5,800655;8,919338;3,274397;-7,43503;7,371541;0;0;0;-40,32743;-34,55993;114,5832;-34,57145;-34,55994;114,5832;-33,38977;-34,2387;114,9448;-33,38979;-34,23869;114,9448;-0,379977;0;0;3,51492;14,39596;-0,074961;7,208846;14,35549;0,685821;11,18792;14,17015;1,689695;11,13025;14,21513;1,454468;-0,380045;6,036885;0;36,95911;19,75374;0,979603;39,97889;21,01173;-0,60413;43,32466;22,26156;-1,816202;43,38923;22,11205;-1,645219;-0,413454;12,60826;0;83,34498;12,07381;-1,420641;132,294;14,03063;-1,435148;178,0604;16,51727;1,664867;177,9803;16,50794;1,383126;-0,485496;22,00679;0;82,97962;13,36752;-1,190102;109,4857;15,03487;-1,205827;135,0555;18,46208;0,649565;134,9889;18,26153;0,438092;0;0;0;0;0;0;0,524774;-0,070855;0,267729;0,993714;-0,098057;0,464514;1,355231;-0,112698;0,608683;0;0;0;0;0;0;-0,286784;0,000363;0,073761;-0,439145;0,000545;0,11301;-0,559755;0,000682;0,144392;0;0;0;0;0;0;-0,173628;-0,002973;0,062406;-0,263795;-0,004537;0,094771;-0,334069;-0,005767;0,120163;0;0;0;0;0;0;0;0;0;-0,055829;0,232324;-0,246674;-0,062895;0,824332;-0,271752;0;0;0;0;0;0;0;0;0;-0,014797;0,021078;-0,056773;-0,041619;0,115782;-0,148192;0;0;0;0;0;0;31,48645;-4,2513;16,06375;59,62282;-5,883425;27,87083;81,31384;-6,761848;36,52095;0;0;0;0;0;0;-17,20704;0,021793;4,425644;-26,34868;0,032689;6,780623;-33,58527;0,040904;8,663533;0;0;0;0;0;0;-10,4177;-0,178367;3,744363;-15,82771;-0,272244;5,686282;-20,04415;-0,346005;7,209777;0;0;0;0;0;0;0;0;0;-3,349743;13,93944;-14,80043;-3,7737;49,45993;-16,30515;0;0;0;0;0;0;0;0;0;-0,887811;1,264661;-3,406405;-2,497136;6,94692;-8,891521;13,88148;13,17355;9,764236;11,76007;46,5387;38,05579;5,755988;1,386492;-14,39611;3,64771;3,504702;3,731769;-19,72751;38,42234;3,571441;3,794625;-12,07378;83,49284;48,93566;44,88567;-13,36859;83,17056;26,50211;24,99783;-1,922607;-9,416656;0,006123;0,008476;3,331604;-0,057964;0;0,003147;2,23011;-0,38681;0,00329;0,003104;0;0;7,033538;6,325836;0;0;1,757698;1,579971;-84,47112;-409,8312;0,734711;0,000429;140,5701;-2,319145;0;0;90,63034;-15,76538;0,394821;0,186253;0;0;316,5847;284,642;0;0;105,4619;94,79826
18;300;00:00:00:300;0;0;0;-3,519914;0,050068;3,621712;-5,459947;-3,104255;6,608367;-6,770071;-5,804523;9,376871;-7,707025;-7,860952;11,53204;-2,370207;0;3,621712;-2,370207;0,05009;11,17456;-1,111092;-0,263113;16,0879;-0,442407;-0,594623;18,68839;0,086652;-0,997368;20,73858;-0,895299;-0,03505;3,621712;-0,101118;0,01504;11,13133;1,477571;-3,345346;15,36779;2,296035;-5,316905;17,55314;2,933475;-7,062222;19,24506;0,443679;-0,000078;3,621712;1,958848;0,050012;10,3956;1,956898;-4,900703;10,96029;1,448158;-6,954857;9,130993;0,728229;-7,054492;6,693771;1,743431;-0,000171;3,621712;3,958467;0,049919;9,102249;3,988765;-3,889036;9,573995;3,772648;-5,800655;8,919338;3,274397;-7,43503;7,371541;0;0;0;-40,3068;-34,59148;114,6135;-34,55082;-34,59149;114,6135;-33,3695;-34,27035;114,9755;-33,3695;-34,27036;114,9755;-0,379977;0;0;3,51464;14,37811;-0,076093;7,208322;14,33765;0,684629;11,18707;14,15232;1,688425;11,12947;14,19729;1,453217;-0,380045;6,036885;0;36,95901;19,74975;0,979329;39,97891;21,00774;-0,604365;43,32477;22,25757;-1,816404;43,38934;22,10806;-1,645423;-0,413454;12,60826;0;83,34498;12,07381;-1,420641;132,3819;14,03063;-1,435147;178,2284;16,51266;1,668803;178,1483;16,50412;1,387043;-0,485496;22,00679;0;82,97962;13,36752;-1,190102;109,4857;15,03487;-1,205827;135,0555;18,46208;0,649565;134,9889;18,26153;0,438092;0;0;0;0;0;0;0,228167;-0,153087;-0,013277;0,429824;-0,273518;-0,035137;0,584722;-0,363618;-0,053599;0;0;0;0;0;0;-0,092184;0,000123;0,023603;-0,141162;0,000187;0,036299;-0,179943;0,000235;0,046134;0;0;0;0;0;0;-0,018552;-0,000291;0,006616;-0,028186;-0,000469;0,010103;-0,035718;-0,000581;0,012875;0;0;0;0;0;0;0;0;0;-0,041798;0,174478;-0,18467;-0,046721;0,618651;-0,202104;0;0;0;0;0;0;0;0;0;0;0;0;0;0;0;0;0;0;0;0;0;-17,79645;-4,933923;-16,86036;-33,83338;-10,52767;-29,97905;-46,23055;-15,05524;-39,73692;0;0;0;0;0;0;11,67599;-0,014417;-3,009438;17,87893;-0,021458;-4,60267;22,78871;-0,026822;-5,895494;0;0;0;0;0;0;9,304582;0,160933;-3,347396;14,13658;0,244081;-5,080103;17,90106;0,311136;-6,437301;0;0;0;0;0;0;0;0;0;0,841878;-3,470778;3,720223;0,970457;-12,34085;4,17888;0;0;0;0;0;0;0;0;0;0,887811;-1,264661;3,406405;2,497136;-6,94692;8,891521;13,87842;13,1662;9,757702;11,75086;46,56396;38,00645;5,755953;1,386492;-14,37826;3,647441;3,504702;3,731716;-19,72354;38,42165;3,571441;3,794625;-12,07378;83,49284;49,02356;44,96473;-13,36859;83,17056;26,50211;24,99783;1,516113;-2,960129;-0,00206;0;1,071224;-0,016122;0;-0,003147;0,238609;-0,041428;0;0;0;0;5,274353;4,743576;0;0;0;0;206,3232;387,3916;-0,490952;-0,508547;-135,6228;2,510547;0;-0,377655;-119,49;20,72296;-0,197411;-0,186253;0;0;-105,5511;-94,9356;0;0;-105,4619;-94,79826
19;316,6667;00:00:00:317;0;0;0;-3,519914;0,050068;3,621712;-5,459947;-3,104255;6,608367;-6,770071;-5,804523;9,376871;-7,707025;-7,860952;11,53204;-2,370207;0;3,621712;-2,370207;0,05009;11,17456;-1,111092;-0,263113;16,0879;-0,442407;-0,594623;18,68839;0,086652;-0,997368;20,73858;-0,895299;-0,03505;3,621712;-0,101118;0,01504;11,13133;1,477571;-3,345346;15,36779;2,296035;-5,316905;17,55314;2,933475;-7,062222;19,24506;0,443679;-0,000078;3,621712;1,958848;0,050012;10,3956;1,956898;-4,900703;10,96029;1,448158;-6,954857;9,130993;0,728229;-7,054492;6,693771;1,743431;-0,000171;3,621712;3,958467;0,049919;9,102249;3,988765;-3,889036;9,573995;3,772648;-5,800655;8,919338;3,274397;-7,43503;7,371541;0;0;0;-40,3068;-34,59148;114,6135;-34,55082;-34,59149;114,6135;-33,3695;-34,27035;114,9755;-33,3695;-34,27036;114,9755;-0,379977;0;0;3,51464;14,37811;-0,076093;7,208322;14,33765;0,684629;11,18707;14,15232;1,688425;11,12947;14,19729;1,453217;-0,380045;6,036885;0;36,95901;19,74975;0,979329;39,97891;21,00774;-0,604365;43,32477;22,25757;-1,816404;43,38934;22,10806;-1,645423;-0,413454;12,60826;0;83,34498;12,07381;-1,420641;132,3819;14,03063;-1,435147;178,2284;16,51266;1,668803;178,1483;16,50412;1,387043;-0,485496;22,00679;0;82,97962;13,36752;-1,190102;109,4857;15,03487;-1,205827;135,0555;18,46208;0,649565;134,9889;18,26153;0,438092;0;0;0;0;0;0;0;0;0;0;0;0;0;0;0;0;0;0;0;0;0;0;0;0;0;0;0;0;0;0;0;0;0;0;0;0;0;0;0;0;0;0;0;0;0;0;0;0;0;0;0;0;0;0;0;0;0;0;0;0;0;0;0;0;0;0;0;0;0;0;0;0;0;0;0;0;0;0;0;0;0;-13,68999;9,185224;0,796616;-25,78944;16,41109;2,108216;-35,08329;21,81709;3,215969;0;0;0;0;0;0;5,53105;-0,007376;-1,416206;8,469744;-0,011232;-2,177953;10,79656;-0,014082;-2,768039;0;0;0;0;0;0;1,113117;0,017434;-0,396967;1,691133;0,028163;-0,606179;2,143085;0,034869;-0,772476;0;0;0;0;0;0;0;0;0;2,507865;-10,46866;11,0802;2,803243;-37,11908;12,12627;0;0;0;0;0;0;0;0;0;0;0;0;0;0;0;13,87842;13,1662;9,757702;11,75086;46,56396;38,00645;5,755953;1,386492;-14,37826;3,647441;3,504702;3,731716;-19,72354;38,42165;3,571441;3,794625;-12,07378;83,49284;49,02356;44,96473;-13,36859;83,17056;26,50211;24,99783;1,516113;-2,960129;-0,00206;0;1,071224;-0,016122;0;-0,003147;0,238609;-0,041428;0;0;0;0;5,274353;4,743576;0;0;0;0;206,3232;387,3916;-0,490952;-0,508547;-135,6228;2,510547;0;-0,377655;-119,49;20,72296;-0,197411;-0,186253;0;0;-105,5511;-94,9356;0;0;-105,4619;-94,79826
20;333,3333;00:00:00:333;0;0;0;-3,519914;0,050068;3,621712;-5,454601;-3,109778;6,605996;-6,760035;-5,814587;9,37228;-7,693392;-7,874452;11,52573;-2,370207;0;3,621712;-2,370207;0,05009;11,17456;-1,115421;-0,263107;16,08901;-0,449035;-0,594614;18,69009;0,078204;-0,997357;20,74075;-0,895299;-0,03505;3,621712;-0,101118;0,01504;11,13133;1,476809;-3,345359;15,36807;2,294876;-5,316924;17,55355;2,932008;-7,062247;19,24558;0,443679;-0,000078;3,621712;1,958848;0,050012;10,3956;1,956898;-4,900703;10,96029;1,447926;-6,953886;9,129967;0,727971;-7,051053;6,692654;1,743431;-0,000171;3,621712;3,958467;0,049919;9,102249;3,988765;-3,889036;9,573995;3,772648;-5,800655;8,919338;3,274397;-7,43503;7,371541;0;0;0;-40,30423;-34,66056;114,68;-34,54825;-34,66058;114,68;-33,36744;-34,33944;115,0422;-33,36744;-34,33944;115,0422;-0,379977;0;0;3,513849;14,32782;-0,07928;7,206842;14,28738;0,681271;11,18468;14,10208;1,684852;11,1273;14,14705;1,449693;-0,380045;6,036885;0;36,95879;19,73991;0,978652;39,97898;20,9979;-0,60494;43,32507;22,24774;-1,81689;43,38958;22,09822;-1,645925;-0,413454;12,60826;0;83,34498;12,07381;-1,420641;132,4112;14,03063;-1,435147;178,2844;16,51112;1,670115;178,2043;16,50284;1,388347;-0,485496;22,00679;0;82,97962;13,36752;-1,190102;109,4857;15,03487;-1,205827;135,0555;18,46208;0,649565;134,9889;18,26153;0,438092;0;0;0;0;0;0;0,320748;-0,331387;-0,142291;0,602156;-0,603832;-0,275418;0,817984;-0,809938;-0,378683;0;0;0;0;0;0;-0,259716;0,000353;0,066429;-0,397693;0,000531;0,101924;-0,506904;0,000665;0,130087;0;0;0;0;0;0;-0,045776;-0,000782;0,016451;-0,069514;-0,001162;0,025034;-0,088044;-0,001475;0,031561;0;0;0;0;0;0;0;0;0;-0,01392;0,058293;-0,061557;-0,015495;0,206351;-0,067011;0;0;0;0;0;0;0;0;0;0;0;0;0;0;0;0;0;0;0;0;0;19,24485;-19,88321;-8,53747;36,12935;-36,22993;-16,52509;49,07906;-48,59626;-22,72099;0;0;0;0;0;0;-15,58296;0,021206;3,985762;-23,8616;0,031851;6,115436;-30,41424;0,039898;7,805227;0;0;0;0;0;0;-2,746582;-0,046939;0,987053;-4,170834;-0,069737;1,502037;-5,28261;-0,088513;1,893639;0;0;0;0;0;0;0;0;0;-0,835173;3,4976;-3,693401;-0,929721;12,38108;-4,02063;0;0;0;0;0;0;0;0;0;0;0;0;0;0;0;13,87836;13,15884;9,744534;11,73639;46,63672;37,95505;5,755953;1,386492;-14,32799;3,646528;3,504646;3,731716;-19,71374;38,41995;3,571496;3,794573;-12,07378;83,49284;49,05287;44,9911;-13,36859;83,17056;26,50211;24,99783;4,365463;-3,084183;0;0;3,016205;-0,05476;-0,003347;0;0,587883;-0,101624;0,00329;-0,003104;0;0;1,75827;1,58226;0;0;0;0;170,961;-7,443237;0,123596;0;116,6988;-2,318287;-0,200844;0,188828;20,95642;-3,611755;0,197411;-0,186253;0;0;-210,9649;-189,6789;0;0;0;0
21;350;00:00:00:350;0;0;0;-3,519914;0,050068;3,621712;-5,454601;-3,109778;6,605996;-6,760035;-5,814587;9,37228;-7,693392;-7,874452;11,52573;-2,370207;0;3,621712;-2,370207;0,05009;11,17456;-1,115421;-0,263107;16,08901;-0,449035;-0,594614;18,69009;0,078204;-0,997357;20,74075;-0,895299;-0,03505;3,621712;-0,101118;0,01504;11,13133;1,476809;-3,345359;15,36807;2,294876;-5,316924;17,55355;2,932008;-7,062247;19,24558;0,443679;-0,000078;3,621712;1,958848;0,050012;10,3956;1,956898;-4,900703;10,96029;1,447926;-6,953886;9,129967;0,727971;-7,051053;6,692654;1,743431;-0,000171;3,621712;3,958467;0,049919;9,102249;3,988765;-3,889036;9,573995;3,772648;-5,800655;8,919338;3,274397;-7,43503;7,371541;0;0;0;-40,30423;-34,66056;114,68;-34,54825;-34,66058;114,68;-33,36744;-34,33944;115,0422;-33,36744;-34,33944;115,0422;-0,379977;0;0;3,513849;14,32782;-0,07928;7,206842;14,28738;0,681271;11,18468;14,10208;1,684852;11,1273;14,14705;1,449693;-0,380045;6,036885;0;36,95879;19,73991;0,978652;39,97898;20,9979;-0,60494;43,32507;22,24774;-1,81689;43,38958;22,09822;-1,645925;-0,413454;12,60826;0;83,34498;12,07381;-1,420641;132,4112;14,03063;-1,435147;178,2844;16,51112;1,670115;178,2043;16,50284;1,388347;-0,485496;22,00679;0;82,97962;13,36752;-1,190102;109,4857;15,03487;-1,205827;135,0555;18,46208;0,649565;134,9889;18,26153;0,438092;0;0;0;0;0;0;0;0;0;0;0;0;0;0;0;0;0;0;0;0;0;0;0;0;0;0;0;0;0;0;0;0;0;0;0;0;0;0;0;0;0;0;0;0;0;0;0;0;0;0;0;0;0;0;0;0;0;0;0;0;0;0;0;0;0;0;0;0;0;0;0;0;0;0;0;0;0;0;0;0;0;-19,24485;19,88321;8,53747;-36,12935;36,22993;16,52509;-49,07906;48,59626;22,72099;0;0;0;0;0;0;15,58296;-0,021206;-3,985762;23,8616;-0,031851;-6,115436;30,41424;-0,039898;-7,805227;0;0;0;0;0;0;2,746582;0,046939;-0,987053;4,170834;0,069737;-1,502037;5,28261;0,088513;-1,893639;0;0;0;0;0;0;0;0;0;0,835173;-3,4976;3,693401;0,929721;-12,38108;4,02063;0;0;0;0;0;0;0;0;0;0;0;0;0;0;0;13,87836;13,15884;9,744534;11,73639;46,68719;37,86197;5,755988;1,38621;-14,25798;3,645293;3,504758;3,731664;-19,68963;38,41579;3,571441;3,794625;-12,07378;83,49284;49,08217;45,01746;-13,36859;83,17056;26,50211;24,99783;3,028335;-5,584487;0,00206;-0,016944;4,200497;-0,074115;0,006695;-0,003147;1,446533;-0,249481;-0,00329;0,003104;0;0;1,758041;1,581344;0;0;0;0;-80,22767;-150,0183;0,123596;-1,016665;71,05752;-1,161289;0,602531;-0,188828;51,519;-8,871459;-0,394821;0,372505;0;0;-0,013733;-0,054932;0;0;0;0
22;366,6667;00:00:00:367;0;0;0;-3,519914;0,050068;3,621712;-5,447351;-3,114748;6,605421;-6,74638;-5,823476;9,370886;-7,674816;-7,886276;11,52365;-2,370207;0;3,621712;-2,370207;0,05009;11,17456;-1,12145;-0,263099;16,09054;-0,458268;-0,594601;18,69244;0,066436;-0,997341;20,74375;-0,895299;-0,03505;3,621712;-0,101118;0,01504;11,13133;1,47493;-3,345391;15,36874;2,292023;-5,316973;17,55458;2,928394;-7,062309;19,24688;0,443679;-0,000078;3,621712;1,958848;0,050012;10,3956;1,956898;-4,900703;10,96029;1,447694;-6,952915;9,128943;0,727714;-7,047613;6,69154;1,743431;-0,000171;3,621712;3,958467;0,049919;9,102249;3,988765;-3,889036;9,573995;3,772648;-5,800655;8,919338;3,274397;-7,43503;7,371541;0;0;0;-40,26689;-34,72222;114,7395;-34,51091;-34,72223;114,7395;-33,33073;-34,40129;115,1022;-33,33072;-34,40129;115,1022;-0,379977;0;0;3,512754;14,2578;-0,083716;7,204788;14,21738;0,6766;11,18137;14,03213;1,67988;11,12428;14,07708;1,444791;-0,380045;6,036885;0;36,95823;19,71569;0,976989;39,97913;20,97367;-0,606358;43,32578;22,22352;-1,818097;43,39021;22,074;-1,647166;-0,413454;12,60826;0;83,34498;12,07381;-1,420641;132,4405;14,03063;-1,435147;178,3403;16,50958;1,671424;178,2603;16,50156;1,38965;-0,485496;22,00679;0;82,97962;13,36752;-1,190102;109,4857;15,03487;-1,205827;135,0555;18,46208;0,649565;134,9889;18,26153;0,438092;0;0;0;0;0;0;0,43501;-0,298195;-0,034466;0,819281;-0,533335;-0,083685;1,114547;-0,709444;-0,124589;0;0;0;0;0;0;-0,361757;0,000514;0,092179;-0,553954;0,000782;0,141263;-0,706092;0,000978;0,180334;0;0;0;0;0;0;-0,112698;-0,001922;0,040412;-0,171192;-0,002928;0,061512;-0,216834;-0,003755;0,077695;0;0;0;0;0;0;0;0;0;-0,013892;0,058249;-0,061423;-0,015423;0,206396;-0,066832;0;0;0;0;0;0;0;0;0;0;0;0;0;0;0;0;0;0;0;0;0;26,10058;-17,89167;-2,067983;49,15684;-32,00009;-5,021094;66,87283;-42,56665;-7,475316;0;0;0;0;0;0;-21,70544;0,030845;5,530714;-33,23726;0,046939;8,475779;-42,36549;0,058673;10,82003;0;0;0;0;0;0;-6,761848;-0,115335;2,424716;-10,27152;-0,175685;3,690719;-13,01005;-0,225306;4,661678;0;0;0;0;0;0;0;0;0;-0,833497;3,494918;-3,685355;-0,925362;12,38376;-4,009902;0;0;0;0;0;0;0;0;0;0;0;0;0;0;0;13,87064;13,14364;9,729089;11,71874;46,68719;37,86197;5,755988;1,38621;-14,25798;3,645293;3,504758;3,731664;-19,68963;38,41579;3,571441;3,794625;-12,07378;83,49284;49,08217;45,01746;-13,36859;83,17056;26,50211;24,99783;3,028335;-5,584487;0,00206;-0,016944;4,200497;-0,074115;0,006695;-0,003147;1,446533;-0,249481;-0,00329;0,003104;0;0;1,758041;1,581344;0;0;0;0;-80,22767;-150,0183;0,123596;-1,016665;71,05752;-1,161289;0,602531;-0,188828;51,519;-8,871459;-0,394821;0,372505;0;0;-0,013733;-0,054932;0;0;0;0
23;383,3333;00:00:00:383;0;0;0;-3,519914;0,050068;3,621712;-5,445711;-3,114544;6,606696;-6,743268;-5,822978;9,373139;-7,670568;-7,885533;11,52663;-2,370207;0;3,621712;-2,370207;0,05009;11,17456;-1,126199;-0,263092;16,09175;-0,46554;-0,59459;18,69429;0,057166;-0,997327;20,74611;-0,895299;-0,03505;3,621712;-0,101118;0,01504;11,13133;1,471848;-3,345444;15,36985;2,28734;-5,317053;17,55626;2,922463;-7,06241;19,249;0,443679;-0,000078;3,621712;1,958848;0,050012;10,3956;1,956898;-4,900703;10,96029;1,447463;-6,951943;9,127919;0,727457;-7,044175;6,690428;1,743431;-0,000171;3,621712;3,958467;0,049919;9,102249;3,988765;-3,889036;9,573995;3,772648;-5,800655;8,919338;3,274397;-7,43503;7,371541;0;0;0;-40,2404;-34,71925;114,7366;-34,48443;-34,71926;114,7366;-33,30431;-34,39846;115,0995;-33,30432;-34,39846;115,0995;-0,379977;0;0;3,511895;14,20267;-0,087208;7,203174;14,16226;0,672924;11,17876;13,97705;1,675969;11,1219;14,02199;1,440934;-0,380045;6,036885;0;36,9573;19,67594;0,97426;39,97938;20,93392;-0,608689;43,32693;22,18377;-1,82008;43,39125;22,03426;-1,649193;-0,413454;12,60826;0;83,34498;12,07381;-1,420641;132,4698;14,03063;-1,435148;178,3963;16,50804;1,672732;178,3163;16,50029;1,390952;-0,485496;22,00679;0;82,97962;13,36752;-1,190102;109,4857;15,03487;-1,205827;135,0555;18,46208;0,649565;134,9889;18,26153;0,438092;0;0;0;0;0;0;0,098392;0,012271;0,076488;0,186682;0,029884;0,135228;0,254855;0,044569;0,178725;0;0;0;0;0;0;-0,28494;0,000426;0,07233;-0,436317;0,00064;0,110865;-0,556156;0,000805;0,141442;0;0;0;0;0;0;-0,184938;-0,003174;0,066251;-0,280961;-0,004828;0,100583;-0,35584;-0,00608;0,127405;0;0;0;0;0;0;0;0;0;-0,013903;0,058293;-0,061423;-0,015395;0,206262;-0,066698;0;0;0;0;0;0;0;0;0;0;0;0;0;0;0;0;0;0;0;0;0;-20,19703;18,62794;6,657242;-37,95594;33,79314;13,13478;-51,58155;45,24081;18,19879;0;0;0;0;0;0;4,609041;-0,005281;-1,190901;7,05823;-0,00855;-1,823901;8,996128;-0,010394;-2,333522;0;0;0;0;0;0;-4,334449;-0,075102;1,550317;-6,586164;-0,113994;2,344251;-8,340327;-0,139475;2,982616;0;0;0;0;0;0;0;0;0;-0,000671;0,002682;0;0,001676;-0,008047;0,008047;0;0;0;0;0;0;0;0;0;0;0;0;0;0;0;13,86233;13,13487;9,727465;11,7158;46,67312;37,82859;5,755988;1,386351;-14,20284;3,644272;3,504758;3,731769;-19,65006;38,40896;3,571387;3,794625;-12,07378;83,49284;49,11147;45,04382;-13,36859;83,17056;26,50211;24,99783;-0,844574;-2,003174;0;0,008469;3,308372;-0,06124;0;0,006294;2,374077;-0,410156;-0,00329;0;0;0;1,758041;1,581344;0;0;0;0;-232,3745;214,8788;-0,123596;1,524782;-53,52746;0,772476;-0,401688;0,566483;55,65261;-9,640502;0;-0,186253;0;0;0;0;0;0;0;0
24;400;00:00:00:400;0;0;0;-3,519914;0,050068;3,621712;-5,440034;-3,11137;6,613708;-6,732453;-5,8166;9,385686;-7,655777;-7,876615;11,54331;-2,370207;0;3,621712;-2,370207;0,05009;11,17456;-1,124687;-0,263094;16,09136;-0,463224;-0,594594;18,6937;0,060118;-0,997332;20,74536;-0,895299;-0,03505;3,621712;-0,101118;0,01504;11,13133;1,469697;-3,34548;15,37061;2,284073;-5,317108;17,55742;2,918325;-7,06248;19,25048;0,443679;-0,000078;3,621712;1,958848;0,050012;10,3956;1,956898;-4,900703;10,96029;1,447231;-6,950971;9,126896;0,727202;-7,040733;6,689321;1,743431;-0,000171;3,621712;3,958467;0,049919;9,102249;3,988765;-3,889036;9,573995;3,772401;-5,800303;8,918392;3,273704;-7,433099;7,369071;0;0;0;-40,11534;-34,67762;114,6964;-34,35936;-34,67762;114,6964;-33,17941;-34,35748;115,06;-33,1794;-34,35748;115,06;-0,379977;0;0;3,512168;14,22023;-0,086096;7,203689;14,17982;0,674095;11,17959;13,99459;1,677214;11,12266;14,03953;1,442162;-0,380045;6,036885;0;36,95667;19,64821;0,972358;39,97954;20,90618;-0,610315;43,32773;22,15605;-1,821461;43,39196;22,00653;-1,650613;-0,413454;12,60826;0;83,34498;12,07381;-1,420641;132,4991;14,03062;-1,435147;178,4523;16,50649;1,674043;178,3723;16,49901;1,392256;-0,485496;22,00679;0;82,97962;13,36752;-1,190102;109,515;15,03487;-1,205823;135,1117;18,46117;0,651405;135,045;18,26081;0,439726;0;0;0;0;0;0;0,340641;0,190415;0,420705;0,64896;0,382684;0,752807;0,887498;0,535056;1,000911;0;0;0;0;0;0;0,090737;-0,000137;-0,023067;0,13895;-0,000207;-0,035226;0,177115;-0,000257;-0,044882;0;0;0;0;0;0;-0,129048;-0,00219;0,046045;-0,196047;-0,003286;0,070006;-0,248283;-0,004157;0,088781;0;0;0;0;0;0;0;0;0;-0,013892;0,058338;-0,061423;-0,01535;0,20653;-0,066474;0;0;0;0;0;0;0;0;0;-0,014797;0,021145;-0,056729;-0,041597;0,115916;-0,148147;0;0;0;0;0;0;14,53489;10,6886;20,65301;27,73672;21,16799;37,05471;37,95862;29,42919;49,33118;0;0;0;0;0;0;22,54061;-0,033779;-5,723833;34,516;-0,050794;-8,765458;43,99627;-0,063702;-11,17945;0;0;0;0;0;0;3,353432;0,059009;-1,212358;5,094854;0,092536;-1,834631;6,453395;0,115335;-2,317428;0;0;0;0;0;0;0;0;0;0,000671;0,002682;0;0,002682;0,016093;0,013411;0;0;0;0;0;0;0;0;0;-0,887811;1,268685;-3,403723;-2,495795;6,954967;-8,888839;13,8397;13,11011;9,722873;11,70788;46,5773;37,69042;5,755919;1,386492;-14,22041;3,644594;3,504702;3,731664;-19,62245;38,40421;3,571387;3,794573;-12,07378;83,49284;49,14079;45,07018;-13,36859;83,17056;26,53139;25,02414;-5,749053;-8,289871;-0,004091;0,008476;-1,054115;0,019326;-0,003347;-0,006294;1,656761;-0,284729;0;-0,003104;0;0;1,758957;1,582031;0;0;1,756897;1,578483;-294,2688;-377,2018;-0,245476;0,000429;-261,7492;4,833984;-0,200844;-0,75531;-43,03893;7,525632;0,197411;-0,186253;0;0;0,054932;0,041199;0;0;105,4138;94,709
25;416,6667;00:00:00:417;0;0;0;-3,519914;0,050068;3,621712;-5,439108;-3,112534;6,613073;-6,730718;-5,818734;9,384481;-7,653423;-7,879485;11,54167;-2,370207;0;3,621712;-2,370207;0,05009;11,17456;-1,126871;-0,263091;16,09192;-0,466568;-0,594589;18,69455;0,055856;-0,997325;20,74644;-0,895299;-0,03505;3,621712;-0,101118;0,01504;11,13133;1,470423;-3,345468;15,37036;2,285176;-5,317089;17,55703;2,919722;-7,062455;19,24998;0,443679;-0,000078;3,621712;1,958848;0,050012;10,3956;1,956898;-4,900703;10,96029;1,447;-6,949998;9,125872;0,726947;-7,037293;6,688215;1,743431;-0,000171;3,621712;3,958467;0,049919;9,102249;3,988765;-3,889036;9,573995;3,772401;-5,800303;8,918392;3,273704;-7,433099;7,369071;0;0;0;-40,11778;-34,69224;114,7106;-34,36179;-34,69226;114,7105;-33,18196;-34,3721;115,0742;-33,18195;-34,37209;115,0742;-0,379977;0;0;3,511775;14,19488;-0,087701;7,202948;14,15447;0,672405;11,1784;13,96926;1,675417;11,12157;14,0142;1,44039;-0,380045;6,036885;0;36,95688;19,65757;0,972999;39,97949;20,91554;-0,609768;43,32746;22,1654;-1,820994;43,39172;22,01588;-1,650134;-0,413454;12,60826;0;83,34498;12,07381;-1,420641;132,5284;14,03063;-1,435148;178,5083;16,50495;1,675349;178,4282;16,49774;1,393558;-0,485496;22,00679;0;82,97962;13,36752;-1,190102;109,515;15,03487;-1,205823;135,1117;18,46117;0,651405;135,045;18,26081;0,439726;0;0;0;0;0;0;0,055566;-0,069827;-0,038087;0,104114;-0,128053;-0,072286;0,141218;-0,172198;-0,098661;0;0;0;0;0;0;-0,131015;0,000197;0,033259;-0,200629;0,000299;0,050783;-0,255726;0,000374;0,064909;0;0;0;0;0;0;0,043552;0,00076;-0,015467;0,066184;0,00114;-0,023603;0,083774;0,001475;-0,029951;0;0;0;0;0;0;0;0;0;-0,013892;0,058383;-0,061423;-0,015305;0,206396;-0,06634;0;0;0;0;0;0;0;0;0;0;0;0;0;0;0;0;0;0;0;0;0;-17,10444;-15,61448;-27,52751;-32,69076;-30,64424;-49,50552;-44,77679;-42,43522;-65,97428;0;0;0;0;0;0;-13,3051;0,020033;3,379583;-20,37473;0,030342;5,16057;-25,97049;0,037886;6,587504;0;0;0;0;0;0;10,35601;0,177026;-3,690719;15,73384;0,265539;-5,616545;19,92344;0,337958;-7,123946;0;0;0;0;0;0;0;0;0;0;0,002682;0;0,002682;-0,008047;0,008047;0;0;0;0;0;0;0;0;0;0,887811;-1,268685;3,403723;2,495795;-6,954967;8,888839;13,83926;13,11019;9,720901;11,70521;46,59391;37,6834;5,755988;1,386492;-14,19506;3,644165;3,504758;3,731664;-19,63177;38,40581;3,571441;3,794625;-12,07378;83,49284;49,17008;45,09653;-13,36859;83,17056;26,53139;25,02414;0,996552;-0,421371;0,004091;0;1,521091;-0,025764;0,003347;0;-0,559387;0,095901;0,00329;0,003104;0;0;1,757812;1,581116;0;0;0;0;404,7363;472,11;0,490952;-0,508547;154,5124;-2,705383;0,401688;0,377655;-132,9689;22,83783;0,197411;0,372505;0;0;-0,068665;-0,054932;0;0;-105,4138;-94,709
26;433,3333;00:00:00:433;0;0;0;-3,519914;0,050068;3,621712;-5,43686;-3,115023;6,611881;-6,726502;-5,823279;9,382197;-7,647699;-7,88559;11,53854;-2,370207;0;3,621712;-2,370207;0,05009;11,17456;-1,126787;-0,263091;16,0919;-0,46644;-0,594589;18,69452;0,05602;-0,997326;20,7464;-0,895299;-0,03505;3,621712;-0,101118;0,01504;11,13133;1,470047;-3,345474;15,37049;2,284604;-5,3171;17,55723;2,918998;-7,062468;19,25024;0,443679;-0,000078;3,621712;1,958848;0,050012;10,3956;1,956898;-4,900703;10,96029;1,447;-6,949998;9,125872;0,726947;-7,037293;6,688215;1,743431;-0,000171;3,621712;3,958467;0,049919;9,102249;3,988765;-3,889036;9,573995;3,772401;-5,800303;8,918392;3,273704;-7,433099;7,369071;0;0;0;-40,11918;-34,72348;114,7407;-34,36319;-34,7235;114,7407;-33,1836;-34,40333;115,1045;-33,18359;-34,40332;115,1045;-0,379977;0;0;3,511791;14,19585;-0,08764;7,202977;14,15544;0,67247;11,17844;13,97023;1,675486;11,12161;14,01517;1,440458;-0,380045;6,036885;0;36,95676;19,65272;0,972666;39,97952;20,91069;-0,610052;43,32759;22,16055;-1,821237;43,39185;22,01104;-1,65038;-0,413454;12,60826;0;83,34498;12,07381;-1,420641;132,5284;14,03063;-1,435148;178,5083;16,50495;1,675349;178,4282;16,49774;1,393558;-0,485496;22,00679;0;82,97962;13,36752;-1,190102;109,515;15,03487;-1,205823;135,1117;18,46117;0,651405;135,045;18,26081;0,439726;0;0;0;0;0;0;0,13487;-0,149332;-0,071526;0,252932;-0,272736;-0,137061;0,343457;-0,3663;-0,187755;0;0;0;0;0;0;0,005024;-0,00001;-0,001341;0,007689;-0,000017;-0,001967;0,009801;-0,000022;-0,002503;0;0;0;0;0;0;-0,022575;-0,00038;0,008047;-0,034288;-0,000626;0,012249;-0,043407;-0,00076;0,015467;0;0;0;0;0;0;0;0;0;0;0;0;0;0;0;0;0;0;0;0;0;0;0;0;0;0;0;0;0;0;0;0;0;0;0;0;4,758238;-4,770308;-2,006292;8,929071;-8,680968;-3,88652;12,13431;-11,64615;-5,345642;0;0;0;0;0;0;8,162296;-0,012405;-2,076029;12,49909;-0,018943;-3,165007;15,93165;-0,023805;-4,04477;0;0;0;0;0;0;-3,967657;-0,068396;1,410842;-6,028264;-0,105947;2,151131;-7,630884;-0,13411;2,725124;0;0;0;0;0;0;0;0;0;0,833497;-3,502964;3,685355;0,918321;-12,38376;3,980398;0;0;0;0;0;0;0;0;0;0;0;0;0;0;0;13,84125;13,10736;9,714933;11,69899;46,6278;37,66326;5,755919;1,38621;-14,19603;3,644218;3,504702;3,731664;-19,62695;38,40498;3,571441;3,794625;-12,07378;83,49284;49,17008;45,09653;-13,36859;83,17056;26,53139;25,02414;2,033615;-1,208267;-0,004091;-0,016944;-0,058479;0,003204;-0,003347;0;0,28965;-0,049667;0;0;0;0;0;0;0;0;0;0;62,22382;-47,21374;-0,490952;-1,016665;-94,77423;1,738071;-0,401688;0;50,94223;-8,73413;-0,197411;-0,186253;0;0;-105,4687;-94,86693;0;0;0;0
27;450;00:00:00:450;0;0;0;-3,519914;0,050068;3,621712;-5,434028;-3,11774;6,610818;-6,721184;-5,828216;9,380119;-7,640472;-7,892203;11,53567;-2,370207;0;3,621712;-2,370207;0,05009;11,17456;-1,127797;-0,263089;16,09215;-0,467987;-0,594586;18,69491;0,054048;-0,997323;20,7469;-0,895299;-0,03505;3,621712;-0,101118;0,01504;11,13133;1,468904;-3,345494;15,3709;2,282868;-5,317129;17,55785;2,9168;-7,062506;19,25103;0,443679;-0,000078;3,621712;1,958848;0,050012;10,3956;1,956898;-4,900703;10,96029;1,446768;-6,949024;9,124849;0,726692;-7,033852;6,687112;1,743431;-0,000171;3,621712;3,958467;0,049919;9,102249;3,988765;-3,889036;9,573995;3,772401;-5,800303;8,918392;3,273704;-7,433099;7,369071;0;0;0;-40,11533;-34,75753;114,7736;-34,35935;-34,75755;114,7736;-33,18002;-34,4374;115,1375;-33,18002;-34,43739;115,1375;-0,379977;0;0;3,511608;14,18412;-0,088382;7,202634;14,14372;0,671688;11,17789;13,95851;1,674654;11,12111;14,00345;1,439638;-0,380045;6,036885;0;36,95642;19,63799;0,971656;39,97961;20,89595;-0,610914;43,32804;22,14583;-1,82197;43,39222;21,99631;-1,651136;-0,413454;12,60826;0;83,34498;12,07381;-1,420641;132,5578;14,03063;-1,435148;178,5643;16,50341;1,676655;178,4842;16,49645;1,394859;-0,485496;22,00679;0;82,97962;13,36752;-1,190102;109,515;15,03487;-1,205823;135,1117;18,46117;0,651405;135,045;18,26081;0,439726;0;0;0;0;0;0;0,169918;-0,163011;-0,063747;0,319093;-0,296183;-0,124678;0,433624;-0,396788;-0,172019;0;0;0;0;0;0;-0,060618;0,000092;0,015378;-0,092816;0,00014;0,023603;-0,118308;0,000173;0,030041;0;0;0;0;0;0;-0,068553;-0,001185;0,024408;-0,104159;-0,001766;0,037104;-0,13192;-0,00228;0,047117;0;0;0;0;0;0;0;0;0;-0,013864;0,058427;-0,061333;-0,015249;0,206485;-0,066161;0;0;0;0;0;0;0;0;0;0;0;0;0;0;0;0;0;0;0;0;0;2,102852;-0,820756;0,466704;3,969669;-1,406819;0,742972;5,410017;-1,829268;0,944138;0;0;0;0;0;0;-3,938488;0,006119;1,003146;-6,030275;0,009388;1,534223;-7,68654;0,011735;1,952648;0;0;0;0;0;0;-2,758651;-0,04828;0,981688;-4,192292;-0,068396;1,491308;-5,310773;-0,091195;1,899004;0;0;0;0;0;0;0;0;0;-0,83182;3,505647;-3,67999;-0,914968;12,38912;-3,969669;0;0;0;0;0;0;0;0;0;0;0;0;0;0;0;13,84167;13,10233;9,708488;11,69147;46,66251;37,63403;5,755988;1,38621;-14,1843;3,64395;3,504646;3,731664;-19,61228;38,40245;3,571441;3,794625;-12,07378;83,49284;49,19938;45,12289;-13,36859;83,17056;26,53139;25,02414;2,082138;-1,753921;0,004091;0;0,703812;-0,016108;-0,003347;0;0,880051;-0,151749;0;0;0;0;1,757812;1,581344;0;0;0;0;2,911377;-32,73926;0,490952;1,016665;45,73745;-1,158714;0;0;35,42404;-6,124877;0;0;0;0;105,4687;94,88066;0;0;0;0
28;466,6667;00:00:00:467;0;0;0;-3,519914;0,050068;3,621712;-5,434028;-3,11774;6,610818;-6,721184;-5,828216;9,380119;-7,640472;-7,892203;11,53567;-2,370207;0;3,621712;-2,370207;0,05009;11,17456;-1,127797;-0,263089;16,09215;-0,467987;-0,594586;18,69491;0,054048;-0,997323;20,7469;-0,895299;-0,03505;3,621712;-0,101118;0,01504;11,13133;1,468904;-3,345494;15,3709;2,282868;-5,317129;17,55785;2,9168;-7,062506;19,25103;0,443679;-0,000078;3,621712;1,958848;0,050012;10,3956;1,956898;-4,900703;10,96029;1,446768;-6,949024;9,124849;0,726692;-7,033852;6,687112;1,743431;-0,000171;3,621712;3,958467;0,049919;9,102249;3,988765;-3,889036;9,573995;3,772401;-5,800303;8,918392;3,273704;-7,433099;7,369071;0;0;0;-40,11533;-34,75753;114,7736;-34,35935;-34,75755;114,7736;-33,18002;-34,4374;115,1375;-33,18002;-34,43739;115,1375;-0,379977;0;0;3,511608;14,18412;-0,088382;7,202634;14,14372;0,671688;11,17789;13,95851;1,674654;11,12111;14,00345;1,439638;-0,380045;6,036885;0;36,95642;19,63799;0,971656;39,97961;20,89595;-0,610914;43,32804;22,14583;-1,82197;43,39222;21,99631;-1,651136;-0,413454;12,60826;0;83,34498;12,07381;-1,420641;132,5578;14,03063;-1,435148;178,5643;16,50341;1,676655;178,4842;16,49645;1,394859;-0,485496;22,00679;0;82,97962;13,36752;-1,190102;109,515;15,03487;-1,205823;135,1117;18,46117;0,651405;135,045;18,26081;0,439726;0;0;0;0;0;0;0;0;0;0;0;0;0;0;0;0;0;0;0;0;0;0;0;0;0;0;0;0;0;0;0;0;0;0;0;0;0;0;0;0;0;0;0;0;0;0;0;0;0;0;0;0;0;0;0;0;0;0;0;0;0;0;0;0;0;0;0;0;0;0;0;0;0;0;0;0;0;0;0;0;0;-10,19508;9,780674;3,82483;-19,14561;17,77097;7,48068;-26,01743;23,80729;10,32114;0;0;0;0;0;0;3,637075;-0,005532;-0,92268;5,568936;-0,008382;-1,416206;7,098465;-0,010394;-1,802444;0;0;0;0;0;0;4,113167;0,071079;-1,464486;6,249547;0,105947;-2,226233;7,915198;0,136793;-2,827048;0;0;0;0;0;0;0;0;0;0,83182;-3,505647;3,67999;0,914968;-12,38912;3,969669;0;0;0;0;0;0;0;0;0;0;0;0;0;0;0;13,84167;13,10233;9,708488;11,69147;46,66251;37,63403;5,755988;1,38621;-14,1843;3,64395;3,504646;3,731664;-19,61228;38,40245;3,571441;3,794625;-12,07378;83,49284;49,19938;45,12289;-13,36859;83,17056;26,53139;25,02414;2,082138;-1,753921;0,004091;0;0,703812;-0,016108;-0,003347;0;0,880051;-0,151749;0;0;0;0;1,757812;1,581344;0;0;0;0;2,911377;-32,73926;0,490952;1,016665;45,73745;-1,158714;0;0;35,42404;-6,124877;0;0;0;0;105,4687;94,88066;0;0;0;0
29;483,3333;00:00:00:483;0;0;0;-3,519914;0,050068;3,621712;-5,425712;-3,127544;6,605721;-6,705599;-5,846159;9,370409;-7,619321;-7,916322;11,5224;-2,370207;0;3,621712;-2,370207;0,05009;11,17456;-1,133702;-0,26308;16,09364;-0,477029;-0,594572;18,69719;0,042522;-0,997305;20,74981;-0,895299;-0,03505;3,621712;-0,101118;0,01504;11,13133;1,466368;-3,345536;15,3718;2,279016;-5,317194;17,55923;2,91192;-7,062589;19,25277;0,443679;-0,000078;3,621712;1,958848;0,050012;10,3956;1,956898;-4,900703;10,96029;1,446768;-6,949024;9,124849;0,726692;-7,033852;6,687112;1,743431;-0,000171;3,621712;3,958467;0,049919;9,102249;3,988765;-3,889036;9,573995;3,772401;-5,800303;8,918392;3,273704;-7,433099;7,369071;0;0;0;-40,12955;-34,8809;114,8931;-34,37357;-34,88091;114,8931;-33,19515;-34,56068;115,2575;-33,19514;-34,56068;115,2575;-0,379977;0;0;3,510548;14,11559;-0,092718;7,200637;14,07521;0,667124;11,17465;13,89005;1,669799;11,11817;13,93497;1,434851;-0,380045;6,036885;0;36,95567;19,6053;0,969414;39,97982;20,86326;-0,612828;43,32898;22,11314;-1,823599;43,39307;21,96362;-1,652807;-0,413454;12,60826;0;83,34498;12,07381;-1,420641;132,5578;14,03063;-1,435148;178,5643;16,50341;1,676655;178,4842;16,49645;1,394859;-0,485496;22,00679;0;82,97962;13,36752;-1,190102;109,515;15,03487;-1,205823;135,1117;18,46117;0,651405;135,045;18,26081;0,439726;0;0;0;0;0;0;0,49898;-0,588287;-0,305861;0,935063;-1,076616;-0,58262;1,269042;-1,447096;-0,796124;0;0;0;0;0;0;-0,354297;0,000563;0,089318;-0,542521;0,000852;0,136882;-0,691529;0,001073;0,174701;0;0;0;0;0;0;-0,152193;-0,002548;0,054359;-0,231162;-0,003889;0,082523;-0,292785;-0,004962;0,104427;0;0;0;0;0;0;0;0;0;0;0;0;0;0;0;0;0;0;0;0;0;0;0;0;0;0;0;0;0;0;0;0;0;0;0;0;29,93881;-35,2972;-18,35167;56,10376;-64,59697;-34,95723;76,14254;-86,82578;-47,76746;0;0;0;0;0;0;-21,25784;0,033779;5,359053;-32,55128;0,05113;8,212922;-41,49176;0,064373;10,48207;0;0;0;0;0;0;-9,131579;-0,152886;3,261566;-13,8697;-0,233352;4,951357;-17,56713;-0,297725;6,26564;0;0;0;0;0;0;0;0;0;0;0;0;0;0;0;0;0;0;0;0;0;0;0;0;0;0;0;0;0;0;13,84636;13,09177;9,685801;11,66798;46,79967;37,56518;5,755988;1,38621;-14,11578;3,642767;3,504758;3,731611;-19,57973;38,39686;3,571441;3,794625;-12,07378;83,49284;49,19938;45,12289;-13,36859;83,17056;26,53139;25,02414;8,230133;-4,131088;0;0;4,11129;-0,070953;0,006695;-0,003147;1,953163;-0,33577;0;0;0;0;0;0;0;0;0;0;368,8797;-142,63;-0,245476;0;204,4487;-3,290748;0,602531;-0,188828;64,38674;-11,04126;0;0;0;0;-105,4687;-94,88066;0;0;0;0
30;500;00:00:00:500;0;0;0;-3,519914;0,050068;3,621712;-5,415393;-3,139619;6,599403;-6,691069;-5,868553;9,355861;-7,601587;-7,94661;11,50159;-2,370207;0;3,621712;-2,370207;0,05009;11,17456;-1,131799;-0,263083;16,09316;-0,474115;-0,594577;18,69646;0,046236;-0,997311;20,74888;-0,895299;-0,03505;3,621712;-0,101118;0,01504;11,13133;1,463803;-3,345579;15,37271;2,275119;-5,317259;17,56062;2,906985;-7,062671;19,25452;0,443679;-0,000078;3,621712;1,958848;0,050012;10,3956;1,956898;-4,900703;10,96029;1,446768;-6,949024;9,124849;0,726692;-7,033852;6,687112;1,743431;-0,000171;3,621712;3,958467;0,049919;9,102249;3,988765;-3,889036;9,573995;3,772401;-5,800303;8,918392;3,273704;-7,433099;7,369071;0;0;0;-40,14734;-35,03314;115,0412;-34,46756;-35,03314;115,0412;-33,28994;-34,71243;115,4056;-33,28993;-34,71243;115,4056;-0,379977;0;0;3,510889;14,13767;-0,091321;7,20128;14,09729;0,668595;11,1757;13,91211;1,671363;11,11911;13,95704;1,436393;-0,380045;6,036885;0;36,95492;19,57225;0,967149;39,98003;20,8302;-0,614765;43,32995;22,08009;-1,82525;43,39393;21,93057;-1,654498;-0,413454;12,60826;0;83,34498;12,07381;-1,420641;132,5578;14,03063;-1,435148;178,5643;16,50341;1,676655;178,4842;16,49645;1,394859;-0,485496;22,00679;0;82,97962;13,36752;-1,190102;109,515;15,03487;-1,205823;135,1117;18,46117;0,651405;135,045;18,26081;0,439726;0;0;0;0;0;0;0,619099;-0,724487;-0,379041;0,871852;-1,343585;-0,87288;1,064032;-1,81733;-1,248523;0;0;0;0;0;0;0,114178;-0,000184;-0,028789;0,174824;-0,000282;-0,044078;0,222847;-0,000352;-0,056148;0;0;0;0;0;0;-0,153892;-0,002593;0,054717;-0,233799;-0,003934;0,083238;-0,296094;-0,004962;0,1055;0;0;0;0;0;0;0;0;0;0;0;0;0;0;0;0;0;0;0;0;0;0;0;0;0;0;0;0;0;0;0;0;0;0;0;0;7,207095;-8,17202;-4,390776;-3,792638;-16,01815;-17,41558;-12,30061;-22,21405;-27,14395;0;0;0;0;0;0;28,10854;-0,044843;-7,086395;43,04073;-0,068061;-10,85758;54,86257;-0,085495;-13,85093;0;0;0;0;0;0;-0,101924;-0,002682;0,021458;-0,15825;-0,002682;0,042915;-0,198484;0;0,064373;0;0;0;0;0;0;0;0;0;0;0;0;0;0;0;0;0;0;0;0;0;0;0;0;0;0;0;0;0;0;13,86702;13,0889;9,662951;11,64532;46,96869;37,47922;5,679788;1,386351;-14,13786;3,643144;3,504702;3,731611;-19,54681;38,39122;3,571387;3,794625;-12,07378;83,49284;49,19938;45,12289;-13,36859;83,17056;26,53139;25,02414;10,14084;-5,157394;-4,571971;0,008469;-1,324768;0,022588;-0,003347;0;1,974678;-0,338287;-0,00329;0;0;0;0;0;0;0;0;0;114,6423;-61,57834;-274,3183;0,508118;-326,1635;5,612468;-0,602531;0,188828;1,290893;-0,151062;-0,197411;0;0;0;0;0;0;0;0;0
31;516,6666;00:00:00:517;0;0;0;-3,519914;0,050068;3,621712;-5,415393;-3,139619;6,599403;-6,691069;-5,868553;9,355861;-7,601587;-7,94661;11,50159;-2,370207;0;3,621712;-2,370207;0,05009;11,17456;-1,131799;-0,263083;16,09316;-0,474115;-0,594577;18,69646;0,046236;-0,997311;20,74888;-0,895299;-0,03505;3,621712;-0,101118;0,01504;11,13133;1,463803;-3,345579;15,37271;2,275119;-5,317259;17,56062;2,906985;-7,062671;19,25452;0,443679;-0,000078;3,621712;1,958848;0,050012;10,3956;1,956898;-4,900703;10,96029;1,446768;-6,949024;9,124849;0,726692;-7,033852;6,687112;1,743431;-0,000171;3,621712;3,958467;0,049919;9,102249;3,988765;-3,889036;9,573995;3,772401;-5,800303;8,918392;3,273704;-7,433099;7,369071;0;0;0;-40,14734;-35,03314;115,0412;-34,46756;-35,03314;115,0412;-33,28994;-34,71243;115,4056;-33,28993;-34,71243;115,4056;-0,379977;0;0;3,510889;14,13767;-0,091321;7,20128;14,09729;0,668595;11,1757;13,91211;1,671363;11,11911;13,95704;1,436393;-0,380045;6,036885;0;36,95492;19,57225;0,967149;39,98003;20,8302;-0,614765;43,32995;22,08009;-1,82525;43,39393;21,93057;-1,654498;-0,413454;12,60826;0;83,34498;12,07381;-1,420641;132,5578;14,03063;-1,435148;178,5643;16,50341;1,676655;178,4842;16,49645;1,394859;-0,485496;22,00679;0;82,97962;13,36752;-1,190102;109,515;15,03487;-1,205823;135,1117;18,46117;0,651405;135,045;18,26081;0,439726;0;0;0;0;0;0;0;0;0;0;0;0;0;0;0;0;0;0;0;0;0;0;0;0;0;0;0;0;0;0;0;0;0;0;0;0;0;0;0;0;0;0;0;0;0;0;0;0;0;0;0;0;0;0;0;0;0;0;0;0;0;0;0;0;0;0;0;0;0;0;0;0;0;0;0;0;0;0;0;0;0;-37,14591;43,46922;22,74245;-52,31112;80,61512;52,37281;-63,84193;109,0398;74,91141;0;0;0;0;0;0;-6,850697;0,011064;1,727342;-10,48945;0,016931;2,644658;-13,37081;0,021122;3,368854;0;0;0;0;0;0;9,233503;0,155568;-3,283024;14,02795;0,236034;-4,994272;17,76561;0,297725;-6,330013;0;0;0;0;0;0;0;0;0;0;0;0;0;0;0;0;0;0;0;0;0;0;0;0;0;0;0;0;0;0;13,86702;13,0889;9,662951;11,64532;46,96869;37,47922;5,679788;1,386351;-14,13786;3,643144;3,504702;3,731611;-19,54681;38,39122;3,571387;3,794625;-12,07378;83,49284;49,19938;45,12289;-13,36859;83,17056;26,53139;25,02414;10,14084;-5,157394;-4,571971;0,008469;-1,324768;0,022588;-0,003347;0;1,974678;-0,338287;-0,00329;0;0;0;0;0;0;0;0;0;114,6423;-61,57834;-274,3183;0,508118;-326,1635;5,612468;-0,602531;0,188828;1,290893;-0,151062;-0,197411;0;0;0;0;0;0;0;0;0
32;533,3333;00:00:00:533;0;0;0;-3,519914;0,050068;3,621712;-5,405424;-3,147087;6,597723;-6,667513;-5,881672;9,354835;-7,567583;-7,963902;11,50093;-2,370207;0;3,621712;-2,370207;0,05009;11,17456;-1,133496;-0,26308;16,09359;-0,476713;-0,594573;18,69711;0,042925;-0,997306;20,74971;-0,895299;-0,03505;3,621712;-0,101118;0,01504;11,13133;1,462301;-3,345605;15,37325;2,272838;-5,317297;17,56142;2,904096;-7,062721;19,25555;0,443679;-0,000078;3,621712;1,958848;0,050012;10,3956;1,956898;-4,900703;10,96029;1,446537;-6,94805;9,123828;0,726438;-7,03041;6,68601;1,743431;-0,000171;3,621712;3,958467;0,049919;9,102249;3,988765;-3,889036;9,573995;3,772401;-5,800303;8,918392;3,273704;-7,433099;7,369071;0;0;0;-40,10762;-35,12686;115,1327;-34,35163;-35,12687;115,1327;-33,17519;-34,80675;115,4983;-33,17519;-34,80675;115,4983;-0,379977;0;0;3,510586;14,11798;-0,092567;7,200707;14,07761;0,667284;11,17477;13,89244;1,669969;11,11827;13,93737;1,435018;-0,380045;6,036885;0;36,95447;19,5529;0,965824;39,98016;20,81086;-0,615896;43,33052;22,06076;-1,826211;43,39445;21,91123;-1,655485;-0,413454;12,60826;0;83,34498;12,07381;-1,420641;132,5871;14,03062;-1,435147;178,6202;16,50186;1,677961;178,5402;16,49517;1,396159;-0,485496;22,00679;0;82,97962;13,36752;-1,190102;109,515;15,03487;-1,205823;135,1117;18,46117;0,651405;135,045;18,26081;0,439726;0;0;0;0;0;0;0,598177;-0,448085;-0,100806;1,413345;-0,787161;-0,061601;2,040267;-1,037478;-0,039831;0;0;0;0;0;0;-0,101795;0,000159;0,02566;-0,15587;0,000243;0,039339;-0,198685;0,000307;0,050068;0;0;0;0;0;0;-0,090078;-0,001542;0,032008;-0,136837;-0,002302;0,048548;-0,173315;-0,002995;0,061512;0;0;0;0;0;0;0;0;0;-0,013875;0,058427;-0,061333;-0,015238;0,20653;-0,066116;0;0;0;0;0;0;0;0;0;0;0;0;0;0;0;0;0;0;0;0;0;35,89063;-26,88512;-6,048381;84,8007;-47,22968;-3,696084;122,416;-62,2487;-2,389848;0;0;0;0;0;0;-6,107725;0,009555;1,539588;-9,352191;0,014585;2,360343;-11,92108;0,01844;3,004074;0;0;0;0;0;0;-5,40465;-0,092536;1,920461;-8,21024;-0,138134;2,912879;-10,39892;-0,179708;3,690719;0;0;0;0;0;0;0;0;0;-0,832491;3,505647;-3,67999;-0,914298;12,3918;-3,966987;0;0;0;0;0;0;0;0;0;0;0;0;0;0;0;13,85616;13,06148;9,635645;11,61411;47,05165;37,35712;5,755988;1,386351;-14,11817;3,642821;3,504702;3,731716;-19,52755;38,38793;3,571496;3,794573;-12,07378;83,49284;49,22868;45,14925;-13,36859;83,17056;26,53139;25,02414;4,977493;-7,326049;4,571971;0;1,181145;-0,019355;0;0,006294;1,155739;-0,197525;0,00658;-0,003104;0;0;1,75827;1,581573;0;0;0;0;-309,8007;-130,1193;548,6365;-0,508118;150,3548;-2,516556;0,200844;0,377655;-49,13635;8,445739;0,592232;-0,186253;0;0;105,4962;94,89439;0;0;0;0
33;550;00:00:00:550;0;0;0;-3,519914;0,050068;3,621712;-5,405424;-3,147087;6,597723;-6,667513;-5,881672;9,354835;-7,567583;-7,963902;11,50093;-2,370207;0;3,621712;-2,370207;0,05009;11,17456;-1,133496;-0,26308;16,09359;-0,476713;-0,594573;18,69711;0,042925;-0,997306;20,74971;-0,895299;-0,03505;3,621712;-0,101118;0,01504;11,13133;1,462301;-3,345605;15,37325;2,272838;-5,317297;17,56142;2,904096;-7,062721;19,25555;0,443679;-0,000078;3,621712;1,958848;0,050012;10,3956;1,956898;-4,900703;10,96029;1,446537;-6,94805;9,123828;0,726438;-7,03041;6,68601;1,743431;-0,000171;3,621712;3,958467;0,049919;9,102249;3,988765;-3,889036;9,573995;3,772401;-5,800303;8,918392;3,273704;-7,433099;7,369071;0;0;0;-40,10762;-35,12686;115,1327;-34,35163;-35,12687;115,1327;-33,17519;-34,80675;115,4983;-33,17519;-34,80675;115,4983;-0,379977;0;0;3,510586;14,11798;-0,092567;7,200707;14,07761;0,667284;11,17477;13,89244;1,669969;11,11827;13,93737;1,435018;-0,380045;6,036885;0;36,95447;19,5529;0,965824;39,98016;20,81086;-0,615896;43,33052;22,06076;-1,826211;43,39445;21,91123;-1,655485;-0,413454;12,60826;0;83,34498;12,07381;-1,420641;132,5871;14,03062;-1,435147;178,6202;16,50186;1,677961;178,5402;16,49517;1,396159;-0,485496;22,00679;0;82,97962;13,36752;-1,190102;109,515;15,03487;-1,205823;135,1117;18,46117;0,651405;135,045;18,26081;0,439726;0;0;0;0;0;0;0;0;0;0;0;0;0;0;0;0;0;0;0;0;0;0;0;0;0;0;0;0;0;0;0;0;0;0;0;0;0;0;0;0;0;0;0;0;0;0;0;0;0;0;0;0;0;0;0;0;0;0;0;0;0;0;0;0;0;0;0;0;0;0;0;0;0;0;0;0;0;0;0;0;0;-35,89063;26,88512;6,048381;-84,8007;47,22968;3,696084;-122,416;62,2487;2,389848;0;0;0;0;0;0;6,107725;-0,009555;-1,539588;9,352191;-0,014585;-2,360343;11,92108;-0,01844;-3,004074;0;0;0;0;0;0;5,40465;0,092536;-1,920461;8,21024;0,138134;-2,912879;10,39892;0,179708;-3,690719;0;0;0;0;0;0;0;0;0;0,832491;-3,505647;3,67999;0,914298;-12,3918;3,966987;0;0;0;0;0;0;0;0;0;0;0;0;0;0;0;13,85616;13,06148;9,635645;11,61411;47,07384;37,37059;5,755988;1,386351;-14,11231;3,642714;3,504702;3,731664;-19,51172;38,38522;3,571441;3,794573;-12,07378;83,49284;49,22868;45,14925;-13,36859;83,17056;26,53139;25,02414;1,331406;0,808411;0;0;0,35202;-0,006452;0;-0,003147;0,949974;-0,162735;-0,00329;0;0;0;0;0;0;0;0;0;-218,7652;488,0676;-274,3183;0;-49,74746;0,774193;0;-0,566483;-12,34588;2,087402;-0,592232;0,186253;0;0;-105,4962;-94,89439;0;0;0;0
34;566,6666;00:00:00:567;0;0;0;-3,519914;0,050068;3,621712;-5,405589;-3,148187;6,596437;-6,667844;-5,88376;9,352491;-7,568048;-7,966753;11,49779;-2,370207;0;3,621712;-2,370207;0,05009;11,17456;-1,134001;-0,263079;16,09372;-0,477486;-0,594571;18,69731;0,041939;-0,997304;20,74996;-0,895299;-0,03505;3,621712;-0,101118;0,01504;11,13133;1,461067;-3,345625;15,37369;2,270963;-5,317329;17,56209;2,901721;-7,062761;19,25639;0,443679;-0,000078;3,621712;1,958848;0,050012;10,3956;1,956898;-4,900703;10,96029;1,446537;-6,94805;9,123828;0,726438;-7,03041;6,68601;1,743431;-0,000171;3,621712;3,958467;0,049919;9,102249;3,988765;-3,889036;9,573995;3,772401;-5,800303;8,918392;3,273704;-7,433099;7,369071;0;0;0;-40,12525;-35,14095;115,1465;-34,36926;-35,14096;115,1465;-33,19287;-34,82074;115,5121;-33,19287;-34,82075;115,5121;-0,379977;0;0;3,510495;14,11213;-0,092938;7,200536;14,07174;0,666894;11,17449;13,88658;1,669554;11,11802;13,93151;1,434609;-0,380045;6,036885;0;36,95411;19,537;0,964734;39,98026;20,79495;-0,616827;43,33098;22,04485;-1,827005;43,39484;21,89532;-1,656299;-0,413454;12,60826;0;83,34498;12,07381;-1,420641;132,5871;14,03062;-1,435147;178,6202;16,50186;1,677961;178,5402;16,49517;1,396159;-0,485496;22,00679;0;82,97962;13,36752;-1,190102;109,515;15,03487;-1,205823;135,1117;18,46117;0,651405;135,045;18,26081;0,439726;0;0;0;0;0;0;-0,009902;-0,065982;-0,077158;-0,019893;-0,125282;-0,140592;-0,027895;-0,17108;-0,188425;0;0;0;0;0;0;-0,030309;0,000054;0,0076;-0,046413;0,000087;0,011712;-0,059165;0,000101;0,014931;0;0;0;0;0;0;-0,074062;-0,001229;0,026375;-0,112519;-0,001922;0,039965;-0,142515;-0,002369;0,050604;0;0;0;0;0;0;0;0;0;0;0;0;0;0;0;0;0;0;0;0;0;0;0;0;0;0;0;0;0;0;0;0;0;0;0;0;-0,594109;-3,95894;-4,629492;-1,193583;-7,51689;-8,435546;-1,673698;-10,26481;-11,30551;0;0;0;0;0;0;-1,818537;0,003269;0,455976;-2,784803;0,005197;0,702739;-3,549903;0,006035;0,895858;0;0;0;0;0;0;-4,443749;-0,073761;1,582503;-6,751119;-0,115335;2,397894;-8,55088;-0,142157;3,03626;0;0;0;0;0;0;0;0;0;0;0;0;0;0;0;0;0;0;0;0;0;0;0;0;0;0;0;0;0;0;13,85958;13,06251;9,634753;11,61356;47,07384;37,37059;5,755988;1,386351;-14,11231;3,642714;3,504702;3,731664;-19,51172;38,38522;3,571441;3,794573;-12,07378;83,49284;49,22868;45,14925;-13,36859;83,17056;26,53139;25,02414;1,331406;0,808411;0;0;0,35202;-0,006452;0;-0,003147;0,949974;-0,162735;-0,00329;0;0;0;0;0;0;0;0;0;-218,7652;488,0676;-274,3183;0;-49,74746;0,774193;0;-0,566483;-12,34588;2,087402;-0,592232;0,186253;0;0;-105,4962;-94,89439;0;0;0;0
35;583,3333;00:00:00:583;0;0;0;-3,519914;0,050068;3,621712;-5,396663;-3,15663;6,59299;-6,651089;-5,89909;9,345772;-7,545288;-7,987286;11,48852;-2,370207;0;3,621712;-2,370207;0,05009;11,17456;-1,1319;-0,263083;16,09319;-0,474269;-0,594577;18,6965;0,04604;-0,99731;20,74893;-0,895299;-0,03505;3,621712;-0,101118;0,01504;11,13133;1,46222;-3,345606;15,37328;2,272714;-5,3173;17,56147;2,903939;-7,062724;19,25561;0,443679;-0,000078;3,621712;1,958848;0,050012;10,3956;1,956898;-4,900703;10,96029;1,446537;-6,94805;9,123828;0,726438;-7,03041;6,68601;1,743431;-0,000171;3,621712;3,958467;0,049919;9,102249;3,988765;-3,889036;9,573995;3,772401;-5,800303;8,918392;3,273704;-7,433099;7,369071;0;0;0;-40,11489;-35,24751;115,251;-34,35891;-35,24751;115,251;-33,18338;-34,92736;115,6171;-33,18338;-34,92736;115,6171;-0,379977;0;0;3,510871;14,13651;-0,091395;7,201245;14,09612;0,668517;11,17564;13,91094;1,671281;11,11906;13,95587;1,436311;-0,380045;6,036885;0;36,95444;19,55186;0,965751;39,98016;20,8098;-0,615958;43,33055;22,0597;-1,826261;43,39447;21,91018;-1,65554;-0,413454;12,60826;0;83,34498;12,07381;-1,420641;132,5871;14,03062;-1,435147;178,6202;16,50186;1,677961;178,5402;16,49517;1,396159;-0,485496;22,00679;0;82,97962;13,36752;-1,190102;109,515;15,03487;-1,205823;135,1117;18,46117;0,651405;135,045;18,26081;0,439726;0;0;0;0;0;0;0,535525;-0,506558;-0,206798;1,005292;-0,919819;-0,403181;1,365602;-1,231983;-0,556022;0;0;0;0;0;0;0,126058;-0,000204;-0,03165;0,19303;-0,000313;-0,048727;0,246059;-0,000386;-0,062048;0;0;0;0;0;0;0,069167;0,001162;-0,024587;0,105076;0,001766;-0,037283;0,133082;0,002235;-0,047207;0;0;0;0;0;0;0;0;0;0;0;0;0;0;0;0;0;0;0;0;0;0;0;0;0;0;0;0;0;0;0;0;0;0;0;0;32,72563;-26,43451;-7,778405;61,51109;-47,67223;-15,75529;83,60981;-63,65418;-22,0558;0;0;0;0;0;0;9,38203;-0,015507;-2,354979;14,36658;-0,023972;-3,626346;18,31345;-0,029169;-4,618763;0;0;0;0;0;0;8,593796;0,143498;-3,057718;13,05565;0,221282;-4,634856;16,53582;0,276268;-5,868673;0;0;0;0;0;0;0;0;0;0;0;0;0;0;0;0;0;0;0;0;0;0;0;0;0;0;0;0;0;0;13,86518;13,05254;9,612554;11,58998;47,18226;37,27776;5,755953;1,386351;-14,1367;3,643144;3,504702;3,731716;-19,5265;38,38774;3,571387;3,794573;-12,07378;83,49284;49,22868;45,14925;-13,36859;83,17056;26,53139;25,02414;6,505279;-5,570068;-0,00206;0;-1,463528;0,025806;0;0,003147;-0,886917;0,151291;-0,00329;0;0;0;0;0;0;0;0;0;310,4324;-382,7087;-0,123596;0;-108,9329;1,935482;0;0,377655;-110,2135;18,84155;0;0;0;0;0;0;0;0;0;0
36;600;00:00:00:600;0;0;0;-3,519914;0,050068;3,621712;-5,397847;-3,15958;6,589055;-6,648575;-5,90443;9,341137;-7,539933;-7,994418;11,48332;-2,370207;0;3,621712;-2,370207;0,05009;11,17456;-1,135434;-0,263077;16,09408;-0,479681;-0,594568;18,69786;0,039141;-0,9973;20,75067;-0,895299;-0,03505;3,621712;-0,101118;0,01504;11,13133;1,460256;-3,34564;15,37397;2,269732;-5,317352;17,56253;2,900161;-7,062789;19,25695;0,443679;-0,000078;3,621712;1,958848;0,050012;10,3956;1,956898;-4,900703;10,96029;1,446537;-6,94805;9,123828;0,726438;-7,03041;6,68601;1,743431;-0,000171;3,621712;3,958467;0,049919;9,102249;3,988765;-3,889036;9,573995;3,772401;-5,800303;8,918392;3,273704;-7,433099;7,369071;0;0;0;-40,17312;-35,28545;115,2883;-34,34095;-35,28546;115,2883;-33,16578;-34,9654;115,6547;-33,16578;-34,9654;115,6547;-0,379977;0;0;3,510238;14,09549;-0,09399;7,200054;14,05512;0,665787;11,17371;13,86997;1,668377;11,11731;13,91489;1,433448;-0,380045;6,036885;0;36,95388;19,52656;0,964019;39,98033;20,7845;-0,61744;43,3313;22,03441;-1,827525;43,39512;21,88487;-1,656832;-0,413454;12,60826;0;83,34498;12,07381;-1,420641;132,5871;14,03062;-1,435147;178,6202;16,50186;1,677961;178,5402;16,49517;1,396159;-0,485496;22,00679;0;82,97962;13,36752;-1,190102;109,515;15,03487;-1,205823;135,1117;18,46117;0,651405;135,045;18,26081;0,439726;0;0;0;0;0;0;-0,070989;-0,177026;-0,236124;0,150874;-0,32039;-0,278056;0,321284;-0,427902;-0,311941;0;0;0;0;0;0;-0,212062;0,000341;0,053287;-0,324715;0,000517;0,081897;-0,41391;0,000643;0,104338;0;0;0;0;0;0;-0,117827;-0,002056;0,041753;-0,17897;-0,003085;0,063479;-0,226691;-0,003934;0,080377;0;0;0;0;0;0;0;0;0;0;0;0;0;0;0;0;0;0;0;0;0;0;0;0;0;0;0;0;0;0;0;0;0;0;0;0;-36,39087;19,7719;-1,759528;-51,26506;35,96573;7,507504;-62,65908;48,24488;14,64486;0;0;0;0;0;0;-20,28722;0,032689;5,096197;-31,06467;0,049789;7,837414;-39,59812;0,061691;9,983181;0;0;0;0;0;0;-11,21968;-0,193119;3,980398;-17,04276;-0,29102;6,045698;-21,58641;-0,370145;7,655024;0;0;0;0;0;0;0;0;0;0;0;0;0;0;0;0;0;0;0;0;0;0;0;0;0;0;0;0;0;0;13,86671;13,04963;9,606062;11,58348;47,24639;37,32838;5,832169;1,386351;-14,09569;3,642445;3,504702;3,731664;-19,50132;38,38344;3,571387;3,794573;-12,07378;83,49284;49,22868;45,14925;-13,36859;83,17056;26,53139;25,02414;3,847732;3,037262;4,572944;0;2,460823;-0,041928;0;-0,003147;1,510849;-0,257721;0;0;0;0;0;0;0;0;0;0;-159,4528;516,4398;274,5002;0;235,461;-4,064083;0;-0,377655;143,866;-24,54071;0,197411;0;0;0;0;0;0;0;0;0
37;616,6666;00:00:00:617;0;0;0;-3,519914;0,050068;3,621712;-5,397847;-3,15958;6,589055;-6,648575;-5,90443;9,341137;-7,539933;-7,994418;11,48332;-2,370207;0;3,621712;-2,370207;0,05009;11,17456;-1,135434;-0,263077;16,09408;-0,479681;-0,594568;18,69786;0,039141;-0,9973;20,75067;-0,895299;-0,03505;3,621712;-0,101118;0,01504;11,13133;1,460256;-3,34564;15,37397;2,269732;-5,317352;17,56253;2,900161;-7,062789;19,25695;0,443679;-0,000078;3,621712;1,958848;0,050012;10,3956;1,956898;-4,900703;10,96029;1,446537;-6,94805;9,123828;0,726438;-7,03041;6,68601;1,743431;-0,000171;3,621712;3,958467;0,049919;9,102249;3,988765;-3,889036;9,573995;3,772401;-5,800303;8,918392;3,273704;-7,433099;7,369071;0;0;0;-40,17312;-35,28545;115,2883;-34,34095;-35,28546;115,2883;-33,16578;-34,9654;115,6547;-33,16578;-34,9654;115,6547;-0,379977;0;0;3,510238;14,09549;-0,09399;7,200054;14,05512;0,665787;11,17371;13,86997;1,668377;11,11731;13,91489;1,433448;-0,380045;6,036885;0;36,95388;19,52656;0,964019;39,98033;20,7845;-0,61744;43,3313;22,03441;-1,827525;43,39512;21,88487;-1,656832;-0,413454;12,60826;0;83,34498;12,07381;-1,420641;132,5871;14,03062;-1,435147;178,6202;16,50186;1,677961;178,5402;16,49517;1,396159;-0,485496;22,00679;0;82,97962;13,36752;-1,190102;109,515;15,03487;-1,205823;135,1117;18,46117;0,651405;135,045;18,26081;0,439726;0;0;0;0;0;0;0;0;0;0;0;0;0;0;0;0;0;0;0;0;0;0;0;0;0;0;0;0;0;0;0;0;0;0;0;0;0;0;0;0;0;0;0;0;0;0;0;0;0;0;0;0;0;0;0;0;0;0;0;0;0;0;0;0;0;0;0;0;0;0;0;0;0;0;0;0;0;0;0;0;0;4,259347;10,62155;14,16743;-9,052454;19,22339;16,68334;-19,27703;25,6741;18,71645;0;0;0;0;0;0;12,72373;-0,020452;-3,197193;19,48289;-0,031013;-4,913806;24,83457;-0,038557;-6,260276;0;0;0;0;0;0;7,069632;0,123382;-2,505183;10,73822;0,185072;-3,808736;13,60148;0,236034;-4,822611;0;0;0;0;0;0;0;0;0;0;0;0;0;0;0;0;0;0;0;0;0;0;0;0;0;0;0;0;0;0;13,86671;13,04963;9,606062;11,58348;47,24639;37,32838;5,832169;1,386351;-14,09569;3,642445;3,504702;3,731664;-19,50132;38,38344;3,571387;3,794573;-12,07378;83,49284;49,22868;45,14925;-13,36859;83,17056;26,53139;25,02414;3,847732;3,037262;4,572944;0;2,460823;-0,041928;0;-0,003147;1,510849;-0,257721;0;0;0;0;0;0;0;0;0;0;-159,4528;516,4398;274,5002;0;235,461;-4,064083;0;-0,377655;143,866;-24,54071;0,197411;0;0;0;0;0;0;0;0;0
38;633,3333;00:00:00:633;0;0;0;-3,519914;0,050068;3,621712;-5,387023;-3,158162;6,597406;-6,628046;-5,901;9,355883;-7,511915;-7,989304;11,50281;-2,370207;0;3,621712;-2,370207;0,05009;11,17456;-1,133792;-0,26308;16,09366;-0,477166;-0,594572;18,69723;0,042347;-0,997305;20,74986;-0,895299;-0,03505;3,621712;-0,101118;0,01504;11,13133;1,46059;-3,345634;15,37386;2,270239;-5,317342;17,56235;2,900804;-7,062777;19,25672;0,443679;-0,000078;3,621712;1,958848;0,050012;10,3956;1,956898;-4,900703;10,96029;1,446306;-6,947075;9,122807;0,726186;-7,026968;6,684914;1,743431;-0,000171;3,621712;3,958467;0,049919;9,102249;3,988765;-3,889036;9,573995;3,772154;-5,799951;8,917446;3,273011;-7,431164;7,366604;0;0;0;-39,99835;-35,26575;115,2689;-34,16618;-35,26576;115,269;-32,99155;-34,94661;115,6364;-32,99155;-34,94661;115,6364;-0,379977;0;0;3,510532;14,11455;-0,092784;7,200607;14,07417;0,667055;11,17461;13,88901;1,669726;11,11812;13,93393;1,434778;-0,380045;6,036885;0;36,95396;19,53086;0,964313;39,9803;20,78881;-0,617187;43,33115;22,03871;-1,827312;43,39501;21,88918;-1,656612;-0,413454;12,60826;0;83,34498;12,07381;-1,420641;132,6163;14,03062;-1,435149;178,6762;16,50032;1,679266;178,5962;16,49389;1,39746;-0,485496;22,00679;0;82,97962;13,36752;-1,190102;109,5443;15,03487;-1,205825;135,1679;18,46025;0,653246;135,1012;18,26009;0,441362;0;0;0;0;0;0;0,649385;0,085071;0,501081;1,23176;0,205837;0,884727;1,681075;0,306845;1,16913;0;0;0;0;0;0;0,098549;-0,000161;-0,024766;0,150908;-0,000243;-0,037998;0,192348;-0,000296;-0,048459;0;0;0;0;0;0;0,02005;0,000402;-0,007063;0,030443;0,000581;-0,010818;0,038579;0,00076;-0,01359;0;0;0;0;0;0;0;0;0;-0,013841;0,058472;-0,061244;-0,015168;0,206485;-0,065759;0;0;0;0;0;0;0;0;0;-0,014819;0,021145;-0,056818;-0,041552;0,11605;-0,148058;0;0;0;0;0;0;38,9631;5,104243;30,06488;73,90558;12,35023;53,0836;100,8645;18,41068;70,1478;0;0;0;0;0;0;5,91293;-0,009639;-1,485944;9,054465;-0,014585;-2,279877;11,54087;-0,01777;-2,907514;0;0;0;0;0;0;1,202971;0,02414;-0,423789;1,826584;0,034869;-0,649095;2,314746;0,045598;-0,815392;0;0;0;0;0;0;0;0;0;-0,830479;3,508329;-3,674626;-0,910107;12,38912;-3,945529;0;0;0;0;0;0;0;0;0;-0,889152;1,268685;-3,409087;-2,493113;6,963014;-8,883474;13,83701;13,01562;9,591899;11,56436;47,15349;37,10637;5,832136;1,386351;-14,11474;3,642767;3,504702;3,731664;-19,50559;38,38416;3,571441;3,794625;-12,07378;83,49284;49,25799;45,17561;-13,36859;83,17056;26,56068;25,05045;-5,573959;-13,32069;-0,002003;0;-1,143494;0,019341;0;0;-0,256462;0,043259;0,00329;0,003104;0;0;1,75827;1,581573;0;0;1,757355;1,578941;-565,3015;-981,4772;-274,4968;0;-216,259;3,676128;0;0,188828;-106,0387;18,05877;0,197411;0,186253;0;0;105,4962;94,89439;0;0;105,4413;94,73647
39;650;00:00:00:650;0;0;0;-3,519914;0,050068;3,621712;-5,387023;-3,158162;6,597406;-6,628046;-5,901;9,355883;-7,511915;-7,989304;11,50281;-2,370207;0;3,621712;-2,370207;0,05009;11,17456;-1,133792;-0,26308;16,09366;-0,477166;-0,594572;18,69723;0,042347;-0,997305;20,74986;-0,895299;-0,03505;3,621712;-0,101118;0,01504;11,13133;1,46059;-3,345634;15,37386;2,270239;-5,317342;17,56235;2,900804;-7,062777;19,25672;0,443679;-0,000078;3,621712;1,958848;0,050012;10,3956;1,956898;-4,900703;10,96029;1,446306;-6,947075;9,122807;0,726186;-7,026968;6,684914;1,743431;-0,000171;3,621712;3,958467;0,049919;9,102249;3,988765;-3,889036;9,573995;3,772154;-5,799951;8,917446;3,273011;-7,431164;7,366604;0;0;0;-39,99835;-35,26575;115,2689;-34,16618;-35,26576;115,269;-32,99155;-34,94661;115,6364;-32,99155;-34,94661;115,6364;-0,379977;0;0;3,510532;14,11455;-0,092784;7,200607;14,07417;0,667055;11,17461;13,88901;1,669726;11,11812;13,93393;1,434778;-0,380045;6,036885;0;36,95396;19,53086;0,964313;39,9803;20,78881;-0,617187;43,33115;22,03871;-1,827312;43,39501;21,88918;-1,656612;-0,413454;12,60826;0;83,34498;12,07381;-1,420641;132,6163;14,03062;-1,435149;178,6762;16,50032;1,679266;178,5962;16,49389;1,39746;-0,485496;22,00679;0;82,97962;13,36752;-1,190102;109,5443;15,03487;-1,205825;135,1679;18,46025;0,653246;135,1012;18,26009;0,441362;0;0;0;0;0;0;0;0;0;0;0;0;0;0;0;0;0;0;0;0;0;0;0;0;0;0;0;0;0;0;0;0;0;0;0;0;0;0;0;0;0;0;0;0;0;0;0;0;0;0;0;0;0;0;0;0;0;0;0;0;0;0;0;0;0;0;0;0;0;0;0;0;0;0;0;0;0;0;0;0;0;-38,9631;-5,104243;-30,06488;-73,90558;-12,35023;-53,0836;-100,8645;-18,41068;-70,1478;0;0;0;0;0;0;-5,91293;0,009639;1,485944;-9,054465;0,014585;2,279877;-11,54087;0,01777;2,907514;0;0;0;0;0;0;-1,202971;-0,02414;0,423789;-1,826584;-0,034869;0,649095;-2,314746;-0,045598;0,815392;0;0;0;0;0;0;0;0;0;0,830479;-3,508329;3,674626;0,910107;-12,38912;3,945529;0;0;0;0;0;0;0;0;0;0,889152;-1,268685;3,409087;2,493113;-6,963014;8,883474;13,83701;13,01562;9,591899;11,56436;47,15349;37,10637;5,832136;1,386351;-14,11474;3,642767;3,504702;3,731664;-19,50559;38,38416;3,571441;3,794625;-12,07378;83,49284;49,25799;45,17561;-13,36859;83,17056;26,56068;25,05045;-5,573959;-13,32069;-0,002003;0;-1,143494;0,019341;0;0;-0,256462;0,043259;0,00329;0,003104;0;0;1,75827;1,581573;0;0;1,757355;1,578941;-565,3015;-981,4772;-274,4968;0;-216,259;3,676128;0;0,188828;-106,0387;18,05877;0,197411;0,186253;0;0;105,4962;94,89439;0;0;105,4413;94,73647
40;666,6666;00:00:00:667;0;0;0;-3,519914;0,050068;3,621712;-5,385799;-3,157175;6,599238;-6,625709;-5,899051;9,359171;-7,508718;-7,986599;11,50719;-2,370207;0;3,621712;-2,370207;0,05009;11,17456;-1,133294;-0,263081;16,09354;-0,476403;-0,594573;18,69704;0,043319;-0,997306;20,74961;-0,895299;-0,03505;3,621712;-0,101118;0,01504;11,13133;1,458558;-3,345668;15,37458;2,267151;-5,317394;17,56344;2,896893;-7,062843;19,25811;0,443679;-0,000078;3,621712;1,958848;0,050012;10,3956;1,956898;-4,900703;10,96029;1,446306;-6,947075;9,122807;0,726186;-7,026968;6,684914;1,743431;-0,000171;3,621712;3,958467;0,049919;9,102249;3,988765;-3,889036;9,573995;3,772154;-5,799951;8,917446;3,273011;-7,431164;7,366604;0;0;0;-39,96709;-35,25297;115,2564;-34,13492;-35,25298;115,2564;-32,9603;-34,934;115,624;-32,9603;-34,93401;115,6241;-0,379977;0;0;3,510621;14,12033;-0,092419;7,200776;14,07995;0,66744;11,17488;13,89478;1,670135;11,11837;13,93971;1,435182;-0,380045;6,036885;0;36,95337;19,50468;0,962519;39,98046;20,76262;-0,618721;43,33193;22,01253;-1,828616;43,39569;21,863;-1,657953;-0,413454;12,60826;0;83,34498;12,07381;-1,420641;132,6163;14,03062;-1,435149;178,6762;16,50032;1,679266;178,5962;16,49389;1,39746;-0,485496;22,00679;0;82,97962;13,36752;-1,190102;109,5443;15,03487;-1,205825;135,1679;18,46025;0,653246;135,1012;18,26009;0,441362;0;0;0;0;0;0;0,07347;0,05921;0,109881;0,14019;0,116922;0,197277;0,191867;0,162274;0,262633;0;0;0;0;0;0;0,029884;-0,000047;-0,00751;0,045754;-0,00007;-0,011534;0,058327;-0,000095;-0,014663;0;0;0;0;0;0;-0,12194;-0,002056;0,043184;-0,185251;-0,003129;0,065804;-0,234649;-0,003979;0,083148;0;0;0;0;0;0;0;0;0;0;0;0;0;0;0;0;0;0;0;0;0;0;0;0;0;0;0;0;0;0;0;0;0;0;0;0;4,40821;3,552585;6,59287;8,411406;7,015317;11,83659;11,51204;9,736417;15,75798;0;0;0;0;0;0;1,793056;-0,00285;-0,450611;2,74524;-0,004191;-0,69201;3,499612;-0,0057;-0,879764;0;0;0;0;0;0;-7,316395;-0,123382;2,591013;-11,11507;-0,187755;3,948211;-14,07891;-0,238717;4,988908;0;0;0;0;0;0;0;0;0;0;0;0;0;0;0;0;0;0;0;0;0;0;0;0;0;0;0;0;0;0;13,83134;13,00795;9,591082;11,56281;47,12712;37,0736;5,832102;1,386351;-14,12051;3,642821;3,504702;3,731611;-19,47954;38,37971;3,571441;3,794573;-12,07378;83,49284;49,25799;45,17561;-13,36859;83,17056;26,56068;25,05045;-1,581802;-1,966324;-0,002031;0;-0,346127;0,003233;0;-0,003147;1,563377;-0,266876;0;-0,003104;0;0;0;0;0;0;0;0;239,5294;681,2621;-0,001717;0;47,84202;-0,966453;0;-0,188828;109,1904;-18,60809;-0,197411;-0,372505;0;0;-105,4962;-94,89439;0;0;-105,4413;-94,73647
41;683,3333;00:00:00:683;0;0;0;-3,519914;0,050068;3,621712;-5,380681;-3,159861;6,599546;-6,616062;-5,903768;9,35949;-7,49559;-7,99282;11,50747;-2,370207;0;3,621712;-2,370207;0,05009;11,17456;-1,134776;-0,263078;16,09391;-0,478673;-0,59457;18,69761;0,040427;-0,997302;20,75034;-0,895299;-0,03505;3,621712;-0,101118;0,01504;11,13133;1,458469;-3,345669;15,37461;2,267016;-5,317396;17,56349;2,896723;-7,062843;19,25817;0,443679;-0,000078;3,621712;1,958848;0,050012;10,3956;1,956898;-4,900703;10,96029;1,446306;-6,947075;9,122807;0,726186;-7,026968;6,684914;1,743431;-0,000171;3,621712;3,958467;0,049919;9,102249;3,988765;-3,889036;9,573995;3,772154;-5,799951;8,917446;3,273011;-7,431164;7,366604;0;0;0;-39,93152;-35,28671;115,2895;-34,09935;-35,28671;115,2895;-32,92514;-34,96791;115,6576;-32,92514;-34,96792;115,6576;-0,379977;0;0;3,510356;14,10313;-0,093506;7,200274;14,06276;0,666295;11,17407;13,87761;1,668918;11,11763;13,92253;1,433981;-0,380045;6,036885;0;36,95334;19,50354;0,962441;39,98048;20,76148;-0,618787;43,33196;22,01139;-1,828674;43,39571;21,86186;-1,658011;-0,413454;12,60826;0;83,34498;12,07381;-1,420641;132,6163;14,03062;-1,435149;178,6762;16,50032;1,679266;178,5962;16,49389;1,39746;-0,485496;22,00679;0;82,97962;13,36752;-1,190102;109,5443;15,03487;-1,205825;135,1679;18,46025;0,653246;135,1012;18,26009;0,441362;0;0;0;0;0;0;0,307113;-0,161156;0,018507;0,578821;-0,28304;0,019178;0,787675;-0,373274;0,017121;0;0;0;0;0;0;-0,08891;0,000144;0,022352;-0,136156;0,000215;0,034243;-0,17355;0,000274;0,043631;0;0;0;0;0;0;-0,005331;-0,000067;0,001878;-0,008091;-0,000089;0,002772;-0,010192;-0,000045;0,003576;0;0;0;0;0;0;0;0;0;0;0;0;0;0;0;0;0;0;0;0;0;0;0;0;0;0;0;0;0;0;0;0;0;0;0;0;14,01856;-13,22195;-5,482435;26,31783;-23,99772;-10,68592;35,74848;-32,13286;-14,73069;0;0;0;0;0;0;-7,127635;0,011483;1,791715;-10,91458;0,017099;2,746582;-13,91262;0,022128;3,4976;0;0;0;0;0;0;6,996542;0,119358;-2,478361;10,62959;0,18239;-3,781914;13,46737;0,236034;-4,774331;0;0;0;0;0;0;0;0;0;0;0;0;0;0;0;0;0;0;0;0;0;0;0;0;0;0;0;0;0;0;13,82604;12,99763;9,580581;11,55097;47,14808;37,00014;5,832169;1,386351;-14,10333;3,642553;3,504702;3,731611;-19,47839;38,37952;3,571441;3,794625;-12,07378;83,49284;49,25799;45,17561;-13,36859;83,17056;26,56068;25,05045;1,257248;-4,40712;0,004034;0;1,03117;-0,016108;0;0;0,068893;-0,011902;0;0,003104;0;0;0;0;0;0;0;0;170,343;-146,4478;0,363922;0;82,63778;-1,160431;0;0,188828;-89,66902;15,29846;0;0,372505;0;0;0;0;0;0;0;0
42;700;00:00:00:700;0;0;0;-3,519914;0,050068;3,621712;-5,377252;-3,161667;6,599739;-6,609601;-5,90694;9,35968;-7,486798;-7,997003;11,50763;-2,370207;0;3,621712;-2,370207;0,05009;11,17456;-1,13461;-0,263079;16,09387;-0,478419;-0,59457;18,69754;0,04075;-0,997302;20,75026;-0,895299;-0,03505;3,621712;-0,101118;0,01504;11,13133;1,457055;-3,345693;15,37511;2,264868;-5,317432;17,56425;2,894001;-7,062891;19,25913;0,443679;-0,000078;3,621712;1,958848;0,050012;10,3956;1,956898;-4,900703;10,96029;1,446306;-6,947075;9,122807;0,726186;-7,026968;6,684914;1,743431;-0,000171;3,621712;3,958467;0,049919;9,102249;3,988765;-3,889036;9,573995;3,772154;-5,799951;8,917446;3,273011;-7,431164;7,366604;0;0;0;-39,90786;-35,30939;115,3118;-34,0757;-35,30941;115,3119;-32,90177;-34,99074;115,6802;-32,90176;-34,99073;115,6802;-0,379977;0;0;3,510386;14,10506;-0,093385;7,20033;14,06468;0,666423;11,17416;13,87952;1,669054;11,11771;13,92444;1,434115;-0,380045;6,036885;0;36,95292;19,48532;0,961193;39,9806;20,74326;-0,619854;43,3325;21,99318;-1,829581;43,39619;21,84364;-1,658942;-0,413454;12,60826;0;83,34498;12,07381;-1,420641;132,6163;14,03062;-1,435149;178,6762;16,50032;1,679266;178,5962;16,49389;1,39746;-0,485496;22,00679;0;82,97962;13,36752;-1,190102;109,5443;15,03487;-1,205825;135,1679;18,46025;0,653246;135,1012;18,26009;0,441362;0;0;0;0;0;0;0,205725;-0,108339;0,011578;0,387669;-0,190303;0,011399;0,527501;-0,250965;0,009611;0;0;0;0;0;0;0,009924;-0,000014;-0,002503;0,01521;-0,000022;-0,003844;0,01939;-0,000022;-0,004828;0;0;0;0;0;0;-0,08487;-0,001453;0,03013;-0,128925;-0,00219;0,045687;-0,163302;-0,002816;0,057846;0;0;0;0;0;0;0;0;0;0;0;0;0;0;0;0;0;0;0;0;0;0;0;0;0;0;0;0;0;0;0;0;0;0;0;0;-6,083248;3,169029;-0,415742;-11,46912;5,564241;-0,466704;-15,61046;7,338523;-0,450611;0;0;0;0;0;0;5,930028;-0,009472;-1,491308;9,081958;-0,014249;-2,285242;11,57641;-0,01777;-2,907514;0;0;0;0;0;0;-4,77232;-0,083148;1,695156;-7,25001;-0,126064;2,57492;-9,186564;-0,166297;3,256201;0;0;0;0;0;0;0;0;0;0;0;0;0;0;0;0;0;0;0;0;0;0;0;0;0;0;0;0;0;0;13,82339;12,9892;9,573541;11,54304;47,1623;36,95101;5,832169;1,386351;-14,10525;3,642606;3,504702;3,731664;-19,46025;38,37642;3,571441;3,794625;-12,07378;83,49284;49,25799;45,17561;-13,36859;83,17056;26,56068;25,05045;0,853043;-2,947998;0;0;-0,115128;0,003219;0;0,003147;1,088104;-0,185623;0;0;0;0;0;0;0;0;0;0;-24,25231;87,54731;-0,242043;0;-68,77784;1,159572;0;0,188828;61,15265;-10,42328;0;-0,186253;0;0;0;0;0;0;0;0
43;716,6666;00:00:00:717;0;0;0;-3,519914;0,050068;3,621712;-5,374602;-3,164024;6,598848;-6,604625;-5,911208;9,357925;-7,480039;-8,002712;11,5052;-2,370207;0;3,621712;-2,370207;0,05009;11,17456;-1,134583;-0,263079;16,09386;-0,478378;-0,59457;18,69753;0,040802;-0,997302;20,75025;-0,895299;-0,03505;3,621712;-0,101118;0,01504;11,13133;1,457035;-3,345694;15,37512;2,264838;-5,317432;17,56426;2,893963;-7,062891;19,25914;0,443679;-0,000078;3,621712;1,958848;0,050012;10,3956;1,956898;-4,900703;10,96029;1,446306;-6,947075;9,122807;0,726186;-7,026968;6,684914;1,743431;-0,000171;3,621712;3,958467;0,049919;9,102249;3,988765;-3,889036;9,573995;3,772154;-5,799951;8,917446;3,273011;-7,431164;7,366604;0;0;0;-39,90309;-35,33925;115,3412;-34,07093;-35,33926;115,3413;-32,89724;-35,0206;115,7097;-32,89724;-35,02061;115,7097;-0,379977;0;0;3,510391;14,10537;-0,093365;7,200338;14,06499;0,666444;11,17418;13,87983;1,669076;11,11773;13,92476;1,434137;-0,380045;6,036885;0;36,95291;19,48506;0,961175;39,98059;20,743;-0,619871;43,33251;21,99292;-1,829594;43,3962;21,84339;-1,658955;-0,413454;12,60826;0;83,34498;12,07381;-1,420641;132,6163;14,03062;-1,435149;178,6762;16,50032;1,679266;178,5962;16,49389;1,39746;-0,485496;22,00679;0;82,97962;13,36752;-1,190102;109,5443;15,03487;-1,205825;135,1679;18,46025;0,653246;135,1012;18,26009;0,441362;0;0;0;0;0;0;0,158966;-0,141442;-0,053465;0,29853;-0,256062;-0,105277;0,40555;-0,342518;-0,145823;0;0;0;0;0;0;0,001604;-0,000003;-0,000447;0,002448;-0,000006;-0,000536;0,003129;-0,000006;-0,000715;0;0;0;0;0;0;-0,001196;-0,000022;0,000447;-0,00181;-0,000022;0,000626;-0,002302;-0,000045;0,000805;0;0;0;0;0;0;0;0;0;0;0;0;0;0;0;0;0;0;0;0;0;0;0;0;0;0;0;0;0;0;0;0;0;0;0;0;-2,805591;-1,986175;-3,902614;-5,348324;-3,945529;-7,000566;-7,317063;-5,493164;-9,326039;0;0;0;0;0;0;-0,499226;0,000671;0,123382;-0,765771;0,001006;0,198483;-0,975653;0,001006;0,246763;0;0;0;0;0;0;5,020424;0,085831;-1,780987;7,626861;0,130087;-2,703666;9,659974;0,166297;-3,422498;0;0;0;0;0;0;0;0;0;0;0;0;0;0;0;0;0;0;0;0;0;0;0;0;0;0;0;0;0;0;13,82425;12,98564;9,567099;11,53615;47,1918;36,92198;5,832169;1,38621;-14,10555;3,642606;3,504646;3,731664;-19,46;38,37638;3,571387;3,794522;-12,07378;83,49284;49,25799;45,17561;-13,36859;83,17056;26,56068;25,05045;1,770401;-1,741791;0;-0,008469;-0,018539;0;-0,003347;0;0,01545;-0,002747;-0,00329;-0,006194;0;0;0;0;0;0;0;0;55,0415;72,37243;0;-0,508118;5,795288;-0,193119;-0,200844;-0,188828;-64,35928;10,97259;-0,197411;-0,371647;0;0;0;0;0;0;0;0
44;733,3333;00:00:00:733;0;0;0;-3,519914;0,050068;3,621712;-5,374602;-3,164024;6,598848;-6,604625;-5,911208;9,357925;-7,480039;-8,002712;11,5052;-2,370207;0;3,621712;-2,370207;0,05009;11,17456;-1,134583;-0,263079;16,09386;-0,478378;-0,59457;18,69753;0,040802;-0,997302;20,75025;-0,895299;-0,03505;3,621712;-0,101118;0,01504;11,13133;1,457035;-3,345694;15,37512;2,264838;-5,317432;17,56426;2,893963;-7,062891;19,25914;0,443679;-0,000078;3,621712;1,958848;0,050012;10,3956;1,956898;-4,900703;10,96029;1,446306;-6,947075;9,122807;0,726186;-7,026968;6,684914;1,743431;-0,000171;3,621712;3,958467;0,049919;9,102249;3,988765;-3,889036;9,573995;3,772154;-5,799951;8,917446;3,273011;-7,431164;7,366604;0;0;0;-39,90309;-35,33925;115,3412;-34,07093;-35,33926;115,3413;-32,89724;-35,0206;115,7097;-32,89724;-35,02061;115,7097;-0,379977;0;0;3,510391;14,10537;-0,093365;7,200338;14,06499;0,666444;11,17418;13,87983;1,669076;11,11773;13,92476;1,434137;-0,380045;6,036885;0;36,95291;19,48506;0,961175;39,98059;20,743;-0,619871;43,33251;21,99292;-1,829594;43,3962;21,84339;-1,658955;-0,413454;12,60826;0;83,34498;12,07381;-1,420641;132,6163;14,03062;-1,435149;178,6762;16,50032;1,679266;178,5962;16,49389;1,39746;-0,485496;22,00679;0;82,97962;13,36752;-1,190102;109,5443;15,03487;-1,205825;135,1679;18,46025;0,653246;135,1012;18,26009;0,441362;0;0;0;0;0;0;0;0;0;0;0;0;0;0;0;0;0;0;0;0;0;0;0;0;0;0;0;0;0;0;0;0;0;0;0;0;0;0;0;0;0;0;0;0;0;0;0;0;0;0;0;0;0;0;0;0;0;0;0;0;0;0;0;0;0;0;0;0;0;0;0;0;0;0;0;0;0;0;0;0;0;-9,537933;8,486507;3,207922;-17,91179;15,36369;6,316602;-24,333;20,55108;8,749364;0;0;0;0;0;0;-0,096224;0,000168;0,026822;-0,146851;0,000335;0,032187;-0,187755;0,000335;0,042915;0;0;0;0;0;0;0,071749;0,001341;-0,026822;0,10863;0,001341;-0,037551;0,138134;0,002682;-0,04828;0;0;0;0;0;0;0;0;0;0;0;0;0;0;0;0;0;0;0;0;0;0;0;0;0;0;0;0;0;0;13,82425;12,98564;9,567099;11,53615;47,1918;36,92198;5,832169;1,38621;-14,10555;3,642606;3,504646;3,731664;-19,46;38,37638;3,571387;3,794522;-12,07378;83,49284;49,25799;45,17561;-13,36859;83,17056;26,56068;25,05045;0;0;0;0;0;0;0;0;0;0;0;0;0;0;0;0;0;0;0;0;-106,224;104,5074;0;0,508118;1,112366;0;0,200844;0;-0,926971;0,164795;0,197411;0,371647;0;0;0;0;0;0;0;0
45;750;00:00:00:750;0;0;0;-3,519914;0,050068;3,621712;-5,374602;-3,164024;6,598848;-6,604625;-5,911208;9,357925;-7,480039;-8,002712;11,5052;-2,370207;0;3,621712;-2,370207;0,05009;11,17456;-1,134583;-0,263079;16,09386;-0,478378;-0,59457;18,69753;0,040802;-0,997302;20,75025;-0,895299;-0,03505;3,621712;-0,101118;0,01504;11,13133;1,457035;-3,345694;15,37512;2,264838;-5,317432;17,56426;2,893963;-7,062891;19,25914;0,443679;-0,000078;3,621712;1,958848;0,050012;10,3956;1,956898;-4,900703;10,96029;1,446306;-6,947075;9,122807;0,726186;-7,026968;6,684914;1,743431;-0,000171;3,621712;3,958467;0,049919;9,102249;3,988765;-3,889036;9,573995;3,772154;-5,799951;8,917446;3,273011;-7,431164;7,366604;0;0;0;-39,90309;-35,33925;115,3412;-34,07093;-35,33926;115,3413;-32,89724;-35,0206;115,7097;-32,89724;-35,02061;115,7097;-0,379977;0;0;3,510391;14,10537;-0,093365;7,200338;14,06499;0,666444;11,17418;13,87983;1,669076;11,11773;13,92476;1,434137;-0,380045;6,036885;0;36,95291;19,48506;0,961175;39,98059;20,743;-0,619871;43,33251;21,99292;-1,829594;43,3962;21,84339;-1,658955;-0,413454;12,60826;0;83,34498;12,07381;-1,420641;132,6163;14,03062;-1,435149;178,6762;16,50032;1,679266;178,5962;16,49389;1,39746;-0,485496;22,00679;0;82,97962;13,36752;-1,190102;109,5443;15,03487;-1,205825;135,1679;18,46025;0,653246;135,1012;18,26009;0,441362;0;0;0;0;0;0;0;0;0;0;0;0;0;0;0;0;0;0;0;0;0;0;0;0;0;0;0;0;0;0;0;0;0;0;0;0;0;0;0;0;0;0;0;0;0;0;0;0;0;0;0;0;0;0;0;0;0;0;0;0;0;0;0;0;0;0;0;0;0;0;0;0;0;0;0;0;0;0;0;0;0;0;0;0;0;0;0;0;0;0;0;0;0;0;0;0;0;0;0;0;0;0;0;0;0;0;0;0;0;0;0;0;0;0;0;0;0;0;0;0;0;0;0;0;0;0;0;0;0;0;0;0;0;0;0;0;0;0;0;0;0;0;0;0;0;0;0;0;0;0;13,82425;12,98564;9,567099;11,53615;47,1918;36,92198;5,832169;1,38621;-14,10555;3,642606;3,504646;3,731664;-19,46;38,37638;3,571387;3,794522;-12,07378;83,49284;49,25799;45,17561;-13,36859;83,17056;26,56068;25,05045;0;0;0;0;0;0;0;0;0;0;0;0;0;0;0;0;0;0;0;0;-106,224;104,5074;0;0,508118;1,112366;0;0,200844;0;-0,926971;0,164795;0,197411;0,371647;0;0;0;0;0;0;0;0
46;766,6666;00:00:00:767;0;0;0;-3,519914;0,050068;3,621712;-5,36639;-3,160516;6,607724;-6,593832;-5,904355;9,371275;-7,467243;-7,993247;11,52191;-2,370207;0;3,621712;-2,370207;0,05009;11,17456;-1,136669;-0,263075;16,09439;-0,481571;-0,594565;18,69834;0,036732;-0,997296;20,75127;-0,895299;-0,03505;3,621712;-0,101118;0,01504;11,13133;1,453904;-3,345746;15,37622;2,260082;-5,317512;17,56594;2,88794;-7,062992;19,26127;0,443679;-0,000078;3,621712;1,958848;0,050012;10,3956;1,956898;-4,900703;10,96029;1,446306;-6,947075;9,122807;0,726186;-7,026968;6,684914;1,743431;-0,000171;3,621712;3,958467;0,049919;9,102249;3,988765;-3,889036;9,573995;3,770921;-5,798179;8,912718;3,269555;-7,421465;7,354292;0;0;0;-39,73724;-35,29366;115,2964;-33,98126;-35,29367;115,2964;-32,80758;-34,9755;115,6652;-32,80757;-34,9755;115,6653;-0,379977;0;0;3,510018;14,08117;-0,094895;7,199637;14,0408;0,664833;11,17304;13,85566;1,667364;11,11669;13,90058;1,432448;-0,380045;6,036885;0;36,952;19,44476;0,958417;39,98086;20,70268;-0,62223;43,33369;21,95262;-1,831603;43,39725;21,80308;-1,661018;-0,413454;12,60826;0;83,34498;12,07381;-1,420641;132,6163;14,03062;-1,435149;178,6762;16,50032;1,679266;178,5962;16,49389;1,39746;-0,485496;22,00679;0;82,97962;13,36752;-1,190102;109,6908;15,03487;-1,205823;135,4489;18,45565;0,662443;135,3818;18,25648;0,449533;0;0;0;0;0;0;0,492722;0,210509;0,532553;0,647575;0,411183;0,800952;0,767738;0,567913;1,002341;0;0;0;0;0;0;-0,125114;0,000207;0,031471;-0,191577;0,000316;0,048101;-0,244193;0,000391;0,061423;0;0;0;0;0;0;-0,187844;-0,003129;0,06634;-0,285365;-0,004783;0,100941;-0,361405;-0,006035;0,127852;0;0;0;0;0;0;0;0;0;0;0;0;0;0;0;0;0;0;0;0;0;0;0;0;-0,073962;0,106305;-0,283644;-0,20738;0,58195;-0,73868;0;0;0;0;0;0;29,5633;12,63052;31,95315;38,85447;24,67096;48,05714;46,06425;34,07478;60,14048;0;0;0;0;0;0;-7,506832;0,012405;1,888275;-11,49461;0,018943;2,886056;-14,65157;0,023469;3,685355;0;0;0;0;0;0;-11,27064;-0,187755;3,980398;-17,12188;-0,286996;6,056427;-21,68432;-0,362098;7,671117;0;0;0;0;0;0;0;0;0;0;0;0;0;0;0;0;0;0;0;0;0;0;0;0;-4,437714;6,378293;-17,01861;-12,44277;34,91699;-44,32082;13,79979;12,96121;9,563601;11,53147;47,07556;36,73166;5,755919;1,38621;-14,08136;3,642123;3,504702;3,731664;-19,41987;38,36955;3,571496;3,794676;-12,07378;83,49284;49,25799;45,17561;-13,36859;83,17056;26,70716;25,1821;-6,974487;-11,41914;-4,574975;0;1,451568;-0,029039;0,003347;0;2,407837;-0,40947;0,00658;0,009284;0;0;0;0;0;0;8,788834;7,898712;-418,4692;-685,1485;-274,4985;0;87,0941;-1,742363;0,200844;0;144,4702;-24,56817;0,394821;0,557041;0;0;0;0;0;0;527,33;473,9227
47;783,3333;00:00:00:783;0;0;0;-3,519914;0,050068;3,621712;-5,364626;-3,158953;6,610494;-6,590464;-5,901283;9,376253;-7,462633;-7,988991;11,52854;-2,370207;0;3,621712;-2,370207;0,05009;11,17456;-1,137299;-0,263074;16,09455;-0,482537;-0,594563;18,69858;0,035501;-0,997294;20,75158;-0,895299;-0,03505;3,621712;-0,101118;0,01504;11,13133;1,454701;-3,345733;15,37594;2,261292;-5,317492;17,56552;2,889473;-7,062966;19,26073;0,443679;-0,000078;3,621712;1,958848;0,050012;10,3956;1,956898;-4,900703;10,96029;1,445845;-6,945125;9,120764;0,725682;-7,020079;6,682728;1,743431;-0,000171;3,621712;3,958467;0,049919;9,102249;3,988765;-3,889036;9,573995;3,770921;-5,798179;8,912718;3,269555;-7,421465;7,354292;0;0;0;-39,6904;-35,27357;115,2766;-33,93442;-35,27358;115,2766;-32,76076;-34,95565;115,6457;-32,76075;-34,95565;115,6457;-0,379977;0;0;3,509906;14,07385;-0,095358;7,199425;14,03349;0,664347;11,17269;13,84835;1,666846;11,11638;13,89327;1,431938;-0,380045;6,036885;0;36,95224;19,45502;0,95912;39,98079;20,71294;-0,621629;43,33339;21,96288;-1,831094;43,397;21,81335;-1,660491;-0,413454;12,60826;0;83,34498;12,07381;-1,420641;132,675;14,03063;-1,435147;178,7882;16,49723;1,681873;178,7082;16,49133;1,400059;-0,485496;22,00679;0;82,97962;13,36752;-1,190102;109,6908;15,03487;-1,205823;135,4489;18,45565;0,662443;135,3818;18,25648;0,449533;0;0;0;0;0;0;0,105858;0,093788;0,166208;0,202104;0,18429;0,298709;0,276625;0,255346;0,39795;0;0;0;0;0;0;-0,03783;0,00006;0,009477;-0,057936;0,000089;0,014573;-0,07385;0,000117;0,018597;0;0;0;0;0;0;0,047833;0,000782;-0,016809;0,072666;0,001185;-0,02566;0,092;0,00152;-0,032634;0;0;0;0;0;0;0;0;0;-0,027711;0,117034;-0,122577;-0,030192;0,413328;-0,13116;0;0;0;0;0;0;0;0;0;0;0;0;0;0;0;0;0;0;0;0;0;-23,21183;-7,003248;-21,9807;-26,72821;-13,61355;-30,13461;-29,46675;-18,754;-36,26346;0;0;0;0;0;0;5,237012;-0,008801;-1,319647;8,018463;-0,013579;-2,011657;10,22056;-0,016429;-2,569556;0;0;0;0;0;0;14,1406;0,234693;-4,988908;21,48181;0,358075;-7,596015;27,2043;0,453293;-9,629128;0;0;0;0;0;0;0;0;0;-1,662634;7,022022;-7,354616;-1,811497;24,7997;-7,8696;0;0;0;0;0;0;0;0;0;4,437714;-6,378293;17,01861;12,44277;-34,91699;44,32082;13,79023;12,95417;9,563952;11,52937;47,03514;36,6834;5,755988;1,386351;-14,07405;3,642015;3,504702;3,731611;-19,43009;38,37129;3,571496;3,794573;-12,07378;83,49284;49,3166;45,22832;-13,36859;83,17056;26,70716;25,1821;-2,425232;-2,896042;0,004091;0,008469;0,438881;-0,006466;0;-0,003147;-0,613174;0,104141;0;-0,006194;0;0;3,516998;3,16246;0;0;0;0;272,9553;511,386;274,744;0,508118;-60,76125;1,354408;-0,200844;-0,188828;-181,2607;30,81665;-0,394821;-0,928688;0;0;211,0199;189,7476;0;0;-527,33;-473,9227
48;800;00:00:00:800;0;0;0;-3,519914;0,050068;3,621712;-5,343877;-3,166638;6,614963;-6,551327;-5,914375;9,383445;-7,40935;-8,006;11,53761;-2,370207;0;3,621712;-2,370207;0,05009;11,17456;-1,138071;-0,263073;16,09474;-0,483719;-0,594561;18,69888;0,033995;-0,997291;20,75196;-0,895299;-0,03505;3,621712;-0,101118;0,01504;11,13133;1,452954;-3,345763;15,37656;2,258639;-5,317538;17,56645;2,886112;-7,063025;19,26192;0,443679;-0,000078;3,621712;1,958848;0,050012;10,3956;1,956898;-4,900703;10,96029;1,445614;-6,944149;9,119743;0,725431;-7,016636;6,681638;1,743431;-0,000171;3,621712;3,958467;0,049919;9,102249;3,988765;-3,889036;9,573995;3,771415;-5,79889;8,914609;3,270936;-7,425352;7,359213;0;0;0;-39,50385;-35,37053;115,3721;-33,74787;-35,37054;115,3721;-32,5757;-35,0536;115,7429;-32,57571;-35,05359;115,7429;-0,379977;0;0;3,509768;14,0649;-0,095924;7,199164;14,02454;0,663751;11,17227;13,83941;1,666213;11,116;13,88432;1,431313;-0,380045;6,036885;0;36,95173;19,43253;0,957582;39,98095;20,69045;-0,622944;43,33406;21,9404;-1,832212;43,39758;21,79086;-1,661641;-0,413454;12,60826;0;83,34498;12,07381;-1,420641;132,7043;14,03063;-1,435148;178,8442;16,49569;1,683177;178,7642;16,49005;1,401357;-0,485496;22,00679;0;82,97962;13,36752;-1,190102;109,6322;15,03487;-1,205821;135,3365;18,45749;0,658765;135,2695;18,25792;0,446265;0;0;0;0;0;0;1,244902;-0,461139;0,268132;2,348229;-0,785507;0,431478;3,196925;-1,020536;0,544399;0;0;0;0;0;0;-0,046302;0,000077;0,011623;-0,0709;0,00012;0,017792;-0,090379;0,000145;0,022709;0;0;0;0;0;0;-0,104807;-0,00181;0,036925;-0,159211;-0,002727;0,056058;-0,201657;-0,003487;0,071257;0;0;0;0;0;0;0;0;0;-0,01383;0,058562;-0,061244;-0,015059;0,20662;-0,065401;0;0;0;0;0;0;0;0;0;0,029594;-0,042647;0,113457;0,082858;-0,233173;0,295222;0;0;0;0;0;0;68,34267;-33,2956;6,115436;128,7675;-58,18784;7,966162;175,218;-76,55292;8,786914;0;0;0;0;0;0;-0,508279;0,001006;0,128746;-0,777841;0,001844;0,193119;-0,991747;0,001676;0,246763;0;0;0;0;0;0;-9,158401;-0,155568;3,224015;-13,91262;-0,234693;4,903077;-17,61943;-0,300407;6,233453;0;0;0;0;0;0;0;0;0;0,832826;-3,508329;3,67999;0,907928;-12,40253;3,945529;0;0;0;0;0;0;0;0;0;1,775622;-2,558827;6,807446;4,971474;-13,9904;17,7133;13,76334;12,90545;9,52544;11,48324;47,0608;36,35643;5,755988;1,386351;-14,0651;3,641908;3,504702;3,731664;-19,40769;38,36747;3,571496;3,794625;-12,07378;83,49284;49,34591;45,25468;-13,36859;83,17056;26,64857;25,12945;1,539459;-19,61815;0;0;0,536957;-0,006423;0;0,003147;1,343651;-0,228882;0;0,003104;0;0;1,758041;1,581573;0;0;-3,515968;-3,158684;237,8814;-1003,326;-0,245476;-0,508118;5,884553;0,002575;0;0,377655;117,4095;-19,98138;0;0,557899;0;0;-105,5374;-94,8532;0;0;-210,9581;-189,521
49;816,6666;00:00:00:817;0;0;0;-3,519914;0,050068;3,621712;-5,343877;-3,166638;6,614963;-6,551327;-5,914375;9,383445;-7,40935;-8,006;11,53761;-2,370207;0;3,621712;-2,370207;0,05009;11,17456;-1,138071;-0,263073;16,09474;-0,483719;-0,594561;18,69888;0,033995;-0,997291;20,75196;-0,895299;-0,03505;3,621712;-0,101118;0,01504;11,13133;1,452954;-3,345763;15,37656;2,258639;-5,317538;17,56645;2,886112;-7,063025;19,26192;0,443679;-0,000078;3,621712;1,958848;0,050012;10,3956;1,956898;-4,900703;10,96029;1,445614;-6,944149;9,119743;0,725431;-7,016636;6,681638;1,743431;-0,000171;3,621712;3,958467;0,049919;9,102249;3,988765;-3,889036;9,573995;3,771415;-5,79889;8,914609;3,270936;-7,425352;7,359213;0;0;0;-39,50385;-35,37053;115,3721;-33,74787;-35,37054;115,3721;-32,5757;-35,0536;115,7429;-32,57571;-35,05359;115,7429;-0,379977;0;0;3,509768;14,0649;-0,095924;7,199164;14,02454;0,663751;11,17227;13,83941;1,666213;11,116;13,88432;1,431313;-0,380045;6,036885;0;36,95173;19,43253;0,957582;39,98095;20,69045;-0,622944;43,33406;21,9404;-1,832212;43,39758;21,79086;-1,661641;-0,413454;12,60826;0;83,34498;12,07381;-1,420641;132,7043;14,03063;-1,435148;178,8442;16,49569;1,683177;178,7642;16,49005;1,401357;-0,485496;22,00679;0;82,97962;13,36752;-1,190102;109,6322;15,03487;-1,205821;135,3365;18,45749;0,658765;135,2695;18,25792;0,446265;0;0;0;0;0;0;0;0;0;0;0;0;0;0;0;0;0;0;0;0;0;0;0;0;0;0;0;0;0;0;0;0;0;0;0;0;0;0;0;0;0;0;0;0;0;0;0;0;0;0;0;0;0;0;0;0;0;0;0;0;0;0;0;0;0;0;0;0;0;0;0;0;0;0;0;0;0;0;0;0;0;-74,69415;27,66832;-16,08789;-140,8937;47,13043;-25,88868;-191,8155;61,23214;-32,66394;0;0;0;0;0;0;2,778098;-0,00461;-0,697374;4,253983;-0,007208;-1,067519;5,422755;-0,008717;-1,362562;0;0;0;0;0;0;6,288439;0,10863;-2,215504;9,552686;0,163615;-3,36349;12,09944;0,209212;-4,27544;0;0;0;0;0;0;0;0;0;0,829808;-3,513693;3,674626;0,903569;-12,39717;3,924071;0;0;0;0;0;0;0;0;0;-1,775622;2,558827;-6,807446;-4,971474;13,9904;-17,7133;13,76334;12,90545;9,52544;11,48324;47,0608;36,35643;5,755988;1,386351;-14,0651;3,641908;3,504702;3,731664;-19,40769;38,36747;3,571496;3,794625;-12,07378;83,49284;49,34591;45,25468;-13,36859;83,17056;26,64857;25,12945;1,539459;-19,61815;0;0;0,536957;-0,006423;0;0,003147;1,343651;-0,228882;0;0,003104;0;0;1,758041;1,581573;0;0;-3,515968;-3,158684;237,8814;-1003,326;-0,245476;-0,508118;5,884553;0,002575;0;0,377655;117,4095;-19,98138;0;0,557899;0;0;-105,5374;-94,8532;0;0;-210,9581;-189,521
50;833,3333;00:00:00:833;0;0;0;-3,519914;0,050068;3,621712;-5,336502;-3,169837;6,616009;-6,537425;-5,919909;9,385011;-7,39043;-8,013246;11,53951;-2,370207;0;3,621712;-2,370207;0,05009;11,17456;-1,137941;-0,263073;16,09471;-0,48352;-0,594562;18,69883;0,034248;-0,997292;20,7519;-0,895299;-0,03505;3,621712;-0,101118;0,01504;11,13133;1,452083;-3,345776;15,37687;2,257314;-5,317558;17,56692;2,884435;-7,063051;19,26251;0,443679;-0,000078;3,621712;1,958848;0,050012;10,3956;1,956898;-4,900703;10,96029;1,445614;-6,944149;9,119743;0,725431;-7,016636;6,681638;1,743431;-0,000171;3,621712;3,958467;0,049919;9,102249;3,988765;-3,889036;9,573995;3,771415;-5,79889;8,914609;3,270936;-7,425352;7,359213;0;0;0;-39,44449;-35,41115;115,4122;-33,6885;-35,41117;115,4121;-32,51691;-35,09454;115,7836;-32,51691;-35,09453;115,7836;-0,379977;0;0;3,509791;14,06641;-0,095829;7,199208;14,02604;0,663851;11,17234;13,84091;1,666319;11,11606;13,88583;1,431418;-0,380045;6,036885;0;36,95147;19,4213;0,956814;39,98102;20,67923;-0,6236;43,33438;21,92917;-1,832774;43,39787;21,77963;-1,662215;-0,413454;12,60826;0;83,34498;12,07381;-1,420641;132,7043;14,03063;-1,435148;178,8442;16,49569;1,683177;178,7642;16,49005;1,401357;-0,485496;22,00679;0;82,97962;13,36752;-1,190102;109,6322;15,03487;-1,205821;135,3365;18,45749;0,658765;135,2695;18,25792;0,446265;0;0;0;0;0;0;0,442565;-0,191934;0,062764;0,834122;-0,332035;0,093967;1,1352;-0,434741;0,113726;0;0;0;0;0;0;0,007778;-0,00001;-0,001967;0,011913;-0,00002;-0,00304;0,015188;-0,000022;-0,003844;0;0;0;0;0;0;-0,052314;-0,000805;0,018507;-0,079483;-0,001229;0,027984;-0,100628;-0,001565;0,035495;0;0;0;0;0;0;0;0;0;0;0;0;0;0;0;0;0;0;0;0;0;0;0;0;0;0;0;0;0;0;0;0;0;0;0;0;26,55387;-11,51606;3,765821;50,04734;-19,9221;5,638002;68,11201;-26,08448;6,823539;0;0;0;0;0;0;0,466704;-0,000587;-0,118017;0,714809;-0,001173;-0,18239;0,91128;-0,001341;-0,23067;0;0;0;0;0;0;-3,138855;-0,04828;1,110434;-4,768967;-0,073761;1,679063;-6,037652;-0,093877;2,129673;0;0;0;0;0;0;0;0;0;0;0;0;0;0;0;0;0;0;0;0;0;0;0;0;0;0;0;0;0;0;13,75564;12,88877;9,511012;11,4667;47,07921;36,24447;5,755919;1,386351;-14,0666;3,641908;3,504758;3,731664;-19,39651;38,36557;3,571441;3,794573;-12,07378;83,49284;49,34591;45,25468;-13,36859;83,17056;26,64857;25,12945;1,104813;-6,717224;-0,004091;0;-0,090237;0;0,003347;0;0,671082;-0,113983;-0,00329;-0,003104;0;0;0;0;0;0;0;0;-26,07879;774,0554;-0,245476;0;-37,6316;0,38538;0,200844;-0,188828;-40,35415;6,89392;-0,197411;-0,372505;0;0;-105,4825;-94,89439;0;0;210,9581;189,521
51;849,9999;00:00:00:850;0;0;0;-3,519914;0,050068;3,621712;-5,336502;-3,169837;6,616009;-6,537425;-5,919909;9,385011;-7,39043;-8,013246;11,53951;-2,370207;0;3,621712;-2,370207;0,05009;11,17456;-1,137941;-0,263073;16,09471;-0,48352;-0,594562;18,69883;0,034248;-0,997292;20,7519;-0,895299;-0,03505;3,621712;-0,101118;0,01504;11,13133;1,452083;-3,345776;15,37687;2,257314;-5,317558;17,56692;2,884435;-7,063051;19,26251;0,443679;-0,000078;3,621712;1,958848;0,050012;10,3956;1,956898;-4,900703;10,96029;1,445614;-6,944149;9,119743;0,725431;-7,016636;6,681638;1,743431;-0,000171;3,621712;3,958467;0,049919;9,102249;3,988765;-3,889036;9,573995;3,771415;-5,79889;8,914609;3,270936;-7,425352;7,359213;0;0;0;-39,44449;-35,41115;115,4122;-33,6885;-35,41117;115,4121;-32,51691;-35,09454;115,7836;-32,51691;-35,09453;115,7836;-0,379977;0;0;3,509791;14,06641;-0,095829;7,199208;14,02604;0,663851;11,17234;13,84091;1,666319;11,11606;13,88583;1,431418;-0,380045;6,036885;0;36,95147;19,4213;0,956814;39,98102;20,67923;-0,6236;43,33438;21,92917;-1,832774;43,39787;21,77963;-1,662215;-0,413454;12,60826;0;83,34498;12,07381;-1,420641;132,7043;14,03063;-1,435148;178,8442;16,49569;1,683177;178,7642;16,49005;1,401357;-0,485496;22,00679;0;82,97962;13,36752;-1,190102;109,6322;15,03487;-1,205821;135,3365;18,45749;0,658765;135,2695;18,25792;0,446265;0;0;0;0;0;0;0;0;0;0;0;0;0;0;0;0;0;0;0;0;0;0;0;0;0;0;0;0;0;0;0;0;0;0;0;0;0;0;0;0;0;0;0;0;0;0;0;0;0;0;0;0;0;0;0;0;0;0;0;0;0;0;0;0;0;0;0;0;0;0;0;0;0;0;0;0;0;0;0;0;0;-26,55387;11,51606;-3,765821;-50,04734;19,9221;-5,638002;-68,11201;26,08448;-6,823539;0;0;0;0;0;0;-0,466704;0,000587;0,118017;-0,714809;0,001173;0,18239;-0,91128;0,001341;0,23067;0;0;0;0;0;0;3,138855;0,04828;-1,110434;4,768967;0,073761;-1,679063;6,037652;0,093877;-2,129673;0;0;0;0;0;0;0;0;0;0;0;0;0;0;0;0;0;0;0;0;0;0;0;0;0;0;0;0;0;0;13,75564;12,88877;9,511012;11,4667;47,07921;36,24447;5,755919;1,386351;-14,0666;3,641908;3,504758;3,731664;-19,39651;38,36557;3,571441;3,794573;-12,07378;83,49284;49,34591;45,25468;-13,36859;83,17056;26,64857;25,12945;1,104813;-6,717224;-0,004091;0;-0,090237;0;0,003347;0;0,671082;-0,113983;-0,00329;-0,003104;0;0;0;0;0;0;0;0;-26,07879;774,0554;-0,245476;0;-37,6316;0,38538;0,200844;-0,188828;-40,35415;6,89392;-0,197411;-0,372505;0;0;-105,4825;-94,89439;0;0;210,9581;189,521
52;866,6666;00:00:00:867;0;0;0;-3,519914;0,050068;3,621712;-5,331798;-3,170674;6,617959;-6,528539;-5,921168;9,38835;-7,378325;-8,014773;11,54386;-2,370207;0;3,621712;-2,370207;0,05009;11,17456;-1,138447;-0,263072;16,09483;-0,484295;-0,59456;18,69902;0,03326;-0,99729;20,75215;-0,895299;-0,03505;3,621712;-0,101118;0,01504;11,13133;1,45185;-3,34578;15,37695;2,256961;-5,317565;17,56704;2,883987;-7,063058;19,26267;0,443679;-0,000078;3,621712;1,958848;0,050012;10,3956;1,956898;-4,900703;10,96029;1,445614;-6,944149;9,119743;0,725431;-7,016636;6,681638;1,743431;-0,000171;3,621712;3,958467;0,049919;9,102249;3,988765;-3,889036;9,573995;3,771415;-5,79889;8,914609;3,270936;-7,425352;7,359213;0;0;0;-39,38994;-35,42177;115,4226;-33,63396;-35,42179;115,4226;-32,46264;-35,10544;115,7944;-32,46265;-35,10544;115,7945;-0,379977;0;0;3,509701;14,06053;-0,0962;7,199038;14,02017;0,663461;11,17207;13,83504;1,665903;11,11581;13,87996;1,431008;-0,380045;6,036885;0;36,9514;19,41831;0,956609;39,98104;20,67623;-0,623776;43,33447;21,92618;-1,832924;43,39795;21,77664;-1,662369;-0,413454;12,60826;0;83,34498;12,07381;-1,420641;132,7043;14,03063;-1,435148;178,8442;16,49569;1,683177;178,7642;16,49005;1,401357;-0,485496;22,00679;0;82,97962;13,36752;-1,190102;109,6322;15,03487;-1,205821;135,3365;18,45749;0,658765;135,2695;18,25792;0,446265;0;0;0;0;0;0;0,282213;-0,050224;0,116989;0,533178;-0,075571;0,200406;0,726342;-0,091687;0,261068;0;0;0;0;0;0;-0,03037;0,00005;0,0076;-0,046503;0,000075;0,011623;-0,059277;0,000095;0,014931;0;0;0;0;0;0;-0,01397;-0,000246;0,004828;-0,021212;-0,000402;0,0076;-0,026867;-0,000447;0,009477;0;0;0;0;0;0;0;0;0;0;0;0;0;0;0;0;0;0;0;0;0;0;0;0;0;0;0;0;0;0;0;0;0;0;0;0;16,93278;-3,013462;7,01934;31,9907;-4,534274;12,02434;43,58052;-5,50121;15,6641;0;0;0;0;0;0;-1,822226;0,003017;0,455976;-2,790168;0,004526;0,697374;-3,556609;0,0057;0,895858;0;0;0;0;0;0;-0,83819;-0,014752;0,289679;-1,272708;-0,02414;0,455976;-1,612008;-0,026822;0,568628;0;0;0;0;0;0;0;0;0;0;0;0;0;0;0;0;0;0;0;0;0;0;0;0;0;0;0;0;0;0;13,74661;12,87637;9,50307;11,45711;47,06806;36,16214;5,755988;1,386351;-14,06073;3,6418;3,504702;3,731664;-19,39354;38,36507;3,571387;3,794573;-12,07378;83,49284;49,34591;45,25468;-13,36859;83,17056;26,64857;25,12945;-0,66925;-4,939956;0,004091;0;0,352478;-0,006452;-0,003347;0;0,178299;-0,030212;-0,00329;0;0;0;0;0;0;0;0;0;-106,4438;106,636;0,490952;0;26,56288;-0,387096;-0,401688;0;-29,56695;5,026245;0;0,186253;0;0;0;0;0;0;0;0
53;883,3333;00:00:00:883;0;0;0;-3,519914;0,050068;3,621712;-5,329468;-3,16946;6,620668;-6,524109;-5,918719;9,393193;-7,372272;-8,011344;11,55029;-2,370207;0;3,621712;-2,370207;0,05009;11,17456;-1,141144;-0,263068;16,09551;-0,488424;-0,594554;18,70005;0,027997;-0,997281;20,75347;-0,895299;-0,03505;3,621712;-0,101118;0,01504;11,13133;1,451889;-3,34578;15,37693;2,25702;-5,317564;17,56702;2,884062;-7,063057;19,26264;0,443679;-0,000078;3,621712;1,958848;0,050012;10,3956;1,956898;-4,900703;10,96029;1,445384;-6,943172;9,118724;0,725182;-7,01319;6,680552;1,743431;-0,000171;3,621712;3,958467;0,049919;9,102249;3,988765;-3,889036;9,573995;3,771415;-5,79889;8,914609;3,270936;-7,425352;7,359213;0;0;0;-39,3402;-35,4063;115,4074;-33,58421;-35,40632;115,4073;-32,41298;-35,09023;115,7794;-32,41298;-35,09023;115,7794;-0,379977;0;0;3,50922;14,02925;-0,098178;7,198131;13,98889;0,66138;11,1706;13,80379;1,663692;11,11447;13,8487;1,428827;-0,380045;6,036885;0;36,95141;19,41881;0,956644;39,98104;20,67673;-0,623745;43,33445;21,92668;-1,832899;43,39793;21,77714;-1,662345;-0,413454;12,60826;0;83,34498;12,07381;-1,420641;132,7336;14,03063;-1,435147;178,9001;16,49414;1,684478;178,8201;16,48877;1,402656;-0,485496;22,00679;0;82,97962;13,36752;-1,190102;109,6322;15,03487;-1,205821;135,3365;18,45749;0,658765;135,2695;18,25792;0,446265;0;0;0;0;0;0;0,139788;0,072844;0,162587;0,265762;0,14694;0,290528;0,363171;0,20577;0,38597;0;0;0;0;0;0;-0,161799;0,000275;0,040501;-0,247758;0,000419;0,062138;-0,315808;0,000525;0,079125;0;0;0;0;0;0;0,002347;0,000045;-0,000805;0,003554;0,000067;-0,001252;0,004493;0,000045;-0,001609;0;0;0;0;0;0;0;0;0;-0,01383;0,058606;-0,061154;-0,01499;0,206754;-0,065133;0;0;0;0;0;0;0;0;0;0;0;0;0;0;0;0;0;0;0;0;0;-8,545516;7,38412;2,735853;-16,04497;13,35069;5,407331;-21,79026;17,84742;7,494091;0;0;0;0;0;0;-7,885694;0,013495;1,974106;-12,0753;0,020619;3,030896;-15,39186;0,025816;3,851652;0;0;0;0;0;0;0,979006;0,017434;-0,337958;1,485944;0,028163;-0,531077;1,881569;0,029504;-0,665188;0;0;0;0;0;0;0;0;0;-0,829808;3,516376;-3,669261;-0,899378;12,40522;-3,907978;0;0;0;0;0;0;0;0;0;0;0;0;0;0;0;13,73534;12,86748;9,501549;11,45366;47,00388;36,08175;5,755988;1,386351;-14,01849;3,641047;3,504702;3,731716;-19,37439;38,36183;3,571441;3,794573;-12,07378;83,49284;49,3752;45,28105;-13,36859;83,17056;26,64857;25,12945;-3,850479;-4,823226;0;0;2,533951;-0,04519;0;0,003147;1,148987;-0,19455;0,00329;0;0;0;1,757812;1,58226;0;0;0;0;-190,8737;7,003784;-0,245476;0;130,8884;-2,324295;0,200844;0,188828;58,24126;-9,860229;0,394821;0;0;0;105,4687;94,93559;0;0;0;0
54;899,9999;00:00:00:900;0;0;0;-3,519914;0,050068;3,621712;-5,328751;-3,168233;6,622419;-6,52273;-5,916355;9,396355;-7,370378;-8,008093;11,55452;-2,370207;0;3,621712;-2,370207;0,05009;11,17456;-1,142089;-0,263066;16,09574;-0,489871;-0,594551;18,70042;0,026153;-0,997278;20,75393;-0,895299;-0,03505;3,621712;-0,101118;0,01504;11,13133;1,450356;-3,345805;15,37747;2,254692;-5,317602;17,56784;2,881114;-7,063105;19,26368;0,443679;-0,000078;3,621712;1,958848;0,050012;10,3956;1,956898;-4,900703;10,96029;1,445384;-6,943172;9,118724;0,725182;-7,01319;6,680552;1,743431;-0,000171;3,621712;3,958467;0,049919;9,102249;3,988765;-3,889036;9,573995;3,771415;-5,79889;8,914609;3,270936;-7,425352;7,359213;0;0;0;-39,31297;-35,39067;115,3919;-33,55698;-35,39069;115,3919;-32,38573;-35,07473;115,7641;-32,38573;-35,07474;115,7641;-0,379977;0;0;3,509052;14,01829;-0,098871;7,197812;13,97794;0,660651;11,17008;13,79284;1,662917;11,114;13,83775;1,428062;-0,380045;6,036885;0;36,95095;19,39908;0,955292;39,98115;20,657;-0,624903;43,33502;21,90695;-1,833883;43,39845;21,75742;-1,663351;-0,413454;12,60826;0;83,34498;12,07381;-1,420641;132,7336;14,03063;-1,435147;178,9001;16,49414;1,684478;178,8201;16,48877;1,402656;-0,485496;22,00679;0;82,97962;13,36752;-1,190102;109,6322;15,03487;-1,205821;135,3365;18,45749;0,658765;135,2695;18,25792;0,446265;0;0;0;0;0;0;0,043049;0,073649;0,105009;0,082746;0,141889;0,189722;0,113636;0,195086;0,253379;0;0;0;0;0;0;-0,056684;0,000098;0,014126;-0,086803;0,000148;0,021726;-0,110641;0,00019;0,027716;0;0;0;0;0;0;-0,091944;-0,001498;0,032455;-0,139676;-0,00228;0,049174;-0,176892;-0,002861;0,062317;0;0;0;0;0;0;0;0;0;0;0;0;0;0;0;0;0;0;0;0;0;0;0;0;0;0;0;0;0;0;0;0;0;0;0;0;-5,804299;0,04828;-3,454684;-10,98096;-0,30309;-6,04838;-14,97209;-0,641049;-7,955431;0;0;0;0;0;0;6,306879;-0,010645;-1,582503;9,657291;-0,016261;-2,424716;12,31;-0,020117;-3,08454;0;0;0;0;0;0;-5,657449;-0,092536;1,995563;-8,593796;-0,140816;3,025532;-10,88306;-0,174344;3,835558;0;0;0;0;0;0;0;0;0;0,829808;-3,516376;3,669261;0,899378;-12,40522;3,907978;0;0;0;0;0;0;0;0;0;0;0;0;0;0;0;13,72914;12,86147;9,50176;11,45328;47,00388;36,08175;5,755988;1,386351;-14,01849;3,641047;3,504702;3,731716;-19,37439;38,36183;3,571441;3,794573;-12,07378;83,49284;49,3752;45,28105;-13,36859;83,17056;26,64857;25,12945;-3,850479;-4,823226;0;0;2,533951;-0,04519;0;0,003147;1,148987;-0,19455;0,00329;0;0;0;1,757812;1,58226;0;0;0;0;-190,8737;7,003784;-0,245476;0;130,8884;-2,324295;0,200844;0,188828;58,24126;-9,860229;0,394821;0;0;0;105,4687;94,93559;0;0;0;0
55;916,6666;00:00:00:917;0;0;0;-3,519914;0,050068;3,621712;-5,325108;-3,161392;6,631927;-6,515715;-5,9032;9,413548;-7,36074;-7,990029;11,57748;-2,370207;0;3,621712;-2,370207;0,05009;11,17456;-1,140016;-0,26307;16,09522;-0,486697;-0,594557;18,69962;0,030199;-0,997285;20,75291;-0,895299;-0,03505;3,621712;-0,101118;0,01504;11,13133;1,450189;-3,345809;15,37753;2,254438;-5,317607;17,56793;2,880792;-7,063113;19,26379;0,443679;-0,000078;3,621712;1,958848;0,050012;10,3956;1,956898;-4,900703;10,96029;1,445384;-6,943172;9,118724;0,725182;-7,01319;6,680552;1,743431;-0,000171;3,621712;3,958467;0,049919;9,102249;3,988765;-3,889036;9,573995;3,769198;-5,795679;8,906107;3,264737;-7,4078;7,337126;0;0;0;-39,16663;-35,30363;115,3062;-33,41064;-35,30364;115,3062;-32,23927;-34,98848;115,679;-32,23926;-34,98848;115,679;-0,379977;0;0;3,509421;14,04234;-0,097351;7,198509;14,00198;0,66225;11,17121;13,81686;1,664616;11,11503;13,86178;1,429739;-0,380045;6,036885;0;36,95091;19,39693;0,955147;39,98117;20,65485;-0,625029;43,33509;21,9048;-1,83399;43,3985;21,75526;-1,663464;-0,413454;12,60826;0;83,34498;12,07381;-1,420641;132,7336;14,03063;-1,435147;178,9001;16,49414;1,684478;178,8201;16,48877;1,402656;-0,485496;22,00679;0;82,97962;13,36752;-1,190102;109,8959;15,03487;-1,205826;135,8422;18,44917;0,6753;135,7747;18,25138;0,460961;0;0;0;0;0;0;0,218578;0,410467;0,570506;0,420883;0,789262;1,031622;0,578284;1,083836;1,378119;0;0;0;0;0;0;0,124376;-0,000215;-0,031114;0,19047;-0,000327;-0,047743;0,242773;-0,000408;-0,060797;0;0;0;0;0;0;-0,010036;-0,000246;0,003487;-0,015222;-0,000335;0,005454;-0,019312;-0,000492;0,006795;0;0;0;0;0;0;0;0;0;0;0;0;0;0;0;0;0;0;0;0;0;0;0;0;-0,132993;0,19265;-0,510111;-0,371933;1,05308;-1,32519;0;0;0;0;0;0;10,53169;20,2091;27,92984;20,28823;38,84241;50,51404;27,87888;53,32499;67,48437;0;0;0;0;0;0;10,86362;-0,018775;-2,714395;16,6364;-0,028498;-4,168152;21,20487;-0,035875;-5,310773;0;0;0;0;0;0;4,914477;0,075102;-1,738071;7,467269;0,116676;-2,6232;9,454785;0,142157;-3,331303;0;0;0;0;0;0;0;0;0;0;0;0;0;0;0;0;0;0;0;0;0;0;0;0;-7,979571;11,55898;-30,60668;-22,31598;63,18479;-79,51139;13,70084;12,83852;9,503488;11,45515;46,85263;35,95069;5,755953;1,386351;-14,04254;3,641531;3,504702;3,731664;-19,37224;38,36146;3,571441;3,794573;-12,07378;83,49284;49,3752;45,28105;-13,36859;83,17056;26,91222;25,36636;-9,075165;-7,863693;-0,00206;0;-1,442757;0,029054;0;-0,003147;0,128517;-0,021973;0;0;0;0;0;0;0;0;15,81951;14,21436;-313,4811;-182,428;-0,123596;0;-238,6024;4,454612;0;-0,377655;-61,22817;10,35461;-0,197411;0;0;0;-105,4687;-94,93559;0;0;949,1706;852,8617
56;933,3333;00:00:00:933;0;0;0;-3,519914;0,050068;3,621712;-5,324575;-3,16225;6,63133;-6,514724;-5,904783;9,412434;-7,359397;-7,992163;11,57597;-2,370207;0;3,621712;-2,370207;0,05009;11,17456;-1,141688;-0,263067;16,09564;-0,489258;-0,594552;18,70026;0,026934;-0,997279;20,75373;-0,895299;-0,03505;3,621712;-0,101118;0,01504;11,13133;1,44876;-3,345831;15,37804;2,252267;-5,317642;17,5687;2,878042;-7,063157;19,26476;0,443679;-0,000078;3,621712;1,958848;0,050012;10,3956;1,956898;-4,900703;10,96029;1,445154;-6,942195;9,117705;0,724932;-7,009744;6,679469;1,743431;-0,000171;3,621712;3,958467;0,049919;9,102249;3,988765;-3,889036;9,573995;3,769198;-5,795679;8,906107;3,264737;-7,4078;7,337126;0;0;0;-39,17106;-35,31457;115,3169;-33,41508;-35,31458;115,3169;-32,24377;-34,99939;115,6897;-32,24376;-34,99939;115,6897;-0,379977;0;0;3,509124;14,02294;-0,098577;7,197946;13,98258;0,66096;11,1703;13,79748;1,663244;11,1142;13,84239;1,428386;-0,380045;6,036885;0;36,95049;19,37854;0,953888;39,9813;20,63645;-0,626104;43,33564;21,88642;-1,834909;43,39898;21,73687;-1,664406;-0,413454;12,60826;0;83,34498;12,07381;-1,420641;132,7629;14,03063;-1,435147;178,9561;16,49259;1,685778;178,8761;16,48748;1,403953;-0,485496;22,00679;0;82,97962;13,36752;-1,190102;109,8959;15,03487;-1,205826;135,8422;18,44917;0,6753;135,7747;18,25138;0,460961;0;0;0;0;0;0;0,031941;-0,051498;-0,035852;0,0595;-0,094973;-0,066876;0,080556;-0,128076;-0,090659;0;0;0;0;0;0;-0,100354;0,000173;0,025123;-0,153679;0,000263;0,038534;-0,19588;0,00033;0,049084;0;0;0;0;0;0;-0,085741;-0,001363;0,03022;-0,130288;-0,002079;0,045776;-0,164978;-0,002638;0,058115;0;0;0;0;0;0;0;0;0;-0,013808;0,058651;-0,06111;-0,014953;0,206754;-0,065044;0;0;0;0;0;0;0;0;0;0;0;0;0;0;0;0;0;0;0;0;0;-11,19822;-27,71795;-36,38148;-21,68298;-53,05409;-65,90991;-29,86371;-72,71468;-88,12665;0;0;0;0;0;0;-13,4838;0,023302;3,374219;-20,64898;0,035372;5,176662;-26,31918;0,044256;6,59287;0;0;0;0;0;0;-4,54232;-0,067055;1,603961;-6,904005;-0,104606;2,419352;-8,739977;-0,128746;3,079175;0;0;0;0;0;0;0;0;0;-0,828467;3,519058;-3,666579;-0,897199;12,40522;-3,902614;0;0;0;0;0;0;0;0;0;7,979571;-11,55898;30,60668;22,31598;-63,18479;79,51139;13,70101;12,83689;9,502489;11,45345;46,86594;35,94825;5,755988;1,38621;-14,02313;3,641208;3,504702;3,731716;-19,35393;38,35836;3,571441;3,794625;-12,07378;83,49284;49,4045;45,3074;-13,36859;83,17056;26,91222;25,36636;0,798798;-0,146256;0,00206;-0,008469;1,164493;-0,019369;0;0,003147;1,098862;-0,18631;0;0,003104;0;0;1,757583;1,581344;0;0;0;0;592,4377;463,0462;0,247192;-0,508118;156,435;-2,905368;0;0,377655;58,22067;-9,860229;0;0,186253;0;0;105,455;94,88066;0;0;-949,1706;-852,8617
57;949,9999;00:00:00:950;0;0;0;-3,519914;0,050068;3,621712;-5,324575;-3,16225;6,63133;-6,514724;-5,904783;9,412434;-7,359397;-7,992163;11,57597;-2,370207;0;3,621712;-2,370207;0,05009;11,17456;-1,141688;-0,263067;16,09564;-0,489258;-0,594552;18,70026;0,026934;-0,997279;20,75373;-0,895299;-0,03505;3,621712;-0,101118;0,01504;11,13133;1,44876;-3,345831;15,37804;2,252267;-5,317642;17,5687;2,878042;-7,063157;19,26476;0,443679;-0,000078;3,621712;1,958848;0,050012;10,3956;1,956898;-4,900703;10,96029;1,445154;-6,942195;9,117705;0,724932;-7,009744;6,679469;1,743431;-0,000171;3,621712;3,958467;0,049919;9,102249;3,988765;-3,889036;9,573995;3,769198;-5,795679;8,906107;3,264737;-7,4078;7,337126;0;0;0;-39,17106;-35,31457;115,3169;-33,41508;-35,31458;115,3169;-32,24377;-34,99939;115,6897;-32,24376;-34,99939;115,6897;-0,379977;0;0;3,509124;14,02294;-0,098577;7,197946;13,98258;0,66096;11,1703;13,79748;1,663244;11,1142;13,84239;1,428386;-0,380045;6,036885;0;36,95049;19,37854;0,953888;39,9813;20,63645;-0,626104;43,33564;21,88642;-1,834909;43,39898;21,73687;-1,664406;-0,413454;12,60826;0;83,34498;12,07381;-1,420641;132,7629;14,03063;-1,435147;178,9561;16,49259;1,685778;178,8761;16,48748;1,403953;-0,485496;22,00679;0;82,97962;13,36752;-1,190102;109,8959;15,03487;-1,205826;135,8422;18,44917;0,6753;135,7747;18,25138;0,460961;0;0;0;0;0;0;0;0;0;0;0;0;0;0;0;0;0;0;0;0;0;0;0;0;0;0;0;0;0;0;0;0;0;0;0;0;0;0;0;0;0;0;0;0;0;0;0;0;0;0;0;0;0;0;0;0;0;0;0;0;0;0;0;0;0;0;0;0;0;0;0;0;0;0;0;0;0;0;0;0;0;-1,916438;3,089905;2,151131;-3,57002;5,698352;4,012584;-4,83334;7,684528;5,439519;0;0;0;0;0;0;6,021224;-0,010394;-1,507401;9,220762;-0,015758;-2,312064;11,75277;-0,019781;-2,945065;0;0;0;0;0;0;5,144476;0,081807;-1,813173;7,817297;0,124723;-2,746582;9,898691;0,15825;-3,486871;0;0;0;0;0;0;0;0;0;0,828467;-3,519058;3,666579;0,897199;-12,40522;3,902614;0;0;0;0;0;0;0;0;0;0;0;0;0;0;0;13,70101;12,83689;9,502489;11,45345;46,86594;35,94825;5,755988;1,38621;-14,02313;3,641208;3,504702;3,731716;-19,35393;38,35836;3,571441;3,794625;-12,07378;83,49284;49,4045;45,3074;-13,36859;83,17056;26,91222;25,36636;0,798798;-0,146256;0,00206;-0,008469;1,164493;-0,019369;0;0,003147;1,098862;-0,18631;0;0,003104;0;0;1,757583;1,581344;0;0;0;0;592,4377;463,0462;0,247192;-0,508118;156,435;-2,905368;0;0,377655;58,22067;-9,860229;0;0,186253;0;0;105,455;94,88066;0;0;-949,1706;-852,8617
58;966,6666;00:00:00:967;0;0;0;-3,519914;0,050068;3,621712;-5,324575;-3,16225;6,63133;-6,514724;-5,904783;9,412434;-7,359397;-7,992163;11,57597;-2,370207;0;3,621712;-2,370207;0,05009;11,17456;-1,141688;-0,263067;16,09564;-0,489258;-0,594552;18,70026;0,026934;-0,997279;20,75373;-0,895299;-0,03505;3,621712;-0,101118;0,01504;11,13133;1,44876;-3,345831;15,37804;2,252267;-5,317642;17,5687;2,878042;-7,063157;19,26476;0,443679;-0,000078;3,621712;1,958848;0,050012;10,3956;1,956898;-4,900703;10,96029;1,445154;-6,942195;9,117705;0,724932;-7,009744;6,679469;1,743431;-0,000171;3,621712;3,958467;0,049919;9,102249;3,988765;-3,889036;9,573995;3,769198;-5,795679;8,906107;3,264737;-7,4078;7,337126;0;0;0;-39,17106;-35,31457;115,3169;-33,41508;-35,31458;115,3169;-32,24377;-34,99939;115,6897;-32,24376;-34,99939;115,6897;-0,379977;0;0;3,509124;14,02294;-0,098577;7,197946;13,98258;0,66096;11,1703;13,79748;1,663244;11,1142;13,84239;1,428386;-0,380045;6,036885;0;36,95049;19,37854;0,953888;39,9813;20,63645;-0,626104;43,33564;21,88642;-1,834909;43,39898;21,73687;-1,664406;-0,413454;12,60826;0;83,34498;12,07381;-1,420641;132,7629;14,03063;-1,435147;178,9561;16,49259;1,685778;178,8761;16,48748;1,403953;-0,485496;22,00679;0;82,97962;13,36752;-1,190102;109,8959;15,03487;-1,205826;135,8422;18,44917;0,6753;135,7747;18,25138;0,460961;0;0;0;0;0;0;0;0;0;0;0;0;0;0;0;0;0;0;0;0;0;0;0;0;0;0;0;0;0;0;0;0;0;0;0;0;0;0;0;0;0;0;0;0;0;0;0;0;0;0;0;0;0;0;0;0;0;0;0;0;0;0;0;0;0;0;0;0;0;0;0;0;0;0;0;0;0;0;0;0;0;0;0;0;0;0;0;0;0;0;0;0;0;0;0;0;0;0;0;0;0;0;0;0;0;0;0;0;0;0;0;0;0;0;0;0;0;0;0;0;0;0;0;0;0;0;0;0;0;0;0;0;0;0;0;0;0;0;0;0;0;0;0;0;0;0;0;0;0;0;13,70101;12,83689;9,502489;11,45345;46,86594;35,94825;5,755988;1,38621;-14,02313;3,641208;3,504702;3,731716;-19,35393;38,35836;3,571441;3,794625;-12,07378;83,49284;49,4045;45,3074;-13,36859;83,17056;26,91222;25,36636;0;0;0;0;0;0;0;0;0;0;0;0;0;0;0;0;0;0;0;0;-47,92785;8,775329;-0,123596;0,508118;-69,86961;1,162147;0;-0,188828;-65,9317;11,17859;0;-0,186253;0;0;-105,455;-94,88066;0;0;0;0
59;983,3333;00:00:00:983;0;0;0;-3,519914;0,050068;3,621712;-5,308391;-3,166923;6,635997;-6,484188;-5,912503;9,420197;-7,31782;-8,002038;11,58594;-2,370207;0;3,621712;-2,370207;0,05009;11,17456;-1,138102;-0,263073;16,09475;-0,483766;-0,594561;18,69889;0,033935;-0,997291;20,75198;-0,895299;-0,03505;3,621712;-0,101118;0,01504;11,13133;1,449007;-3,345827;15,37795;2,252642;-5,317636;17,56856;2,878517;-7,063149;19,26459;0,443679;-0,000078;3,621712;1,958848;0,050012;10,3956;1,956898;-4,900703;10,96029;1,445154;-6,942195;9,117705;0,724932;-7,009744;6,679469;1,743431;-0,000171;3,621712;3,958467;0,049919;9,102249;3,988765;-3,889036;9,573995;3,76969;-5,796396;8,907994;3,266112;-7,411714;7,342023;0;0;0;-39,00937;-35,37461;115,3761;-33,25338;-35,37462;115,3761;-32,08316;-35,06031;115,7502;-32,08318;-35,06029;115,7503;-0,379977;0;0;3,509763;14,06454;-0,095947;7,199153;14,02417;0,663727;11,17226;13,83905;1,666188;11,11598;13,88396;1,431288;-0,380045;6,036885;0;36,95057;19,38172;0,954107;39,98127;20,63963;-0,625918;43,33553;21,88959;-1,83475;43,3989;21,74005;-1,664244;-0,413454;12,60826;0;83,34498;12,07381;-1,420641;132,7629;14,03063;-1,435147;178,9561;16,49259;1,685778;178,8761;16,48748;1,403953;-0,485496;22,00679;0;82,97962;13,36752;-1,190102;109,8373;15,03487;-1,205827;135,7298;18,45103;0,671629;135,6624;18,25284;0,457699;0;0;0;0;0;0;0,971094;-0,280403;0,280023;1,832172;-0,463217;0,46581;2,494633;-0,592455;0,597954;0;0;0;0;0;0;0,215186;-0,000369;-0,053823;0,329498;-0,000556;-0,082523;0,420012;-0,000704;-0,105321;0;0;0;0;0;0;0,014808;0,000268;-0,005275;0,022508;0,000402;-0,007957;0,028498;0,000492;-0,010103;0;0;0;0;0;0;0;0;0;0;0;0;0;0;0;0;0;0;0;0;0;0;0;0;0,029504;-0,043005;0,113234;0,082478;-0,234827;0,293836;0;0;0;0;0;0;58,26562;-16,82415;16,80135;109,9303;-27,79305;27,94861;149,678;-35,54731;35,87722;0;0;0;0;0;0;12,91115;-0,022128;-3,22938;19,76989;-0,03336;-4,951357;25,2007;-0,042245;-6,319284;0;0;0;0;0;0;0,888482;0,016093;-0,316501;1,350492;0,02414;-0,477433;1,709908;0,029504;-0,606179;0;0;0;0;0;0;0;0;0;0;0;0;0;0;0;0;0;0;0;0;0;0;0;0;1,770258;-2,580285;6,794034;4,948675;-14,08964;17,63016;13,67959;12,79877;9,47333;11,41836;46,8632;35,6821;5,755988;1,38621;-14,06473;3,641854;3,504702;3,731716;-19,35711;38,35889;3,571441;3,794625;-12,07378;83,49284;49,4045;45,3074;-13,36859;83,17056;26,85363;25,31373;-0,164566;-15,96931;0;0;-2,496013;0,038724;0;0;-0,190544;0,031815;0;0;0;0;0;0;0;0;-3,515625;-3,157882;-9,873961;-958,1588;0;0;-149,7608;2,323436;0;0;-11,43265;1,908874;0;0;0;0;0;0;0;0;-210,9375;-189,4729
60;999,9999;00:00:01:000;0;0;0;-3,519914;0,050068;3,621712;-5,30062;-3,165736;6,641857;-6,46947;-5,909739;9,430534;-7,297745;-7,997966;11,59959;-2,370207;0;3,621712;-2,370207;0,05009;11,17456;-1,140856;-0,263068;16,09544;-0,487983;-0,594554;18,69994;0,028559;-0,997282;20,75333;-0,895299;-0,03505;3,621712;-0,101118;0,01504;11,13133;1,447952;-3,345845;15,37832;2,25104;-5,317663;17,56913;2,876488;-7,063183;19,26531;0,443679;-0,000078;3,621712;1,958848;0,050012;10,3956;1,956898;-4,900703;10,96029;1,444693;-6,940239;9,115667;0,724436;-7,002851;6,67731;1,743431;-0,000171;3,621712;3,958467;0,049919;9,102249;3,988765;-3,889036;9,573995;3,76969;-5,796396;8,907994;3,266112;-7,411714;7,342023;0;0;0;-38,88446;-35,36005;115,3617;-33,12848;-35,36005;115,3617;-31,95864;-35,04639;115,7367;-31,95864;-35,04639;115,7367;-0,379977;0;0;3,509271;14,03259;-0,097967;7,198226;13,99223;0,661602;11,17075;13,80713;1,663927;11,11461;13,85204;1,429059;-0,380045;6,036885;0;36,95026;19,36814;0,953178;39,98136;20,62606;-0,626715;43,33593;21,87602;-1,835427;43,39926;21,72647;-1,664936;-0,413454;12,60826;0;83,34498;12,07381;-1,420641;132,8215;14,03063;-1,435147;179,0681;16,4895;1,688378;178,9881;16,48492;1,406548;-0,485496;22,00679;0;82,97962;13,36752;-1,190102;109,8373;15,03487;-1,205827;135,7298;18,45103;0,671629;135,6624;18,25284;0,457699;0;0;0;0;0;0;0,466213;0,071213;0,351638;0,883028;0,165872;0,620216;1,204491;0,244305;0,819147;0;0;0;0;0;0;-0,165241;0,000285;0,041395;-0,253033;0,00043;0,06339;-0,322524;0,000536;0,080913;0;0;0;0;0;0;-0,063289;-0,001095;0,022352;-0,096112;-0,001654;0,033885;-0,12175;-0,002056;0,043005;0;0;0;0;0;0;0;0;0;-0,027621;0,117347;-0,122264;-0,029773;0,413552;-0,129506;0;0;0;0;0;0;0;0;0;0;0;0;0;0;0;0;0;0;0;0;0;-30,29287;21,09691;4,296898;-56,94865;37,74538;9,264349;-77,40854;50,20558;13,27157;0;0;0;0;0;0;-22,8256;0,039227;5,713105;-34,95186;0,059176;8,754728;-44,55216;0,074431;11,17408;0;0;0;0;0;0;-4,685818;-0,081807;1,657605;-7,117241;-0,123382;2,510547;-9,014903;-0,152886;3,186464;0;0;0;0;0;0;0;0;0;-1,65727;7,040798;-7,335841;-1,786351;24,81311;-7,770359;0;0;0;0;0;0;0;0;0;-1,770258;2,580285;-6,794034;-4,948675;14,08964;-17,63016;13,65559;12,7731;9,464381;11,40463;46,79712;35,52402;5,755988;1,386351;-14,0328;3,641316;3,504758;3,731664;-19,34358;38,3566;3,571441;3,794625;-12,07378;83,49284;49,46311;45,36013;-13,36859;83,17056;26,85363;25,31373;-3,964691;-9,484405;0;0,008469;1,916141;-0,032272;0,003347;-0,003147;0,811386;-0,1371;0;0;0;0;3,516998;3,163376;0;0;0;0;-228,0075;389,0945;0;0,508118;264,7293;-4,259777;0,200844;-0,188828;60,11581;-10,13489;0;0;0;0;211,0199;189,8025;0;0;210,9375;189,4729
61;1016,667;00:00:01:017;0;0;0;-3,519914;0,050068;3,621712;-5,30062;-3,165736;6,641857;-6,46947;-5,909739;9,430534;-7,297745;-7,997966;11,59959;-2,370207;0;3,621712;-2,370207;0,05009;11,17456;-1,140856;-0,263068;16,09544;-0,487983;-0,594554;18,69994;0,028559;-0,997282;20,75333;-0,895299;-0,03505;3,621712;-0,101118;0,01504;11,13133;1,447952;-3,345845;15,37832;2,25104;-5,317663;17,56913;2,876488;-7,063183;19,26531;0,443679;-0,000078;3,621712;1,958848;0,050012;10,3956;1,956898;-4,900703;10,96029;1,444693;-6,940239;9,115667;0,724436;-7,002851;6,67731;1,743431;-0,000171;3,621712;3,958467;0,049919;9,102249;3,988765;-3,889036;9,573995;3,76969;-5,796396;8,907994;3,266112;-7,411714;7,342023;0;0;0;-38,88446;-35,36005;115,3617;-33,12848;-35,36005;115,3617;-31,95864;-35,04639;115,7367;-31,95864;-35,04639;115,7367;-0,379977;0;0;3,509271;14,03259;-0,097967;7,198226;13,99223;0,661602;11,17075;13,80713;1,663927;11,11461;13,85204;1,429059;-0,380045;6,036885;0;36,95026;19,36814;0,953178;39,98136;20,62606;-0,626715;43,33593;21,87602;-1,835427;43,39926;21,72647;-1,664936;-0,413454;12,60826;0;83,34498;12,07381;-1,420641;132,8215;14,03063;-1,435147;179,0681;16,4895;1,688378;178,9881;16,48492;1,406548;-0,485496;22,00679;0;82,97962;13,36752;-1,190102;109,8373;15,03487;-1,205827;135,7298;18,45103;0,671629;135,6624;18,25284;0,457699;0;0;0;0;0;0;0;0;0;0;0;0;0;0;0;0;0;0;0;0;0;0;0;0;0;0;0;0;0;0;0;0;0;0;0;0;0;0;0;0;0;0;0;0;0;0;0;0;0;0;0;0;0;0;0;0;0;0;0;0;0;0;0;0;0;0;0;0;0;0;0;0;0;0;0;0;0;0;0;0;0;-27,97276;-4,272758;-21,09825;-52,98167;-9,952335;-37,21296;-72,26942;-14,65827;-49,1488;0;0;0;0;0;0;9,914449;-0,017099;-2,483725;15,18197;-0,025816;-3,803372;19,35147;-0,032187;-4,854797;0;0;0;0;0;0;3,797337;0,065714;-1,341104;5,766748;0,099242;-2,033114;7,304996;0,123382;-2,580285;0;0;0;0;0;0;0;0;0;1,65727;-7,040798;7,335841;1,786351;-24,81311;7,770359;0;0;0;0;0;0;0;0;0;0;0;0;0;0;0;13,65559;12,7731;9,464381;11,40463;46,79712;35,52402;5,755988;1,386351;-14,0328;3,641316;3,504758;3,731664;-19,34358;38,3566;3,571441;3,794625;-12,07378;83,49284;49,46311;45,36013;-13,36859;83,17056;26,85363;25,31373;-3,964691;-9,484405;0;0,008469;1,916141;-0,032272;0,003347;-0,003147;0,811386;-0,1371;0;0;0;0;3,516998;3,163376;0;0;0;0;-228,0075;389,0945;0;0,508118;264,7293;-4,259777;0,200844;-0,188828;60,11581;-10,13489;0;0;0;0;211,0199;189,8025;0;0;210,9375;189,4729
62;1033,333;00:00:01:033;0;0;0;-3,519914;0,050068;3,621712;-5,294925;-3,164176;6,646867;-6,458671;-5,906412;9,439415;-7,283008;-7,993209;11,61134;-2,370207;0;3,621712;-2,370207;0,05009;11,17456;-1,14143;-0,263067;16,09558;-0,488862;-0,594553;18,70016;0,027439;-0,99728;20,7536;-0,895299;-0,03505;3,621712;-0,101118;0,01504;11,13133;1,451482;-3,345787;15,37708;2,256402;-5,317575;17,56724;2,883279;-7,063071;19,26292;0,443679;-0,000078;3,621712;1,958848;0,050012;10,3956;1,956898;-4,900703;10,96029;1,444463;-6,93926;9,11465;0,724189;-6,999403;6,676236;1,743431;-0,000171;3,621712;3,958467;0,049919;9,102249;3,988765;-3,889036;9,573995;3,76969;-5,796396;8,907994;3,266112;-7,411714;7,342023;0;0;0;-38,78354;-35,34072;115,3427;-33,02756;-35,34072;115,3427;-31,85796;-35,02758;115,7182;-31,85796;-35,0276;115,7182;-0,379977;0;0;3,509169;14,02593;-0,098388;7,198032;13,98558;0,661159;11,17044;13,80048;1,663457;11,11433;13,84538;1,428595;-0,380045;6,036885;0;36,9513;19,41357;0,956286;39,98106;20,67149;-0,624055;43,33462;21,92144;-1,833158;43,39807;21,7719;-1,662609;-0,413454;12,60826;0;83,34498;12,07381;-1,420641;132,8508;14,03062;-1,435147;179,1241;16,48794;1,689675;179,0441;16,48363;1,407842;-0,485496;22,00679;0;82,97962;13,36752;-1,190102;109,8373;15,03487;-1,205827;135,7298;18,45103;0,671629;135,6624;18,25284;0,457699;0;0;0;0;0;0;0,341713;0,093609;0,300586;0,647977;0,199601;0,532821;0,884235;0,285387;0,705197;0;0;0;0;0;0;-0,034438;0,000056;0,008583;-0,052717;0,000084;0,013143;-0,067212;0,000112;0,016809;0;0;0;0;0;0;0,211783;0,003509;-0,074565;0,321709;0,00532;-0,113279;0,407472;0,006706;-0,143588;0;0;0;0;0;0;0;0;0;-0,013785;0,058696;-0,061065;-0,014808;0,206888;-0,064462;0;0;0;0;0;0;0;0;0;0;0;0;0;0;0;0;0;0;0;0;0;20,5028;5,616545;18,03517;38,87861;11,97606;31,96925;53,05409;17,12322;42,31184;0;0;0;0;0;0;-2,066306;0,003353;0,514984;-3,162995;0,005029;0,78857;-4,032701;0,006706;1,00851;0;0;0;0;0;0;12,70697;0,210553;-4,473924;19,30252;0,319183;-6,796717;24,44833;0,402331;-8,615253;0;0;0;0;0;0;0;0;0;-0,827126;3,52174;-3,663897;-0,888482;12,41326;-3,867745;0;0;0;0;0;0;0;0;0;0;0;0;0;0;0;13,63696;12,75794;9,458232;11,39514;46,73585;35,40231;5,755988;1,386351;-14,02613;3,641208;3,504702;3,731664;-19,38881;38,36427;3,571387;3,794625;-12,07378;83,49284;49,49242;45,38647;-13,36859;83,17056;26,85363;25,31373;-3,6763;-7,302932;0;0;0,399742;-0,006452;-0,003347;0;-2,713852;0,460053;-0,00329;0;0;0;1,758728;1,580658;0;0;0;0;17,30347;130,8883;0;-0,508118;-90,98396;1,549244;-0,401688;0,188828;-211,5143;35,82916;-0,197411;0;0;0;-105,4962;-94,96306;0;0;0;0
63;1050;00:00:01:050;0;0;0;-3,519914;0,050068;3,621712;-5,294925;-3,164176;6,646867;-6,458671;-5,906412;9,439415;-7,283008;-7,993209;11,61134;-2,370207;0;3,621712;-2,370207;0,05009;11,17456;-1,14143;-0,263067;16,09558;-0,488862;-0,594553;18,70016;0,027439;-0,99728;20,7536;-0,895299;-0,03505;3,621712;-0,101118;0,01504;11,13133;1,451482;-3,345787;15,37708;2,256402;-5,317575;17,56724;2,883279;-7,063071;19,26292;0,443679;-0,000078;3,621712;1,958848;0,050012;10,3956;1,956898;-4,900703;10,96029;1,444463;-6,93926;9,11465;0,724189;-6,999403;6,676236;1,743431;-0,000171;3,621712;3,958467;0,049919;9,102249;3,988765;-3,889036;9,573995;3,76969;-5,796396;8,907994;3,266112;-7,411714;7,342023;0;0;0;-38,78354;-35,34072;115,3427;-33,02756;-35,34072;115,3427;-31,85796;-35,02758;115,7182;-31,85796;-35,0276;115,7182;-0,379977;0;0;3,509169;14,02593;-0,098388;7,198032;13,98558;0,661159;11,17044;13,80048;1,663457;11,11433;13,84538;1,428595;-0,380045;6,036885;0;36,9513;19,41357;0,956286;39,98106;20,67149;-0,624055;43,33462;21,92144;-1,833158;43,39807;21,7719;-1,662609;-0,413454;12,60826;0;83,34498;12,07381;-1,420641;132,8508;14,03062;-1,435147;179,1241;16,48794;1,689675;179,0441;16,48363;1,407842;-0,485496;22,00679;0;82,97962;13,36752;-1,190102;109,8373;15,03487;-1,205827;135,7298;18,45103;0,671629;135,6624;18,25284;0,457699;0;0;0;0;0;0;0;0;0;0;0;0;0;0;0;0;0;0;0;0;0;0;0;0;0;0;0;0;0;0;0;0;0;0;0;0;0;0;0;0;0;0;0;0;0;0;0;0;0;0;0;0;0;0;0;0;0;0;0;0;0;0;0;0;0;0;0;0;0;0;0;0;0;0;0;0;0;0;0;0;0;-20,5028;-5,616545;-18,03517;-38,87861;-11,97606;-31,96925;-53,05409;-17,12322;-42,31184;0;0;0;0;0;0;2,066306;-0,003353;-0,514984;3,162995;-0,005029;-0,78857;4,032701;-0,006706;-1,00851;0;0;0;0;0;0;-12,70697;-0,210553;4,473924;-19,30252;-0,319183;6,796717;-24,44833;-0,402331;8,615253;0;0;0;0;0;0;0;0;0;0,827126;-3,52174;3,663897;0,888482;-12,41326;3,867745;0;0;0;0;0;0;0;0;0;0;0;0;0;0;0;13,63696;12,75794;9,458232;11,39514;46,73585;35,40231;5,755988;1,386351;-14,02613;3,641208;3,504702;3,731664;-19,38881;38,36427;3,571387;3,794625;-12,07378;83,49284;49,49242;45,38647;-13,36859;83,17056;26,85363;25,31373;-3,6763;-7,302932;0;0;0,399742;-0,006452;-0,003347;0;-2,713852;0,460053;-0,00329;0;0;0;1,758728;1,580658;0;0;0;0;17,30347;130,8883;0;-0,508118;-90,98396;1,549244;-0,401688;0,188828;-211,5143;35,82916;-0,197411;0;0;0;-105,4962;-94,96306;0;0;0;0
64;1066,667;00:00:01:067;0;0;0;-3,519914;0,050068;3,621712;-5,288596;-3,171618;6,642655;-6,446833;-5,920019;9,431429;-7,266953;-8,011492;11,60046;-2,370207;0;3,621712;-2,370207;0,05009;11,17456;-1,145853;-0,263059;16,09668;-0,495635;-0,594541;18,70185;0,018807;-0,997266;20,75576;-0,895299;-0,03505;3,621712;-0,101118;0,01504;11,13133;1,456437;-3,345703;15,37533;2,26393;-5,317447;17,56458;2,892813;-7,06291;19,25955;0,443679;-0,000078;3,621712;1,958848;0,050012;10,3956;1,956898;-4,900703;10,96029;1,444234;-6,93828;9,113632;0,723943;-6,995956;6,675164;1,743431;-0,000171;3,621712;3,958467;0,049919;9,102249;3,988765;-3,889036;9,573995;3,76969;-5,796396;8,907994;3,266112;-7,411714;7,342023;0;0;0;-38,79882;-35,4358;115,4365;-33,04284;-35,43581;115,4365;-31,87395;-35,1226;115,8124;-31,87394;-35,1226;115,8124;-0,379977;0;0;3,508386;13,97464;-0,101629;7,19655;13,9343;0,657749;11,16804;13,74923;1,659832;11,11214;13,79413;1,42502;-0,380045;6,036885;0;36,95274;19,47737;0,960649;39,98064;20,7353;-0,620321;43,33273;21,98523;-1,829978;43,3964;21,8357;-1,659349;-0,413454;12,60826;0;83,34498;12,07381;-1,420641;132,8801;14,03063;-1,435147;179,18;16,48639;1,690973;179,1001;16,48234;1,409137;-0,485496;22,00679;0;82,97962;13,36752;-1,190102;109,8373;15,03487;-1,205827;135,7298;18,45103;0,671629;135,6624;18,25284;0,457699;0;0;0;0;0;0;0,379756;-0,446498;-0,252709;0,710249;-0,816442;-0,479177;0,963271;-1,096934;-0,653297;0;0;0;0;0;0;-0,26536;0,000461;0,066161;-0,406355;0,000698;0,101477;-0,517946;0,000883;0,129551;0;0;0;0;0;0;0,297323;0,005029;-0,104964;0,451662;0,007644;-0,159413;0,572048;0,009701;-0,20197;0;0;0;0;0;0;0;0;0;-0,013797;0,05883;-0,061065;-0,014775;0,206843;-0,064328;0;0;0;0;0;0;0;0;0;0;0;0;0;0;0;0;0;0;0;0;0;22,78536;-26,7899;-15,16253;42,61493;-48,98652;-28,7506;57,79623;-65,81603;-39,1978;0;0;0;0;0;0;-15,92159;0,02766;3,969669;-24,38128;0,04191;6,088614;-31,07674;0,052974;7,773041;0;0;0;0;0;0;17,83937;0,301749;-6,297827;27,0997;0,458658;-9,564755;34,32288;0,582039;-12,11822;0;0;0;0;0;0;0;0;0;-0,827797;3,529787;-3,663897;-0,88647;12,41058;-3,859698;0;0;0;0;0;0;0;0;0;0;0;0;0;0;0;13,6419;12,75862;9,441624;11,37715;46,84181;35,34785;5,755988;1,38621;-13,97484;3,640294;3,504646;3,731664;-19,45235;38,37508;3,571496;3,794625;-12,07378;83,49284;49,52171;45,41283;-13,36859;83,17056;26,85363;25,31373;6,357421;-3,267288;0;-0,008469;3,077888;-0,05486;-0,003347;0;-3,812256;0,648651;0,00658;0;0;0;1,756897;1,581802;0;0;0;0;602,0233;242,1386;0;-0,508118;160,6888;-2,90451;0;0;-65,90424;11,31592;0,592232;0;0;0;-0,109863;0,068665;0;0;0;0
65;1083,333;00:00:01:083;0;0;0;-3,519914;0,050068;3,621712;-5,288596;-3,171618;6,642655;-6,446833;-5,920019;9,431429;-7,266953;-8,011492;11,60046;-2,370207;0;3,621712;-2,370207;0,05009;11,17456;-1,145853;-0,263059;16,09668;-0,495635;-0,594541;18,70185;0,018807;-0,997266;20,75576;-0,895299;-0,03505;3,621712;-0,101118;0,01504;11,13133;1,456437;-3,345703;15,37533;2,26393;-5,317447;17,56458;2,892813;-7,06291;19,25955;0,443679;-0,000078;3,621712;1,958848;0,050012;10,3956;1,956898;-4,900703;10,96029;1,444234;-6,93828;9,113632;0,723943;-6,995956;6,675164;1,743431;-0,000171;3,621712;3,958467;0,049919;9,102249;3,988765;-3,889036;9,573995;3,76969;-5,796396;8,907994;3,266112;-7,411714;7,342023;0;0;0;-38,79882;-35,4358;115,4365;-33,04284;-35,43581;115,4365;-31,87395;-35,1226;115,8124;-31,87394;-35,1226;115,8124;-0,379977;0;0;3,508386;13,97464;-0,101629;7,19655;13,9343;0,657749;11,16804;13,74923;1,659832;11,11214;13,79413;1,42502;-0,380045;6,036885;0;36,95274;19,47737;0,960649;39,98064;20,7353;-0,620321;43,33273;21,98523;-1,829978;43,3964;21,8357;-1,659349;-0,413454;12,60826;0;83,34498;12,07381;-1,420641;132,8801;14,03063;-1,435147;179,18;16,48639;1,690973;179,1001;16,48234;1,409137;-0,485496;22,00679;0;82,97962;13,36752;-1,190102;109,8373;15,03487;-1,205827;135,7298;18,45103;0,671629;135,6624;18,25284;0,457699;0;0;0;0;0;0;0;0;0;0;0;0;0;0;0;0;0;0;0;0;0;0;0;0;0;0;0;0;0;0;0;0;0;0;0;0;0;0;0;0;0;0;0;0;0;0;0;0;0;0;0;0;0;0;0;0;0;0;0;0;0;0;0;0;0;0;0;0;0;0;0;0;0;0;0;0;0;0;0;0;0;-22,78536;26,7899;15,16253;-42,61493;48,98652;28,7506;-57,79623;65,81603;39,1978;0;0;0;0;0;0;15,92159;-0,02766;-3,969669;24,38128;-0,04191;-6,088614;31,07674;-0,052974;-7,773041;0;0;0;0;0;0;-17,83937;-0,301749;6,297827;-27,0997;-0,458658;9,564755;-34,32288;-0,582039;12,11822;0;0;0;0;0;0;0;0;0;0,827797;-3,529787;3,663897;0,88647;-12,41058;3,859698;0;0;0;0;0;0;0;0;0;0;0;0;0;0;0;13,6419;12,75862;9,441624;11,37715;46,84181;35,34785;5,755988;1,38621;-13,97484;3,640294;3,504646;3,731664;-19,45235;38,37508;3,571496;3,794625;-12,07378;83,49284;49,52171;45,41283;-13,36859;83,17056;26,85363;25,31373;6,357421;-3,267288;0;-0,008469;3,077888;-0,05486;-0,003347;0;-3,812256;0,648651;0,00658;0;0;0;1,756897;1,581802;0;0;0;0;602,0233;242,1386;0;-0,508118;160,6888;-2,90451;0;0;-65,90424;11,31592;0,592232;0;0;0;-0,109863;0,068665;0;0;0;0
66;1100;00:00:01:100;0;0;0;-3,519914;0,050068;3,621712;-5,29224;-3,176236;6,635582;-6,458651;-5,929374;9,416265;-7,285086;-8,024606;11,57926;-2,370207;0;3,621712;-2,370207;0,05009;11,17456;-1,147524;-0,263056;16,0971;-0,498194;-0,594537;18,70249;0,015545;-0,99726;20,75658;-0,895299;-0,03505;3,621712;-0,101118;0,01504;11,13133;1,461161;-3,345624;15,37365;2,271106;-5,317327;17,56204;2,901902;-7,062758;19,25633;0,443679;-0,000078;3,621712;1,958848;0,050012;10,3956;1,956898;-4,900703;10,96029;1,444234;-6,93828;9,113632;0,723943;-6,995956;6,675164;1,743431;-0,000171;3,621712;3,958467;0,049919;9,102249;3,988765;-3,889036;9,573995;3,76969;-5,796396;8,907994;3,266112;-7,411714;7,342023;0;0;0;-38,91391;-35,49416;115,4942;-33,23414;-35,49417;115,4943;-32,06495;-35,17995;115,8691;-32,06495;-35,17995;115,8691;-0,379977;0;0;3,50809;13,95526;-0,102853;7,19599;13,91493;0,656462;11,16713;13,72987;1,658464;11,11131;13,77476;1,42367;-0,380045;6,036885;0;36,95413;19,53821;0,964816;39,98025;20,79616;-0,616758;43,33095;22,04606;-1,826943;43,39481;21,89653;-1,656239;-0,413454;12,60826;0;83,34498;12,07381;-1,420641;132,8801;14,03063;-1,435147;179,18;16,48639;1,690973;179,1001;16,48234;1,409137;-0,485496;22,00679;0;82,97962;13,36752;-1,190102;109,8373;15,03487;-1,205827;135,7298;18,45103;0,671629;135,6624;18,25284;0,457699;0;0;0;0;0;0;-0,218645;-0,277095;-0,42437;-0,709042;-0,561297;-0,909761;-1,087949;-0,786871;-1,271769;0;0;0;0;0;0;-0,100264;0,000182;0,024855;-0,153534;0,000277;0,038177;-0,195701;0,000346;0,048816;0;0;0;0;0;0;0,283431;0,004716;-0,100493;0,430584;0,007175;-0,152618;0,545315;0,00912;-0,193208;0;0;0;0;0;0;0;0;0;0;0;0;0;0;0;0;0;0;0;0;0;0;0;0;0;0;0;0;0;0;0;0;0;0;0;0;-13,11868;-16,62567;-25,46221;-42,54251;-33,67781;-54,58563;-65,27691;-47,21224;-76,30615;0;0;0;0;0;0;-6,015859;0,010896;1,491308;-9,212046;0,016596;2,290606;-11,74204;0,020787;2,928972;0;0;0;0;0;0;17,00587;0,282973;-6,029605;25,83504;0,430495;-9,15706;32,71892;0,547171;-11,59251;0;0;0;0;0;0;0;0;0;0;0;0;0;0;0;0;0;0;0;0;0;0;0;0;0;0;0;0;0;0;13,67136;12,79208;9,447372;11,38673;46,94975;35,45795;5,679754;1,386351;-13,95546;3,639918;3,504702;3,731611;-19,51292;38,38542;3,571496;3,794625;-12,07378;83,49284;49,52171;45,41283;-13,36859;83,17056;26,85363;25,31373;6,476669;6,605529;-4,574031;0,008469;1,162376;-0,022588;0,003347;-0,003147;-3,633957;0,620499;0;0;0;0;0;0;0;0;0;0;7,154846;592,369;-274,4419;1,016235;-114,9307;1,93634;0,401688;-0,188828;10,69794;-1,689148;-0,394821;0;0;0;-105,4138;-94,90813;0;0;0;0
67;1116,667;00:00:01:117;0;0;0;-3,519914;0,050068;3,621712;-5,290521;-3,175303;6,637591;-6,455384;-5,927499;9,419855;-7,280625;-8,021985;11,58403;-2,370207;0;3,621712;-2,370207;0,05009;11,17456;-1,147239;-0,263057;16,09702;-0,497758;-0,594537;18,70238;0,016099;-0,997261;20,75644;-0,895299;-0,03505;3,621712;-0,101118;0,01504;11,13133;1,461656;-3,345616;15,37348;2,271858;-5,317315;17,56177;2,902854;-7,062743;19,25599;0,443679;-0,000078;3,621712;1,958848;0,050012;10,3956;1,956898;-4,900703;10,96029;1,444234;-6,93828;9,113632;0,723943;-6,995956;6,675164;1,743431;-0,000171;3,621712;3,958467;0,049919;9,102249;3,988765;-3,889036;9,573995;3,76969;-5,796396;8,907994;3,266112;-7,411714;7,342023;0;0;0;-38,87695;-35,48245;115,4826;-33,19716;-35,48245;115,4826;-32,02805;-35,16842;115,8577;-32,02805;-35,16842;115,8577;-0,379977;0;0;3,50814;13,95855;-0,102645;7,196085;13,91822;0,65668;11,16728;13,73316;1,658696;11,11145;13,77806;1,4239;-0,380045;6,036885;0;36,95428;19,54459;0,965253;39,9802;20,80254;-0,616385;43,33076;22,05244;-1,826627;43,39465;21,90291;-1,65591;-0,413454;12,60826;0;83,34498;12,07381;-1,420641;132,8801;14,03063;-1,435147;179,18;16,48639;1,690973;179,1001;16,48234;1,409137;-0,485496;22,00679;0;82,97962;13,36752;-1,190102;109,8373;15,03487;-1,205827;135,7298;18,45103;0,671629;135,6624;18,25284;0,457699;0;0;0;0;0;0;0,103131;0,056013;0,120521;0,19598;0,112519;0,215381;0,267684;0,157267;0,286102;0;0;0;0;0;0;0,017049;-0,000034;-0,004202;0,026107;-0,00005;-0,006437;0,033271;-0,000067;-0,008315;0;0;0;0;0;0;0,029717;0,000492;-0,01055;0,045128;0,000738;-0,016004;0,057131;0,000894;-0,020385;0;0;0;0;0;0;0;0;0;0;0;0;0;0;0;0;0;0;0;0;0;0;0;0;0;0;0;0;0;0;0;0;0;0;0;0;19,30654;19,98648;32,69344;54,30132;40,42893;67,50851;81,33797;56,64825;93,47229;0;0;0;0;0;0;7,038787;-0,012908;-1,743436;10,77846;-0,019614;-2,676844;13,73827;-0,02481;-3,427863;0;0;0;0;0;0;-15,22288;-0,253469;5,396604;-23,12735;-0,386238;8,196829;-29,29106;-0,493526;10,36942;0;0;0;0;0;0;0;0;0;0;0;0;0;0;0;0;0;0;0;0;0;0;0;0;0;0;0;0;0;0;13,66463;12,78602;9,445783;11,38423;46,92244;35,41699;5,679754;1,386351;-13,95876;3,640025;3,504702;3,731716;-19,51928;38,38651;3,571441;3,794625;-12,07378;83,49284;49,52171;45,41283;-13,36859;83,17056;26,85363;25,31373;-1,638794;-2,457275;0;0;-0,197926;0,006452;0;0,006294;-0,381546;0,065231;-0,00329;0;0;0;0;0;0;0;0;0;-486,9277;-543,7682;274,4419;-0,508118;-81,6181;1,742363;-0,200844;0,566483;195,1446;-33,31604;-0,197411;0;0;0;0;0;0;0;0;0
68;1133,333;00:00:01:133;0;0;0;-3,519914;0,050068;3,621712;-5,290521;-3,175303;6,637591;-6,455384;-5,927499;9,419855;-7,280625;-8,021985;11,58403;-2,370207;0;3,621712;-2,370207;0,05009;11,17456;-1,147076;-0,263057;16,09698;-0,497508;-0,594538;18,70232;0,016418;-0,997261;20,75636;-0,895299;-0,03505;3,621712;-0,101118;0,01504;11,13133;1,461656;-3,345616;15,37348;2,271858;-5,317315;17,56177;2,902854;-7,062743;19,25599;0,443679;-0,000078;3,621712;1,958848;0,050012;10,3956;1,956898;-4,900703;10,96029;1,444234;-6,93828;9,113632;0,723943;-6,995956;6,675164;1,743431;-0,000171;3,621712;3,958467;0,049919;9,102249;3,988765;-3,889036;9,573995;3,76969;-5,796396;8,907994;3,266112;-7,411714;7,342023;0;0;0;-38,87695;-35,48245;115,4826;-33,19716;-35,48245;115,4826;-32,02805;-35,16842;115,8577;-32,02805;-35,16842;115,8577;-0,379977;0;0;3,508169;13,96045;-0,102525;7,196139;13,92011;0,656806;11,16737;13,73505;1,658829;11,11153;13,77995;1,424031;-0,380045;6,036885;0;36,95428;19,54459;0,965253;39,9802;20,80254;-0,616385;43,33076;22,05244;-1,826627;43,39465;21,90291;-1,65591;-0,413454;12,60826;0;83,34498;12,07381;-1,420641;132,8801;14,03063;-1,435147;179,18;16,48639;1,690973;179,1001;16,48234;1,409137;-0,485496;22,00679;0;82,97962;13,36752;-1,190102;109,8373;15,03487;-1,205827;135,7298;18,45103;0,671629;135,6624;18,25284;0,457699;0;0;0;0;0;0;0;0;0;0;0;0;0;0;0;0;0;0;0;0;0;0,009796;-0,000013;-0,002414;0,015009;-0,000022;-0,003755;0,019133;-0,000028;-0,004828;0;0;0;0;0;0;0;0;0;0;0;0;0;0;0;0;0;0;0;0;0;0;0;0;0;0;0;0;0;0;0;0;0;0;0;0;0;0;0;0;0;0;0;0;0;0;0;0;0;0;0;-6,187856;-3,360807;-7,231235;-11,7588;-6,751119;-12,92288;-16,06107;-9,436009;-17,16613;0;0;0;0;0;0;-0,435188;0,001257;0,107288;-0,665858;0,001676;0,160933;-0,848249;0,002347;0,209212;0;0;0;0;0;0;-1,782998;-0,029504;0,633001;-2,70769;-0,044256;0,960231;-3,427863;-0,053644;1,223087;0;0;0;0;0;0;0;0;0;0;0;0;0;0;0;0;0;0;0;0;0;0;0;0;0;0;0;0;0;0;13,66474;12,78602;9,445783;11,38423;46,92244;35,41699;5,679754;1,386351;-13,96066;3,640025;3,504702;3,731716;-19,51928;38,38651;3,571441;3,794625;-12,07378;83,49284;49,52171;45,41283;-13,36859;83,17056;26,85363;25,31373;0;0;0;0;-0,113812;0;0;0;0;0;0;0;0;0;0;0;0;0;0;0;98,32762;147,4365;0;0;5,046844;-0,387096;0;-0,377655;22,89276;-3,913879;0,197411;0;0;0;0;0;0;0;0;0
69;1150;00:00:01:150;0;0;0;-3,519914;0,050068;3,621712;-5,290521;-3,175303;6,637591;-6,455384;-5,927499;9,419855;-7,280625;-8,021985;11,58403;-2,370207;0;3,621712;-2,370207;0,05009;11,17456;-1,147076;-0,263057;16,09698;-0,497508;-0,594538;18,70232;0,016418;-0,997261;20,75636;-0,895299;-0,03505;3,621712;-0,101118;0,01504;11,13133;1,461656;-3,345616;15,37348;2,271858;-5,317315;17,56177;2,902854;-7,062743;19,25599;0,443679;-0,000078;3,621712;1,958848;0,050012;10,3956;1,956898;-4,900703;10,96029;1,444234;-6,93828;9,113632;0,723943;-6,995956;6,675164;1,743431;-0,000171;3,621712;3,958467;0,049919;9,102249;3,988765;-3,889036;9,573995;3,76969;-5,796396;8,907994;3,266112;-7,411714;7,342023;0;0;0;-38,87695;-35,48245;115,4826;-33,19716;-35,48245;115,4826;-32,02805;-35,16842;115,8577;-32,02805;-35,16842;115,8577;-0,379977;0;0;3,508169;13,96045;-0,102525;7,196139;13,92011;0,656806;11,16737;13,73505;1,658829;11,11153;13,77995;1,424031;-0,380045;6,036885;0;36,95428;19,54459;0,965253;39,9802;20,80254;-0,616385;43,33076;22,05244;-1,826627;43,39465;21,90291;-1,65591;-0,413454;12,60826;0;83,34498;12,07381;-1,420641;132,8801;14,03063;-1,435147;179,18;16,48639;1,690973;179,1001;16,48234;1,409137;-0,485496;22,00679;0;82,97962;13,36752;-1,190102;109,8373;15,03487;-1,205827;135,7298;18,45103;0,671629;135,6624;18,25284;0,457699;0;0;0;0;0;0;0;0;0;0;0;0;0;0;0;0;0;0;0;0;0;0;0;0;0;0;0;0;0;0;0;0;0;0;0;0;0;0;0;0;0;0;0;0;0;0;0;0;0;0;0;0;0;0;0;0;0;0;0;0;0;0;0;0;0;0;0;0;0;0;0;0;0;0;0;0;0;0;0;0;0;0;0;0;0;0;0;0;0;0;0;0;0;0;0;0;-0,587739;0,000754;0,144839;-0,900552;0,001341;0,225306;-1,147985;0,001676;0,289679;0;0;0;0;0;0;0;0;0;0;0;0;0;0;0;0;0;0;0;0;0;0;0;0;0;0;0;0;0;0;0;0;0;0;0;0;0;0;0;0;0;0;0;0;0;13,66474;12,78602;9,445783;11,38423;46,92244;35,41699;5,679754;1,386351;-13,96066;3,640025;3,504702;3,731716;-19,51928;38,38651;3,571441;3,794625;-12,07378;83,49284;49,52171;45,41283;-13,36859;83,17056;26,85363;25,31373;0;0;0;0;-0,113812;0;0;0;0;0;0;0;0;0;0;0;0;0;0;0;98,32762;147,4365;0;0;5,046844;-0,387096;0;-0,377655;22,89276;-3,913879;0,197411;0;0;0;0;0;0;0;0;0
70;1166,667;00:00:01:167;0;0;0;-3,519914;0,050068;3,621712;-5,29015;-3,173689;6,639534;-6,449808;-5,924031;9,425802;-7,271032;-8,017017;11,59295;-2,370207;0;3,621712;-2,370207;0,05009;11,17456;-1,148188;-0,263055;16,09726;-0,499211;-0,594535;18,70275;0,014247;-0,997258;20,7569;-0,895299;-0,03505;3,621712;-0,101118;0,01504;11,13133;1,468129;-3,345507;15,37117;2,281691;-5,317149;17,55827;2,915309;-7,062531;19,25156;0,443679;-0,000078;3,621712;1,958848;0,050012;10,3956;1,956898;-4,900703;10,96029;1,444234;-6,93828;9,113632;0,723943;-6,995956;6,675164;1,743431;-0,000171;3,621712;3,958467;0,049919;9,102249;3,988765;-3,889036;9,573995;3,76969;-5,796396;8,907994;3,266112;-7,411714;7,342023;0;0;0;-38,84928;-35,46198;115,4624;-33,0933;-35,46198;115,4624;-31,92441;-35,14849;115,838;-31,9244;-35,14851;115,838;-0,379977;0;0;3,507972;13,94755;-0,10334;7,195766;13,90722;0,655949;11,16677;13,72217;1,657919;11,11098;13,76706;1,423133;-0,380045;6,036885;0;36,9562;19,628;0,970971;39,97968;20,88597;-0,611498;43,32832;22,13584;-1,822471;43,39249;21,98632;-1,651646;-0,413454;12,60826;0;83,34498;12,07381;-1,420641;132,8801;14,03063;-1,435147;179,18;16,48639;1,690973;179,1001;16,48234;1,409137;-0,485496;22,00679;0;82,97962;13,36752;-1,190102;109,8373;15,03487;-1,205827;135,7298;18,45103;0,671629;135,6624;18,25284;0,457699;0;0;0;0;0;0;0,022285;0,096805;0,116542;0,334561;0,208072;0,356779;0,575557;0,298038;0,535369;0;0;0;0;0;0;-0,066731;0,000119;0,01663;-0,102181;0,000184;0,025481;-0,130255;0,000229;0,032544;0;0;0;0;0;0;0,388362;0,006549;-0,138223;0,589974;0,009991;-0,209928;0,747263;0,012696;-0,265896;0;0;0;0;0;0;0;0;0;0;0;0;0;0;0;0;0;0;0;0;0;0;0;0;0;0;0;0;0;0;0;0;0;0;0;0;1,337081;5,808323;6,992518;20,07365;12,48434;21,40671;34,53344;17,88228;32,12213;0;0;0;0;0;0;-4,003867;0,007125;0,997782;-6,130859;0,011064;1,528859;-7,815286;0,013746;1,952648;0;0;0;0;0;0;23,30169;0,392944;-8,293388;35,39845;0,599474;-12,59565;44,8358;0,761747;-15,95378;0;0;0;0;0;0;0;0;0;0;0;0;0;0;0;0;0;0;0;0;0;0;0;0;0;0;0;0;0;0;13,65029;12,77994;9,44176;11,37841;46,88974;35,39564;5,755988;1,386351;-13,94776;3,63981;3,504702;3,731716;-19,60233;38,40075;3,571441;3,794573;-12,07378;83,49284;49,52171;45,41283;-13,36859;83,17056;26,85363;25,31373;-1,962204;-1,28128;4,574031;0;0,774078;-0,012903;0;0;-4,982986;0,854187;0;-0,003104;0;0;0;0;0;0;0;0;-117,7322;-76,87682;274,4419;0;53,27338;-0,774193;0;0;-298,9792;51,25121;0;-0,186253;0;0;0;0;0;0;0;0
71;1183,333;00:00:01:183;0;0;0;-3,519914;0,050068;3,621712;-5,286014;-3,179409;6,635839;-6,446935;-5,934942;9,416448;-7,269154;-8,031945;11,57933;-2,370207;0;3,621712;-2,370207;0,05009;11,17456;-1,150062;-0,263052;16,09773;-0,50208;-0,59453;18,70346;0,010591;-0,997251;20,75781;-0,895299;-0,03505;3,621712;-0,101118;0,01504;11,13133;1,476901;-3,345358;15,36804;2,295016;-5,316922;17,5535;2,932186;-7,062245;19,24552;0,443679;-0,000078;3,621712;1,958848;0,050012;10,3956;1,956898;-4,900703;10,96029;1,443774;-6,936321;9,1116;0,723453;-6,989058;6,673028;1,743431;-0,000171;3,621712;3,958467;0,049919;9,102249;3,988765;-3,889036;9,573995;3,76969;-5,796396;8,907994;3,266112;-7,411714;7,342023;0;0;0;-38,87168;-35,53507;115,5348;-33,19189;-35,53508;115,5348;-32,02321;-35,22108;115,9101;-32,0232;-35,22109;115,9101;-0,379977;0;0;3,507643;13,92583;-0,104712;7,19514;13,88551;0,654507;11,16575;13,70047;1,656385;11,11006;13,74536;1,421621;-0,380045;6,036885;0;36,95882;19,7411;0,978734;39,97897;20,99909;-0,60487;43,32503;22,24893;-1,816832;43,38955;22,09941;-1,645866;-0,413454;12,60826;0;83,34498;12,07381;-1,420641;132,9387;14,03063;-1,435148;179,292;16,48329;1,693565;179,212;16,47977;1,411725;-0,485496;22,00679;0;82,97962;13,36752;-1,190102;109,8373;15,03487;-1,205827;135,7298;18,45103;0,671629;135,6624;18,25284;0,457699;0;0;0;0;0;0;0,248127;-0,343189;-0,221685;0,172377;-0,65466;-0,561252;0,112698;-0,895634;-0,817135;0;0;0;0;0;0;-0,112396;0,000201;0,027895;-0,172108;0,000302;0,042737;-0,219382;0,000386;0,054538;0;0;0;0;0;0;0,526316;0,008963;-0,188291;0,7995;0,013612;-0,286192;1,012623;0,017166;-0,362277;0;0;0;0;0;0;0;0;0;-0,027543;0,117525;-0,121951;-0,029409;0,413865;-0,12812;0;0;0;0;0;0;0;0;0;0;0;0;0;0;0;0;0;0;0;0;0;13,55052;-26,39964;-20,29359;-9,731052;-51,76395;-55,08184;-27,77159;-71,62033;-81,15023;0;0;0;0;0;0;-2,739876;0,004945;0,675917;-4,195645;0,007041;1,035332;-5,347655;0,009388;1,319647;0;0;0;0;0;0;8,277295;0,144839;-3,004074;12,57152;0,217259;-4,575847;15,92159;0,268221;-5,782842;0;0;0;0;0;0;0;0;0;-1,652576;7,051527;-7,317065;-1,764558;24,83189;-7,68721;0;0;0;0;0;0;0;0;0;0;0;0;0;0;0;13,66477;12,79758;9,436164;11,37239;46,97542;35,3678;5,679754;1,38621;-13,92603;3,639433;3,504702;3,731716;-19,71494;38,42016;3,571441;3,794573;-12,07378;83,49284;49,58033;45,46556;-13,36859;83,17056;26,85363;25,31373;5,140914;-1,67038;-4,574031;-0,008469;1,303367;-0,022602;0;0;-6,756591;1,16478;0;0;0;0;3,517227;3,163604;0;0;0;0;426,1871;-23,34595;-548,8837;-0,508118;31,75735;-0,581932;0;0;-106,4163;18,63556;0;0,186253;0;0;211,0336;189,8163;0;0;0;0
72;1200;00:00:01:200;0;0;0;-3,519914;0,050068;3,621712;-5,284199;-3,182434;6,633658;-6,443557;-5,940526;9,412381;-7,264581;-8,039479;11,57383;-2,370207;0;3,621712;-2,370207;0,05009;11,17456;-1,149717;-0,263052;16,09764;-0,501552;-0,594531;18,70333;0,011264;-0,997252;20,75764;-0,895299;-0,03505;3,621712;-0,101118;0,01504;11,13133;1,480647;-3,345293;15,36669;2,300706;-5,316824;17,55146;2,939393;-7,06212;19,24293;0,443679;-0,000078;3,621712;1,958848;0,050012;10,3956;1,956898;-4,900703;10,96029;1,443316;-6,934358;9,109569;0,722966;-6,982159;6,670904;1,743431;-0,000171;3,621712;3,958467;0,049919;9,102249;3,988765;-3,889036;9,573995;3,76969;-5,796396;8,907994;3,266112;-7,411714;7,342023;0;0;0;-38,88883;-35,57374;115,5731;-33,20903;-35,57375;115,5731;-32,0406;-35,25965;115,9485;-32,04059;-35,25965;115,9485;-0,379977;0;0;3,507703;13,92983;-0,104459;7,195254;13,8895;0,654772;11,16594;13,70446;1,656668;11,11023;13,74935;1,421899;-0,380045;6,036885;0;36,95993;19,78942;0,982053;39,97866;21,04742;-0,602037;43,32361;22,29724;-1,814427;43,3883;22,14773;-1,643396;-0,413454;12,60826;0;83,34498;12,07381;-1,420641;132,9973;14,03063;-1,435149;179,4039;16,48019;1,696154;179,324;16,47719;1,414312;-0,485496;22,00679;0;82,97962;13,36752;-1,190102;109,8373;15,03487;-1,205827;135,7298;18,45103;0,671629;135,6624;18,25284;0,457699;0;0;0;0;0;0;0,108898;-0,181474;-0,130847;0,202686;-0,33503;-0,243992;0,274345;-0,452042;-0,330314;0;0;0;0;0;0;0,020698;-0,000036;-0,005186;0,031695;-0,000056;-0,007868;0,040401;-0,000073;-0,010014;0;0;0;0;0;0;0,224758;0,003867;-0,080824;0,341423;0,005879;-0,122666;0,432417;0,00751;-0,155389;0;0;0;0;0;0;0;0;0;-0,027515;0,117838;-0,121862;-0,02923;0,413954;-0,12745;0;0;0;0;0;0;0;0;0;0;0;0;0;0;0;0;0;0;0;0;0;-8,353739;9,702889;5,450249;1,818538;19,17779;19,03563;9,698866;26,61556;29,20925;0;0;0;0;0;0;7,985606;-0,014249;-1,984834;12,22819;-0,021458;-3,03626;15,58699;-0,027493;-3,873109;0;0;0;0;0;0;-18,09351;-0,305772;6,44803;-27,4846;-0,464022;9,811519;-34,81239;-0,579357;12,41326;0;0;0;0;0;0;0;0;0;0,001676;0,018775;0,005364;0,010729;0,005364;0,040233;0;0;0;0;0;0;0;0;0;0;0;0;0;0;0;13,67016;12,80201;9,431728;11,36652;47,02286;35,3602;5,679788;1,386069;-13,93005;3,639487;3,504702;3,731716;-19,76304;38,4285;3,571441;3,794625;-12,07378;83,49284;49,63891;45,51828;-13,36859;83,17056;26,85363;25,31373;2,846374;-0,455933;0,00206;-0,008469;-0,240955;0,003233;0;0;-2,886085;0,500336;0;0,003104;0;0;3,515167;3,163147;0;0;0;0;-137,6724;72,86681;274,5655;0;-92,65936;1,550102;0;0;232,2303;-39,86663;0;0,186253;0;0;-0,123596;-0,027466;0;0;0;0
73;1216,667;00:00:01:217;0;0;0;-3,519914;0,050068;3,621712;-5,284199;-3,182434;6,633658;-6,443557;-5,940526;9,412381;-7,264581;-8,039479;11,57383;-2,370207;0;3,621712;-2,370207;0,05009;11,17456;-1,149717;-0,263052;16,09764;-0,501552;-0,594531;18,70333;0,011264;-0,997252;20,75764;-0,895299;-0,03505;3,621712;-0,101118;0,01504;11,13133;1,480647;-3,345293;15,36669;2,300706;-5,316824;17,55146;2,939393;-7,06212;19,24293;0,443679;-0,000078;3,621712;1,958848;0,050012;10,3956;1,956898;-4,900703;10,96029;1,443316;-6,934358;9,109569;0,722966;-6,982159;6,670904;1,743431;-0,000171;3,621712;3,958467;0,049919;9,102249;3,988765;-3,889036;9,573995;3,76969;-5,796396;8,907994;3,266112;-7,411714;7,342023;0;0;0;-38,88883;-35,57374;115,5731;-33,20903;-35,57375;115,5731;-32,0406;-35,25965;115,9485;-32,04059;-35,25965;115,9485;-0,379977;0;0;3,507703;13,92983;-0,104459;7,195254;13,8895;0,654772;11,16594;13,70446;1,656668;11,11023;13,74935;1,421899;-0,380045;6,036885;0;36,95993;19,78942;0,982053;39,97866;21,04742;-0,602037;43,32361;22,29724;-1,814427;43,3883;22,14773;-1,643396;-0,413454;12,60826;0;83,34498;12,07381;-1,420641;132,9973;14,03063;-1,435149;179,4039;16,48019;1,696154;179,324;16,47719;1,414312;-0,485496;22,00679;0;82,97962;13,36752;-1,190102;109,8373;15,03487;-1,205827;135,7298;18,45103;0,671629;135,6624;18,25284;0,457699;0;0;0;0;0;0;0;0;0;0;0;0;0;0;0;0;0;0;0;0;0;0;0;0;0;0;0;0;0;0;0;0;0;0;0;0;0;0;0;0;0;0;0;0;0;0;0;0;0;0;0;0;0;0;0;0;0;0;0;0;0;0;0;0;0;0;0;0;0;0;0;0;0;0;0;0;0;0;0;0;0;-6,533861;10,88843;7,850825;-12,16113;20,10181;14,63949;-16,46071;27,12249;19,81884;0;0;0;0;0;0;-1,241863;0,002179;0,311136;-1,901686;0,003353;0,472069;-2,424046;0,004359;0,600815;0;0;0;0;0;0;-13,48547;-0,232011;4,849433;-20,48537;-0,35271;7,359981;-25,94501;-0,450611;9,323357;0;0;0;0;0;0;0;0;0;1,6509;-7,070302;7,311701;1,753829;-24,83725;7,646977;0;0;0;0;0;0;0;0;0;0;0;0;0;0;0;13,67016;12,80201;9,431728;11,36652;47,02286;35,3602;5,679788;1,386069;-13,93005;3,639487;3,504702;3,731716;-19,76304;38,4285;3,571441;3,794625;-12,07378;83,49284;49,63891;45,51828;-13,36859;83,17056;26,85363;25,31373;2,846374;-0,455933;0,00206;-0,008469;-0,240955;0,003233;0;0;-2,886085;0,500336;0;0,003104;0;0;3,515167;3,163147;0;0;0;0;-137,6724;72,86681;274,5655;0;-92,65936;1,550102;0;0;232,2303;-39,86663;0;0,186253;0;0;-0,123596;-0,027466;0;0;0;0
74;1233,333;00:00:01:233;0;0;0;-3,519914;0,050068;3,621712;-5,28151;-3,188084;6,62916;-6,438573;-5,951003;9,404042;-7,257851;-8,053644;11,56256;-2,370207;0;3,621712;-2,370207;0,05009;11,17456;-1,150589;-0,263051;16,09786;-0,502888;-0,594528;18,70366;0,009561;-0,997249;20,75807;-0,895299;-0,03505;3,621712;-0,101118;0,01504;11,13133;1,488186;-3,350686;15,35958;2,312064;-5,325001;17,5404;2,953642;-7,072453;19,22854;0,443679;-0,000078;3,621712;1,958848;0,050012;10,3956;1,956898;-4,900703;10,96029;1,443316;-6,934358;9,109569;0,722966;-6,982159;6,670904;1,743431;-0,000171;3,621712;3,958467;0,049919;9,102249;3,988765;-3,889036;9,573995;3,76969;-5,796396;8,907994;3,266112;-7,411714;7,342023;0;0;0;-38,93087;-35,64594;115,6449;-33,25109;-35,64594;115,6449;-32,08307;-35,33162;116,0203;-32,08307;-35,33162;116,0203;-0,379977;0;0;3,507549;13,91971;-0,105099;7,194965;13,87939;0,6541;11,16547;13,69436;1,655954;11,1098;13,73924;1,421195;-0,380045;6,036885;0;37,03294;19,90378;0,989919;40,04884;21,16364;-0,593686;43,39174;22,41481;-1,805433;43,45673;22,26512;-1,634452;-0,413454;12,60826;0;83,34498;12,07381;-1,420641;132,9973;14,03063;-1,435149;179,4039;16,48019;1,696154;179,324;16,47719;1,414312;-0,485496;22,00679;0;82,97962;13,36752;-1,190102;109,8373;15,03487;-1,205827;135,7298;18,45103;0,671629;135,6624;18,25284;0,457699;0;0;0;0;0;0;0,161313;-0,339031;-0,269875;0,299066;-0,62862;-0,500321;0,403851;-0,849903;-0,675738;0;0;0;0;0;0;-0,052353;0,000092;0,012964;-0,080176;0,000142;0,019938;-0,102181;0,000179;0,025392;0;0;0;0;0;0;0,452366;-0,323586;-0,426471;0,68146;-0,490621;-0,663757;0,854954;-0,619993;-0,863224;0;0;0;0;0;0;0;0;0;0;0;0;0;0;0;0;0;0;0;0;0;0;0;0;0;0;0;0;0;0;0;0;0;0;0;0;9,67875;-20,34187;-16,19249;17,94398;-37,71722;-30,01928;24,23108;-50,99416;-40,54427;0;0;0;0;0;0;-3,141202;0,005532;0,777841;-4,810541;0,00855;1,196265;-6,130859;0,010729;1,523495;0;0;0;0;0;0;27,14194;-19,41517;-25,58827;40,88759;-29,43724;-39,82543;51,29725;-37,19955;-51,79346;0;0;0;0;0;0;0;0;0;0;0;0;0;0;0;0;0;0;0;0;0;0;0;0;0;0;0;0;0;0;13,68084;12,80643;9,421776;11,35688;47,11547;35,35944;5,679754;1,38621;-13,91993;3,639326;3,504646;3,731664;-19,87687;38,52015;3,571441;3,794625;-12,07378;83,49284;49,63891;45,51828;-13,36859;83,17056;26,85363;25,31373;5,556564;-0,045776;-0,00206;0,008469;0,607109;-0,009685;-0,003347;-0,003147;-6,829948;5,499343;0;0;0;0;0;0;0;0;0;0;162,6114;24,60937;-0,247192;1,016235;50,88386;-0,775051;-0,200844;-0,188828;-236,6317;299,9405;0;-0,186253;0;0;-210,91;-189,7888;0;0;0;0
75;1250;00:00:01:250;0;0;0;-3,519914;0,050068;3,621712;-5,28151;-3,188084;6,62916;-6,438573;-5,951003;9,404042;-7,257851;-8,053644;11,56256;-2,370207;0;3,621712;-2,370207;0,05009;11,17456;-1,150589;-0,263051;16,09786;-0,502888;-0,594528;18,70366;0,009561;-0,997249;20,75807;-0,895299;-0,03505;3,621712;-0,101118;0,01504;11,13133;1,488186;-3,350686;15,35958;2,312064;-5,325001;17,5404;2,953642;-7,072453;19,22854;0,443679;-0,000078;3,621712;1,958848;0,050012;10,3956;1,956898;-4,900703;10,96029;1,443316;-6,934358;9,109569;0,722966;-6,982159;6,670904;1,743431;-0,000171;3,621712;3,958467;0,049919;9,102249;3,988765;-3,889036;9,573995;3,76969;-5,796396;8,907994;3,266112;-7,411714;7,342023;0;0;0;-38,93087;-35,64594;115,6449;-33,25109;-35,64594;115,6449;-32,08307;-35,33162;116,0203;-32,08307;-35,33162;116,0203;-0,379977;0;0;3,507549;13,91971;-0,105099;7,194965;13,87939;0,6541;11,16547;13,69436;1,655954;11,1098;13,73924;1,421195;-0,380045;6,036885;0;37,03294;19,90378;0,989919;40,04884;21,16364;-0,593686;43,39174;22,41481;-1,805433;43,45673;22,26512;-1,634452;-0,413454;12,60826;0;83,34498;12,07381;-1,420641;132,9973;14,03063;-1,435149;179,4039;16,48019;1,696154;179,324;16,47719;1,414312;-0,485496;22,00679;0;82,97962;13,36752;-1,190102;109,8373;15,03487;-1,205827;135,7298;18,45103;0,671629;135,6624;18,25284;0,457699;0;0;0;0;0;0;0;0;0;0;0;0;0;0;0;0;0;0;0;0;0;0;0;0;0;0;0;0;0;0;0;0;0;0;0;0;0;0;0;0;0;0;0;0;0;0;0;0;0;0;0;0;0;0;0;0;0;0;0;0;0;0;0;0;0;0;0;0;0;0;0;0;0;0;0;0;0;0;0;0;0;-9,67875;20,34187;16,19249;-17,94398;37,71722;30,01928;-24,23108;50,99416;40,54427;0;0;0;0;0;0;3,141202;-0,005532;-0,777841;4,810541;-0,00855;-1,196265;6,130859;-0,010729;-1,523495;0;0;0;0;0;0;-27,14194;19,41517;25,58827;-40,88759;29,43724;39,82543;-51,29725;37,19955;51,79346;0;0;0;0;0;0;0;0;0;0;0;0;0;0;0;0;0;0;0;0;0;0;0;0;0;0;0;0;0;0;13,68084;12,80643;9,421776;11,35688;47,11547;35,35944;5,679754;1,38621;-13,91993;3,639326;3,504646;3,731664;-19,87687;38,52015;3,571441;3,794625;-12,07378;83,49284;49,63891;45,51828;-13,36859;83,17056;26,85363;25,31373;5,556564;-0,045776;-0,00206;0,008469;0,607109;-0,009685;-0,003347;-0,003147;-6,829948;5,499343;0;0;0;0;0;0;0;0;0;0;162,6114;24,60937;-0,247192;1,016235;50,88386;-0,775051;-0,200844;-0,188828;-236,6317;299,9405;0;-0,186253;0;0;-210,91;-189,7888;0;0;0;0
76;1266,667;00:00:01:267;0;0;0;-3,519914;0,050068;3,621712;-5,28151;-3,188084;6,62916;-6,438573;-5,951003;9,404042;-7,257851;-8,053644;11,56256;-2,370207;0;3,621712;-2,370207;0,05009;11,17456;-1,150589;-0,263051;16,09786;-0,502888;-0,594528;18,70366;0,009561;-0,997249;20,75807;-0,895299;-0,03505;3,621712;-0,101118;0,01504;11,13133;1,488186;-3,350686;15,35958;2,312064;-5,325001;17,5404;2,953642;-7,072453;19,22854;0,443679;-0,000078;3,621712;1,958848;0,050012;10,3956;1,956898;-4,900703;10,96029;1,443316;-6,934358;9,109569;0,722966;-6,982159;6,670904;1,743431;-0,000171;3,621712;3,958467;0,049919;9,102249;3,988765;-3,889036;9,573995;3,76969;-5,796396;8,907994;3,266112;-7,411714;7,342023;0;0;0;-38,93087;-35,64594;115,6449;-33,25109;-35,64594;115,6449;-32,08307;-35,33162;116,0203;-32,08307;-35,33162;116,0203;-0,379977;0;0;3,507549;13,91971;-0,105099;7,194965;13,87939;0,6541;11,16547;13,69436;1,655954;11,1098;13,73924;1,421195;-0,380045;6,036885;0;37,03294;19,90378;0,989919;40,04884;21,16364;-0,593686;43,39174;22,41481;-1,805433;43,45673;22,26512;-1,634452;-0,413454;12,60826;0;83,34498;12,07381;-1,420641;132,9973;14,03063;-1,435149;179,4039;16,48019;1,696154;179,324;16,47719;1,414312;-0,485496;22,00679;0;82,97962;13,36752;-1,190102;109,8373;15,03487;-1,205827;135,7298;18,45103;0,671629;135,6624;18,25284;0,457699;0;0;0;0;0;0;0;0;0;0;0;0;0;0;0;0;0;0;0;0;0;0;0;0;0;0;0;0;0;0;0;0;0;0;0;0;0;0;0;0;0;0;0;0;0;0;0;0;0;0;0;0;0;0;0;0;0;0;0;0;0;0;0;0;0;0;0;0;0;0;0;0;0;0;0;0;0;0;0;0;0;0;0;0;0;0;0;0;0;0;0;0;0;0;0;0;0;0;0;0;0;0;0;0;0;0;0;0;0;0;0;0;0;0;0;0;0;0;0;0;0;0;0;0;0;0;0;0;0;0;0;0;0;0;0;0;0;0;0;0;0;0;0;0;0;0;0;0;0;0;13,68084;12,80643;9,421776;11,35688;47,11547;35,35944;5,679754;1,38621;-13,91993;3,639326;3,504646;3,731664;-19,87687;38,52015;3,571441;3,794625;-12,07378;83,49284;49,63891;45,51828;-13,36859;83,17056;26,85363;25,31373;0;0;0;0;0;0;0;0;0;0;0;0;0;0;0;0;0;0;0;0;-333,3938;2,746582;0,123596;-0,508118;-36,42654;0,581074;0,200844;0,188828;409,7968;-329,9606;0;0;0;0;0;0;0;0;0;0
77;1283,333;00:00:01:283;0;0;0;-3,519914;0,050068;3,621712;-5,283593;-3,184848;6,631421;-6,442453;-5,945038;9,408268;-7,263103;-8,045601;11,56829;-2,370207;0;3,621712;-2,370207;0,05009;11,17456;-1,151766;-0,263049;16,09815;-0,504689;-0,594525;18,70411;0,007265;-0,997245;20,75864;-0,895299;-0,03505;3,621712;-0,101118;0,01504;11,13133;1,495789;-3,352395;15,35535;2,323582;-5,32759;17,53389;2,968183;-7,075724;19,22017;0,443679;-0,000078;3,621712;1,958848;0,050012;10,3956;1,956898;-4,900703;10,96029;1,443316;-6,934358;9,109569;0,722966;-6,982159;6,670904;1,743431;-0,000171;3,621712;3,958467;0,049919;9,102249;3,988765;-3,889036;9,573995;3,76969;-5,796396;8,907994;3,266112;-7,411714;7,342023;0;0;0;-38,91429;-35,60452;115,6037;-33,2345;-35,60453;115,6037;-32,06622;-35,2903;115,9791;-32,06621;-35,2903;115,979;-0,379977;0;0;3,507343;13,90608;-0,10596;7,19457;13,86576;0,653195;11,16482;13,68073;1,654992;11,10921;13,72562;1,420246;-0,380045;6,036885;0;37,05882;20,00779;0,99708;40,07187;21,26828;-0,587029;43,41255;22,51988;-1,799155;43,47787;22,37012;-1,628101;-0,413454;12,60826;0;83,34498;12,07381;-1,420641;132,9973;14,03063;-1,435149;179,4039;16,48019;1,696154;179,324;16,47719;1,414312;-0,485496;22,00679;0;82,97962;13,36752;-1,190102;109,8373;15,03487;-1,205827;135,7298;18,45103;0,671629;135,6624;18,25284;0,457699;0;0;0;0;0;0;-0,124946;0,194192;0,13563;-0,232816;0,357896;0,253513;-0,31516;0,482574;0,343546;0;0;0;0;0;0;-0,070581;0,000134;0,017524;-0,108082;0,000204;0,026822;-0,137765;0,000257;0,034153;0;0;0;0;0;0;0,456177;-0,102505;-0,253737;0,691071;-0,155389;-0,39053;0,872478;-0,196248;-0,50211;0;0;0;0;0;0;0;0;0;0;0;0;0;0;0;0;0;0;0;0;0;0;0;0;0;0;0;0;0;0;0;0;0;0;0;0;-7,496773;11,65151;8,13782;-13,96894;21,47376;15,21081;-18,90957;28,95444;20,61277;0;0;0;0;0;0;-4,234872;0,008047;1,051426;-6,484911;0,012238;1,609325;-8,265896;0,015423;2,049207;0;0;0;0;0;0;27,3706;-6,150305;-15,22422;41,46426;-9,323357;-23,43177;52,34867;-11,7749;-30,12657;0;0;0;0;0;0;0;0;0;0;0;0;0;0;0;0;0;0;0;0;0;0;0;0;0;0;0;0;0;0;13,6748;12,81293;9,428288;11,36343;47,06543;35,37018;5,679823;1,386351;-13,90628;3,639057;3,504702;3,731716;-19,98039;38,56224;3,571441;3,794625;-12,07378;83,49284;49,63891;45,51828;-13,36859;83,17056;26,85363;25,31373;-3,002472;0,644531;0,004148;0,008469;0,818939;-0,016136;0,003347;0,003147;-6,211395;2,525482;0;0;0;0;0;0;0;0;0;0;-180,1483;38,67187;0,248909;0,508118;49,13634;-0,96817;0,200844;0,188828;-372,6837;151,5289;0;0;0;0;0;0;0;0;0;0
78;1300;00:00:01:300;0;0;0;-3,519914;0,050068;3,621712;-5,285379;-3,181228;6,634261;-6,445767;-5,93833;9,413537;-7,267581;-8,036534;11,57541;-2,370207;0;3,621712;-2,370207;0,05009;11,17456;-1,152281;-0,263048;16,09828;-0,505479;-0,594523;18,7043;0,006259;-0,997244;20,75889;-0,895299;-0,03505;3,621712;-0,101118;0,01504;11,13133;1,495791;-3,350554;15,35682;2,323616;-5,3248;17,5362;2,968272;-7,072198;19,22323;0,443679;-0,000078;3,621712;1,958848;0,050012;10,3956;1,956898;-4,900703;10,96029;1,443316;-6,934358;9,109569;0,722966;-6,982159;6,670904;1,743431;-0,000171;3,621712;3,958467;0,049919;9,102249;3,988765;-3,889036;9,573995;3,76969;-5,796396;8,907994;3,266112;-7,411714;7,342023;0;0;0;-38,88831;-35,55827;115,5578;-33,20853;-35,55829;115,5578;-32,03997;-35,24419;115,9331;-32,03997;-35,24419;115,9331;-0,379977;0;0;3,507252;13,9001;-0,106337;7,194398;13,85978;0,652798;11,16454;13,67476;1,65457;11,10896;13,71964;1,419829;-0,380045;6,036885;0;37,03523;20,00208;0,996686;40,04827;21,26196;-0,587914;43,3889;22,51311;-1,800539;43,45421;22,36341;-1,629429;-0,413454;12,60826;0;83,34498;12,07381;-1,420641;132,9973;14,03063;-1,435149;179,4039;16,48019;1,696154;179,324;16,47719;1,414312;-0,485496;22,00679;0;82,97962;13,36752;-1,190102;109,8373;15,03487;-1,205827;135,7298;18,45103;0,671629;135,6624;18,25284;0,457699;0;0;0;0;0;0;-0,107177;0,217192;0,17041;-0,198841;0,402488;0,316143;-0,268668;0,543997;0,427142;0;0;0;0;0;0;-0,03094;0,000053;0,0076;-0,047375;0,000078;0,011623;-0,060383;0,000101;0,01502;0;0;0;0;0;0;0,000112;0,110418;0,087976;0,002056;0,167437;0,13876;0,005342;0,211537;0,183284;0;0;0;0;0;0;0;0;0;0;0;0;0;0;0;0;0;0;0;0;0;0;0;0;0;0;0;0;0;0;0;0;0;0;0;0;1,066177;1,379997;2,086758;2,038477;2,675505;3,757774;2,789497;3,685355;5,015732;0;0;0;0;0;0;2,378448;-0,004862;-0,59545;3,642439;-0,007544;-0,911951;4,642903;-0,009388;-1,147985;0;0;0;0;0;0;-27,36389;12,77536;20,5028;-41,34088;19,36957;31,75735;-52,02815;24,46711;41,12362;0;0;0;0;0;0;0;0;0;0;0;0;0;0;0;0;0;0;0;0;0;0;0;0;0;0;0;0;0;0;13,66736;12,81374;9,434761;11,36973;47,00648;35,37191;5,679788;1,386351;-13,90031;3,639003;3,504702;3,731664;-19,97473;38,53729;3,571441;3,794625;-12,07378;83,49284;49,63891;45,51828;-13,36859;83,17056;26,85363;25,31373;-3,536911;0,103912;-0,002089;0;0,358143;-0,003219;0;-0,003147;0,339546;-1,497345;0;0;0;0;0;0;0;0;0;0;-32,06635;-32,43713;-0,374222;-0,508118;-27,64778;0,775051;-0,200844;-0,377655;393,0564;-241,3696;0;0;0;0;0;0;0;0;0;0
79;1316,667;00:00:01:317;0;0;0;-3,519914;0,050068;3,621712;-5,282567;-3,179422;6,637842;-6,440417;-5,934737;9,419947;-7,260271;-8,031529;11,58393;-2,370207;0;3,621712;-2,370207;0,05009;11,17456;-1,153016;-0,263046;16,09846;-0,506604;-0,594521;18,70458;0,004824;-0,997241;20,75924;-0,895299;-0,03505;3,621712;-0,101118;0,01504;11,13133;1,495254;-3,350564;15,35701;2,3228;-5,324815;17,5365;2,967238;-7,072218;19,2236;0,443679;-0,000078;3,621712;1,958848;0,050012;10,3956;1,956898;-4,900703;10,96029;1,443316;-6,934358;9,109569;0,722966;-6,982159;6,670904;1,743431;-0,000171;3,621712;3,958467;0,049919;9,102249;3,988765;-3,889036;9,573995;3,76969;-5,796396;8,907994;3,266112;-7,411714;7,342023;0;0;0;-38,82395;-35,53559;115,5353;-33,14416;-35,5356;115,5353;-31,97565;-35,22186;115,9109;-31,97565;-35,22186;115,9109;-0,379977;0;0;3,507123;13,89158;-0,106875;7,194153;13,85126;0,652232;11,16415;13,66625;1,653969;11,1086;13,71113;1,419237;-0,380045;6,036885;0;37,03508;19,99513;0,996208;40,04831;21,255;-0,588323;43,3891;22,50615;-1,800885;43,45438;22,35646;-1,629784;-0,413454;12,60826;0;83,34498;12,07381;-1,420641;132,9973;14,03063;-1,435149;179,4039;16,48019;1,696154;179,324;16,47719;1,414312;-0,485496;22,00679;0;82,97962;13,36752;-1,190102;109,8373;15,03487;-1,205827;135,7298;18,45103;0,671629;135,6624;18,25284;0,457699;0;0;0;0;0;0;0,168756;0,108339;0,21489;0,320971;0,215605;0,384629;0,438631;0,300318;0,511453;0;0;0;0;0;0;-0,044094;0,000084;0,010908;-0,067513;0,000126;0,016809;-0,086065;0,000156;0,021368;0;0;0;0;0;0;-0,032254;-0,000603;0,011623;-0,048973;-0,000916;0,017792;-0,062071;-0,001162;0,022531;0;0;0;0;0;0;0;0;0;0;0;0;0;0;0;0;0;0;0;0;0;0;0;0;0;0;0;0;0;0;0;0;0;0;0;0;16,55593;-6,531179;2,668798;31,18872;-11,21297;4,109144;42,43791;-14,62072;5,058643;0;0;0;0;0;0;-0,78924;0,001844;0,198484;-1,208335;0,00285;0,311136;-1,540929;0,003353;0,380874;0;0;0;0;0;0;-1,941919;-6,661266;-4,581212;-3,061741;-10,1012;-7,258057;-4,04477;-12,76195;-9,645222;0;0;0;0;0;0;0;0;0;0;0;0;0;0;0;0;0;0;0;0;0;0;0;0;0;0;0;0;0;0;13,65464;12,80183;9,432449;11,36586;46,95654;35,3024;5,679754;1,386351;-13,8918;3,638842;3,504646;3,731664;-19,9678;38,53608;3,571496;3,794573;-12,07378;83,49284;49,63891;45,51828;-13,36859;83,17056;26,85363;25,31373;-2,996063;-4,170685;-0,00206;0;0,511093;-0,009685;-0,003347;0;0,415764;-0,072784;0,00329;-0,003104;0;0;0;0;0;0;0;0;32,45087;-256,4758;0,001717;0;9,177018;-0,387955;-0,200844;0,188828;4,573059;85,47363;0,197411;-0,186253;0;0;0;0;0;0;0;0
80;1333,333;00:00:01:333;0;0;0;-3,519914;0,050068;3,621712;-5,282292;-3,179626;6,637784;-6,439902;-5,935103;9,419828;-7,25957;-8,032018;11,58377;-2,370207;0;3,621712;-2,370207;0,05009;11,17456;-1,154154;-0,263044;16,09874;-0,508346;-0,594518;18,70501;0,002604;-0,997237;20,75979;-0,895299;-0,03505;3,621712;-0,101118;0,01504;11,13133;1,496163;-3,350549;15,35668;2,324181;-5,324791;17,53599;2,968988;-7,072186;19,22297;0,443679;-0,000078;3,621712;1,958848;0,050012;10,3956;1,956898;-4,900703;10,96029;1,443316;-6,934358;9,109569;0,722966;-6,982159;6,670904;1,743431;-0,000171;3,621712;3,958467;0,049919;9,102249;3,988765;-3,889036;9,573995;3,76969;-5,796396;8,907994;3,266112;-7,411714;7,342023;0;0;0;-38,82298;-35,53822;115,5379;-33,14318;-35,53823;115,5378;-31,97473;-35,22448;115,9135;-31,97474;-35,22448;115,9135;-0,379977;0;0;3,506923;13,87839;-0,107708;7,193773;13,83808;0,651357;11,16353;13,65307;1,653039;11,10804;13,69795;1,418319;-0,380045;6,036885;0;37,03536;20,00689;0,997019;40,04824;21,26677;-0,587632;43,38876;22,51791;-1,800298;43,45409;22,36822;-1,629184;-0,413454;12,60826;0;83,34498;12,07381;-1,420641;132,9973;14,03063;-1,435149;179,4039;16,48019;1,696154;179,324;16,47719;1,414312;-0,485496;22,00679;0;82,97962;13,36752;-1,190102;109,8373;15,03487;-1,205827;135,7298;18,45103;0,671629;135,6624;18,25284;0,457699;0;0;0;0;0;0;0,016496;-0,012249;-0,003487;0,030935;-0,021994;-0,007108;0,042021;-0,029325;-0,010058;0;0;0;0;0;0;-0,068257;0,000129;0,016898;-0,104517;0,000193;0,025839;-0,133228;0,000246;0,032991;0;0;0;0;0;0;0,054561;0,000961;-0,019848;0,08288;0,001453;-0,03022;0,105009;0,001878;-0,038177;0;0;0;0;0;0;0;0;0;0;0;0;0;0;0;0;0;0;0;0;0;0;0;0;0;0;0;0;0;0;0;0;0;0;0;0;-9,135602;-7,235258;-13,10259;-17,40217;-14,25594;-23,50419;-23,79656;-19,77861;-31,29065;0;0;0;0;0;0;-1,449734;0,002682;0,359416;-2,220199;0,004023;0,541806;-2,82973;0,005364;0,697374;0;0;0;0;0;0;5,208849;0,093877;-1,888275;7,911175;0,142157;-2,880692;10,02476;0,18239;-3,642439;0;0;0;0;0;0;0;0;0;0;0;0;0;0;0;0;0;0;0;0;0;0;0;0;0;0;0;0;0;0;13,65382;12,80243;9,431824;11,36517;46,9589;35,29899;5,679754;1,38621;-13,8786;3,638627;3,504646;3,731664;-19,97951;38,53813;3,571496;3,794625;-12,07378;83,49284;49,63891;45,51828;-13,36859;83,17056;26,85363;25,31373;0,141678;-0,20462;0;-0,008469;0,791531;-0,012918;0;0;-0,702438;0,123367;0;0,003104;0;0;0;0;0;0;0;0;188,2644;237,9639;0,123596;-0,508118;16,82624;-0,193977;0,200844;0;-67,09212;11,7691;-0,197411;0,372505;0;0;0;0;0;0;0;0
81;1350;00:00:01:350;0;0;0;-3,519914;0,050068;3,621712;-5,282292;-3,179626;6,637784;-6,439902;-5,935103;9,419828;-7,25957;-8,032018;11,58377;-2,370207;0;3,621712;-2,370207;0,05009;11,17456;-1,154154;-0,263044;16,09874;-0,508346;-0,594518;18,70501;0,002604;-0,997237;20,75979;-0,895299;-0,03505;3,621712;-0,101118;0,01504;11,13133;1,496163;-3,350549;15,35668;2,324181;-5,324791;17,53599;2,968988;-7,072186;19,22297;0,443679;-0,000078;3,621712;1,958848;0,050012;10,3956;1,956898;-4,900703;10,96029;1,443316;-6,934358;9,109569;0,722966;-6,982159;6,670904;1,743431;-0,000171;3,621712;3,958467;0,049919;9,102249;3,988765;-3,889036;9,573995;3,76969;-5,796396;8,907994;3,266112;-7,411714;7,342023;0;0;0;-38,82298;-35,53822;115,5379;-33,14318;-35,53823;115,5378;-31,97473;-35,22448;115,9135;-31,97474;-35,22448;115,9135;-0,379977;0;0;3,506923;13,87839;-0,107708;7,193773;13,83808;0,651357;11,16353;13,65307;1,653039;11,10804;13,69795;1,418319;-0,380045;6,036885;0;37,03536;20,00689;0,997019;40,04824;21,26677;-0,587632;43,38876;22,51791;-1,800298;43,45409;22,36822;-1,629184;-0,413454;12,60826;0;83,34498;12,07381;-1,420641;132,9973;14,03063;-1,435149;179,4039;16,48019;1,696154;179,324;16,47719;1,414312;-0,485496;22,00679;0;82,97962;13,36752;-1,190102;109,8373;15,03487;-1,205827;135,7298;18,45103;0,671629;135,6624;18,25284;0,457699;0;0;0;0;0;0;0;0;0;0;0;0;0;0;0;0;0;0;0;0;0;0;0;0;0;0;0;0;0;0;0;0;0;0;0;0;0;0;0;0;0;0;0;0;0;0;0;0;0;0;0;0;0;0;0;0;0;0;0;0;0;0;0;0;0;0;0;0;0;0;0;0;0;0;0;0;0;0;0;0;0;-0,989735;0,734925;0,209212;-1,856088;1,319647;0,426471;-2,521276;1,759529;0,603497;0;0;0;0;0;0;4,095397;-0,007711;-1,013875;6,271005;-0,011567;-1,550317;7,993653;-0,014752;-1,97947;0;0;0;0;0;0;-3,273636;-0,057667;1,190901;-4,972815;-0,087172;1,813173;-6,300509;-0,112653;2,290606;0;0;0;0;0;0;0;0;0;0;0;0;0;0;0;0;0;0;0;0;0;0;0;0;0;0;0;0;0;0;13,65382;12,80243;9,431824;11,36517;46,9589;35,29899;5,679754;1,38621;-13,8786;3,638627;3,504646;3,731664;-19,97951;38,53813;3,571496;3,794625;-12,07378;83,49284;49,63891;45,51828;-13,36859;83,17056;26,85363;25,31373;0,141678;-0,20462;0;-0,008469;0,791531;-0,012918;0;0;-0,702438;0,123367;0;0,003104;0;0;0;0;0;0;0;0;188,2644;237,9639;0,123596;-0,508118;16,82624;-0,193977;0,200844;0;-67,09212;11,7691;-0,197411;0,372505;0;0;0;0;0;0;0;0
82;1366,667;00:00:01:367;0;0;0;-3,519914;0,050068;3,621712;-5,279029;-3,182172;6,636961;-6,438625;-5,940089;9,415759;-7,259831;-8,038911;11,57726;-2,370207;0;3,621712;-2,370207;0,05009;11,17456;-1,156488;-0,26304;16,09932;-0,51192;-0,594511;18,70589;-0,001952;-0,997228;20,76092;-0,895299;-0,03505;3,621712;-0,101118;0,01504;11,13133;1,505047;-3,354072;15,3505;2,337612;-5,330132;17,52643;2,985906;-7,078936;19,21061;0,443679;-0,000078;3,621712;1,958848;0,050012;10,3956;1,956898;-4,900703;10,96029;1,443316;-6,934358;9,109569;0,722966;-6,982159;6,670904;1,743431;-0,000171;3,621712;3,958467;0,049919;9,102249;3,988765;-3,889036;9,573995;3,76969;-5,796396;8,907994;3,266112;-7,411714;7,342023;0;0;0;-38,81335;-35,57094;115,5703;-33,20974;-35,57095;115,5703;-32,04128;-35,25685;115,9457;-32,04128;-35,25685;115,9457;-0,379977;0;0;3,506513;13,85133;-0,109415;7,192994;13,81103;0,649561;11,16226;13,62604;1,65113;11,10689;13,67092;1,416438;-0,380045;6,036885;0;37,08524;20,13334;1,005739;40,09475;21,39446;-0,579108;43,43275;22,6465;-1,7918;43,49845;22,49669;-1,620649;-0,413454;12,60826;0;83,34498;12,07381;-1,420641;132,9973;14,03063;-1,435149;179,4039;16,48019;1,696154;179,324;16,47719;1,414312;-0,485496;22,00679;0;82,97962;13,36752;-1,190102;109,8373;15,03487;-1,205827;135,7298;18,45103;0,671629;135,6624;18,25284;0,457699;0;0;0;0;0;0;0,195734;-0,152752;-0,049353;0,076622;-0,299156;-0,24417;-0,015691;-0,413597;-0,390172;0;0;0;0;0;0;-0,140056;0,00027;0,0346;-0,214465;0,000414;0,052929;-0,273373;0,00052;0,06777;0;0;0;0;0;0;0,533044;-0,211425;-0,370681;0,805847;-0,320502;-0,573724;1,015104;-0,404969;-0,741541;0;0;0;0;0;0;0;0;0;0;0;0;0;0;0;0;0;0;0;0;0;0;0;0;0;0;0;0;0;0;0;0;0;0;0;0;11,74405;-9,165107;-2,961159;4,597305;-17,94934;-14,65022;-0,941455;-24,8158;-23,41032;0;0;0;0;0;0;-8,403359;0,016177;2,076029;-12,8679;0,02481;3,175735;-16,40238;0,031181;4,066228;0;0;0;0;0;0;31,98266;-12,68551;-22,24087;48,35084;-19,23009;-34,42347;60,90625;-24,29813;-44,49248;0;0;0;0;0;0;0;0;0;0;0;0;0;0;0;0;0;0;0;0;0;0;0;0;0;0;0;0;0;0;13,66022;12,81268;9,42943;11,36337;46,98922;35,25957;5,603536;1,38621;-13,85156;3,638196;3,504702;3,731664;-20,10538;38,60825;3,571387;3,794625;-12,07378;83,49284;49,63891;45,51828;-13,36859;83,17056;26,85363;25,31373;1,818695;-2,364807;-4,573087;0;1,622887;-0,025835;0,003347;0;-7,551956;4,207306;-0,00658;0;0;0;0;0;0;0;0;0;100,621;-129,6112;-274,3852;0,508118;49,88136;-0,775051;0,200844;0;-410,971;245,0363;-0,394821;-0,186253;0;0;0;0;0;0;0;0
83;1383,333;00:00:01:383;0;0;0;-3,519914;0,050068;3,621712;-5,279029;-3,182172;6,636961;-6,438625;-5,940089;9,415759;-7,259831;-8,038911;11,57726;-2,370207;0;3,621712;-2,370207;0,05009;11,17456;-1,156488;-0,26304;16,09932;-0,51192;-0,594511;18,70589;-0,001952;-0,997228;20,76092;-0,895299;-0,03505;3,621712;-0,101118;0,01504;11,13133;1,505047;-3,354072;15,3505;2,337612;-5,330132;17,52643;2,985906;-7,078936;19,21061;0,443679;-0,000078;3,621712;1,958848;0,050012;10,3956;1,956898;-4,900703;10,96029;1,443316;-6,934358;9,109569;0,722966;-6,982159;6,670904;1,743431;-0,000171;3,621712;3,958467;0,049919;9,102249;3,988765;-3,889036;9,573995;3,76969;-5,796396;8,907994;3,266112;-7,411714;7,342023;0;0;0;-38,81335;-35,57094;115,5703;-33,20974;-35,57095;115,5703;-32,04128;-35,25685;115,9457;-32,04128;-35,25685;115,9457;-0,379977;0;0;3,506513;13,85133;-0,109415;7,192994;13,81103;0,649561;11,16226;13,62604;1,65113;11,10689;13,67092;1,416438;-0,380045;6,036885;0;37,08524;20,13334;1,005739;40,09475;21,39446;-0,579108;43,43275;22,6465;-1,7918;43,49845;22,49669;-1,620649;-0,413454;12,60826;0;83,34498;12,07381;-1,420641;132,9973;14,03063;-1,435149;179,4039;16,48019;1,696154;179,324;16,47719;1,414312;-0,485496;22,00679;0;82,97962;13,36752;-1,190102;109,8373;15,03487;-1,205827;135,7298;18,45103;0,671629;135,6624;18,25284;0,457699;0;0;0;0;0;0;0;0;0;0;0;0;0;0;0;0;0;0;0;0;0;0;0;0;0;0;0;0;0;0;0;0;0;0;0;0;0;0;0;0;0;0;0;0;0;0;0;0;0;0;0;0;0;0;0;0;0;0;0;0;0;0;0;0;0;0;0;0;0;0;0;0;0;0;0;0;0;0;0;0;0;-11,74405;9,165107;2,961159;-4,597305;17,94934;14,65022;0,941455;24,8158;23,41032;0;0;0;0;0;0;8,403359;-0,016177;-2,076029;12,8679;-0,02481;-3,175735;16,40238;-0,031181;-4,066228;0;0;0;0;0;0;-31,98266;12,68551;22,24087;-48,35084;19,23009;34,42347;-60,90625;24,29813;44,49248;0;0;0;0;0;0;0;0;0;0;0;0;0;0;0;0;0;0;0;0;0;0;0;0;0;0;0;0;0;0;13,66022;12,81268;9,42943;11,36337;46,98922;35,25957;5,603536;1,38621;-13,85156;3,638196;3,504702;3,731664;-20,10538;38,60825;3,571387;3,794625;-12,07378;83,49284;49,63891;45,51828;-13,36859;83,17056;26,85363;25,31373;1,818695;-2,364807;-4,573087;0;1,622887;-0,025835;0,003347;0;-7,551956;4,207306;-0,00658;0;0;0;0;0;0;0;0;0;100,621;-129,6112;-274,3852;0,508118;49,88136;-0,775051;0,200844;0;-410,971;245,0363;-0,394821;-0,186253;0;0;0;0;0;0;0;0
84;1400;00:00:01:400;0;0;0;-3,519914;0,050068;3,621712;-5,279029;-3,182172;6,636961;-6,438625;-5,940089;9,415759;-7,259831;-8,038911;11,57726;-2,370207;0;3,621712;-2,370207;0,05009;11,17456;-1,156488;-0,26304;16,09932;-0,51192;-0,594511;18,70589;-0,001952;-0,997228;20,76092;-0,895299;-0,03505;3,621712;-0,101118;0,01504;11,13133;1,505047;-3,354072;15,3505;2,337612;-5,330132;17,52643;2,985906;-7,078936;19,21061;0,443679;-0,000078;3,621712;1,958848;0,050012;10,3956;1,956898;-4,900703;10,96029;1,443316;-6,934358;9,109569;0,722966;-6,982159;6,670904;1,743431;-0,000171;3,621712;3,958467;0,049919;9,102249;3,988765;-3,889036;9,573995;3,76969;-5,796396;8,907994;3,266112;-7,411714;7,342023;0;0;0;-38,81335;-35,57094;115,5703;-33,20974;-35,57095;115,5703;-32,04128;-35,25685;115,9457;-32,04128;-35,25685;115,9457;-0,379977;0;0;3,506513;13,85133;-0,109415;7,192994;13,81103;0,649561;11,16226;13,62604;1,65113;11,10689;13,67092;1,416438;-0,380045;6,036885;0;37,08524;20,13334;1,005739;40,09475;21,39446;-0,579108;43,43275;22,6465;-1,7918;43,49845;22,49669;-1,620649;-0,413454;12,60826;0;83,34498;12,07381;-1,420641;132,9973;14,03063;-1,435149;179,4039;16,48019;1,696154;179,324;16,47719;1,414312;-0,485496;22,00679;0;82,97962;13,36752;-1,190102;109,8373;15,03487;-1,205827;135,7298;18,45103;0,671629;135,6624;18,25284;0,457699;0;0;0;0;0;0;0;0;0;0;0;0;0;0;0;0;0;0;0;0;0;0;0;0;0;0;0;0;0;0;0;0;0;0;0;0;0;0;0;0;0;0;0;0;0;0;0;0;0;0;0;0;0;0;0;0;0;0;0;0;0;0;0;0;0;0;0;0;0;0;0;0;0;0;0;0;0;0;0;0;0;0;0;0;0;0;0;0;0;0;0;0;0;0;0;0;0;0;0;0;0;0;0;0;0;0;0;0;0;0;0;0;0;0;0;0;0;0;0;0;0;0;0;0;0;0;0;0;0;0;0;0;0;0;0;0;0;0;0;0;0;0;0;0;0;0;0;0;0;0;13,66022;12,81268;9,42943;11,36337;46,98922;35,25957;5,603536;1,38621;-13,85156;3,638196;3,504702;3,731664;-20,10538;38,60825;3,571387;3,794625;-12,07378;83,49284;49,63891;45,51828;-13,36859;83,17056;26,85363;25,31373;0;0;0;0;0;0;0;0;0;0;0;0;0;0;0;0;0;0;0;0;-109,1217;141,8884;274,3852;0;-97,37318;1,550102;-0,200844;0;453,1173;-252,4383;0,394821;0;0;0;0;0;0;0;0;0
85;1416,667;00:00:01:417;0;0;0;-3,519914;0,050068;3,621712;-5,277326;-3,18096;6,639253;-6,435384;-5,937691;9,419868;-7,255402;-8,03558;11,58273;-2,370207;0;3,621712;-2,370207;0,05009;11,17456;-1,159731;-0,263034;16,10011;-0,516886;-0,594502;18,70712;-0,008282;-0,997216;20,76248;-0,895299;-0,03505;3,621712;-0,101118;0,01504;11,13133;1,506615;-3,359559;15,34552;2,339898;-5,33845;17,5186;2,988662;-7,089447;19,20031;0,443679;-0,000078;3,621712;1,958848;0,050012;10,3956;1,956898;-4,900703;10,96029;1,443316;-6,934358;9,109569;0,722966;-6,982159;6,670904;1,743431;-0,000171;3,621712;3,958467;0,049919;9,102249;3,988765;-3,889036;9,573995;3,76969;-5,796396;8,907994;3,266112;-7,411714;7,342023;0;0;0;-38,77274;-35,55571;115,5552;-33,16915;-35,55573;115,5553;-32,00071;-35,24184;115,9308;-32,0007;-35,24186;115,9308;-0,379977;0;0;3,505947;13,81375;-0,111787;7,191915;13,77345;0,647067;11,16051;13,58849;1,648481;11,10529;13,63336;1,413825;-0,380045;6,036885;0;37,15646;20,17102;1,008341;40,16543;21,43398;-0,57524;43,50314;22,68739;-1,786614;43,56889;22,53739;-1,61561;-0,413454;12,60826;0;83,34498;12,07381;-1,420641;132,9973;14,03063;-1,435149;179,4039;16,48019;1,696154;179,324;16,47719;1,414312;-0,485496;22,00679;0;82,97962;13,36752;-1,190102;109,8373;15,03487;-1,205827;135,7298;18,45103;0,671629;135,6624;18,25284;0,457699;0;0;0;0;0;0;0,102215;0,072733;0,137463;0,19446;0,143856;0,246495;0,265762;0,199914;0,327945;0;0;0;0;0;0;-0,194578;0,00037;0,047922;-0,29796;0,000559;0,073493;-0,379778;0,00071;0,093698;0;0;0;0;0;0;0,094078;-0,329219;-0,299156;0,137128;-0,49907;-0,470102;0,165381;-0,630632;-0,617802;0;0;0;0;0;0;0;0;0;0;0;0;0;0;0;0;0;0;0;0;0;0;0;0;0;0;0;0;0;0;0;0;0;0;0;0;6,132871;4,363953;8,247791;11,66761;8,631347;14,7897;15,94573;11,99484;19,67668;0;0;0;0;0;0;-11,67465;0,022212;2,875328;-17,87759;0,033528;4,409551;-22,7867;0,04258;5,621909;0;0;0;0;0;0;5,644708;-19,75313;-17,94934;8,227674;-29,94418;-28,20611;9,922831;-37,83792;-37,06812;0;0;0;0;0;0;0;0;0;0;0;0;0;0;0;0;0;0;0;0;0;0;0;0;0;0;0;0;0;0;13,65017;12,80092;9,428153;11,36112;46,95679;35,21648;5,603536;1,38621;-13,81398;3,637443;3,504702;3,731716;-20,14286;38,68674;3,571441;3,794625;-12,07378;83,49284;49,63891;45,51828;-13,36859;83,17056;26,85363;25,31373;-1,945495;-2,585678;0;0;2,254829;-0,045204;0;0,003147;-2,248878;4,709472;0,00329;0;0;0;0;0;0;0;0;0;-116,7297;-155,1407;0;0;135,2898;-2,712249;0;0,188828;-134,9327;282,5683;0,197411;0;0;0;0;0;0;0;0;0
86;1433,333;00:00:01:433;0;0;0;-3,519914;0,050068;3,621712;-5,276089;-3,179838;6,641174;-6,437871;-5,935895;9,420902;-7,260756;-8,033315;11,58313;-2,370207;0;3,621712;-2,370207;0,05009;11,17456;-1,159731;-0,263034;16,10011;-0,516886;-0,594502;18,70712;-0,008282;-0,997216;20,76248;-0,895299;-0,03505;3,621712;-0,101118;0,01504;11,13133;1,506615;-3,359559;15,34552;2,339898;-5,33845;17,5186;2,988662;-7,089447;19,20031;0,443679;-0,000078;3,621712;1,958848;0,050012;10,3956;1,956898;-4,900703;10,96029;1,443316;-6,934358;9,109569;0,722966;-6,982159;6,670904;1,743431;-0,000171;3,621712;3,958467;0,049919;9,102249;3,988765;-3,889036;9,573995;3,76969;-5,796396;8,907994;3,266112;-7,411714;7,342023;0;0;0;-38,73988;-35,5416;115,5412;-33,21249;-35,54161;115,5413;-32,04376;-35,2275;115,9164;-32,04375;-35,2275;115,9164;-0,379977;0;0;3,505947;13,81375;-0,111787;7,191915;13,77345;0,647067;11,16051;13,58849;1,648481;11,10529;13,63336;1,413825;-0,380045;6,036885;0;37,15646;20,17102;1,008341;40,16543;21,43398;-0,57524;43,50314;22,68739;-1,786614;43,56889;22,53739;-1,61561;-0,413454;12,60826;0;83,34498;12,07381;-1,420641;132,9973;14,03063;-1,435149;179,4039;16,48019;1,696154;179,324;16,47719;1,414312;-0,485496;22,00679;0;82,97962;13,36752;-1,190102;109,8373;15,03487;-1,205827;135,7298;18,45103;0,671629;135,6624;18,25284;0,457699;0;0;0;0;0;0;0,07423;0,067323;0,11529;-0,14922;0,10778;0,062093;-0,321195;0,135899;0,02414;0;0;0;0;0;0;0;0;0;0;0;0;0;0;0;0;0;0;0;0;0;0;0;0;0;0;0;0;0;0;0;0;0;0;0;0;0;0;0;0;0;0;0;0;0;0;0;0;0;0;0;0;0;0;0;0;0;0;0;0;0;0;0;0;0;0;-1,679063;-0,324547;-1,330376;-20,62082;-2,164542;-11,06411;-35,2174;-3,840924;-18,22829;0;0;0;0;0;0;11,67465;-0,022212;-2,875328;17,87759;-0,033528;-4,409551;22,7867;-0,04258;-5,621909;0;0;0;0;0;0;-5,644708;19,75313;17,94934;-8,227674;29,94418;28,20611;-9,922831;37,83792;37,06812;0;0;0;0;0;0;0;0;0;0;0;0;0;0;0;0;0;0;0;0;0;0;0;0;0;0;0;0;0;0;13,65158;12,8048;9,432641;11,3661;46,92867;35,1831;5,527404;1,38621;-13,81398;3,637443;3,504702;3,731716;-20,14286;38,68674;3,571441;3,794625;-12,07378;83,49284;49,63891;45,51828;-13,36859;83,17056;26,85363;25,31373;-1,687317;-2,002945;-4,567881;0;0;0;0;0;0;0;0;0;0;0;0;0;0;0;0;0;15,49072;34,96397;-274,0728;0;-135,2898;2,712249;0;-0,188828;134,9327;-282,5683;-0,197411;0;0;0;0;0;0;0;0;0
87;1450;00:00:01:450;0;0;0;-3,519914;0,050068;3,621712;-5,276089;-3,179838;6,641174;-6,437871;-5,935895;9,420902;-7,260756;-8,033315;11,58313;-2,370207;0;3,621712;-2,370207;0,05009;11,17456;-1,159731;-0,263034;16,10011;-0,516886;-0,594502;18,70712;-0,008282;-0,997216;20,76248;-0,895299;-0,03505;3,621712;-0,101118;0,01504;11,13133;1,506615;-3,359559;15,34552;2,339898;-5,33845;17,5186;2,988662;-7,089447;19,20031;0,443679;-0,000078;3,621712;1,958848;0,050012;10,3956;1,956898;-4,900703;10,96029;1,443316;-6,934358;9,109569;0,722966;-6,982159;6,670904;1,743431;-0,000171;3,621712;3,958467;0,049919;9,102249;3,988765;-3,889036;9,573995;3,76969;-5,796396;8,907994;3,266112;-7,411714;7,342023;0;0;0;-38,73988;-35,5416;115,5412;-33,21249;-35,54161;115,5413;-32,04376;-35,2275;115,9164;-32,04375;-35,2275;115,9164;-0,379977;0;0;3,505947;13,81375;-0,111787;7,191915;13,77345;0,647067;11,16051;13,58849;1,648481;11,10529;13,63336;1,413825;-0,380045;6,036885;0;37,15646;20,17102;1,008341;40,16543;21,43398;-0,57524;43,50314;22,68739;-1,786614;43,56889;22,53739;-1,61561;-0,413454;12,60826;0;83,34498;12,07381;-1,420641;132,9973;14,03063;-1,435149;179,4039;16,48019;1,696154;179,324;16,47719;1,414312;-0,485496;22,00679;0;82,97962;13,36752;-1,190102;109,8373;15,03487;-1,205827;135,7298;18,45103;0,671629;135,6624;18,25284;0,457699;0;0;0;0;0;0;0;0;0;0;0;0;0;0;0;0;0;0;0;0;0;0;0;0;0;0;0;0;0;0;0;0;0;0;0;0;0;0;0;0;0;0;0;0;0;0;0;0;0;0;0;0;0;0;0;0;0;0;0;0;0;0;0;0;0;0;0;0;0;0;0;0;0;0;0;0;0;0;0;0;0;-4,453807;-4,039406;-6,917416;8,953212;-6,466806;-3,725588;19,27167;-8,153913;-1,448393;0;0;0;0;0;0;0;0;0;0;0;0;0;0;0;0;0;0;0;0;0;0;0;0;0;0;0;0;0;0;0;0;0;0;0;0;0;0;0;0;0;0;0;0;0;0;0;0;0;0;0;0;0;0;0;0;0;0;0;0;13,65158;12,8048;9,432641;11,3661;46,92867;35,1831;5,527404;1,38621;-13,81398;3,637443;3,504702;3,731716;-20,14286;38,68674;3,571441;3,794625;-12,07378;83,49284;49,63891;45,51828;-13,36859;83,17056;26,85363;25,31373;-1,687317;-2,002945;-4,567881;0;0;0;0;0;0;0;0;0;0;0;0;0;0;0;0;0;15,49072;34,96397;-274,0728;0;-135,2898;2,712249;0;-0,188828;134,9327;-282,5683;-0,197411;0;0;0;0;0;0;0;0;0
88;1466,667;00:00:01:467;0;0;0;-3,519914;0,050068;3,621712;-5,276309;-3,17938;6,641535;-6,43828;-5,935047;9,421572;-7,261308;-8,032167;11,58404;-2,370207;0;3,621712;-2,370207;0,05009;11,17456;-1,162506;-0,263028;16,1008;-0,521135;-0,594494;18,70816;-0,013698;-0,997206;20,76382;-0,895299;-0,03505;3,621712;-0,101118;0,01504;11,13133;1,502865;-3,357788;15,34836;2,334234;-5,335766;17,52301;2,981536;-7,086054;19,20602;0,443679;-0,000078;3,621712;1,958848;0,050012;10,3956;1,956898;-4,900703;10,96029;1,443316;-6,934358;9,109569;0,722966;-6,982159;6,670904;1,743431;-0,000171;3,621712;3,958467;0,049919;9,102249;3,988765;-3,889036;9,573995;3,76969;-5,796396;8,907994;3,266112;-7,411714;7,342023;0;0;0;-38,73653;-35,53576;115,5354;-33,20913;-35,53576;115,5354;-32,04037;-35,22167;115,9106;-32,04036;-35,22168;115,9106;-0,379977;0;0;3,505463;13,7816;-0,113815;7,190995;13,74131;0,644935;11,15901;13,55636;1,646217;11,10393;13,60123;1,411591;-0,380045;6,036885;0;37,13174;20,11664;1,004589;40,14212;21,37898;-0,578985;43,48088;22,63195;-1,790425;43,54648;22,482;-1,619429;-0,413454;12,60826;0;83,34498;12,07381;-1,420641;132,9973;14,03063;-1,435149;179,4039;16,48019;1,696154;179,324;16,47719;1,414312;-0,485496;22,00679;0;82,97962;13,36752;-1,190102;109,8373;15,03487;-1,205827;135,7298;18,45103;0,671629;135,6624;18,25284;0,457699;0;0;0;0;0;0;-0,01321;0,027448;0,021681;-0,024542;0,050895;0,040188;-0,033125;0,068799;0,054315;0;0;0;0;0;0;-0,166476;0,000327;0,040859;-0,25491;0,000497;0,062674;-0,324938;0,00062;0,080019;0;0;0;0;0;0;-0,224993;0,106283;0,170678;-0,339836;0,161089;0,264645;-0,427589;0,203535;0,342608;0;0;0;0;0;0;0;0;0;0;0;0;0;0;0;0;0;0;0;0;0;0;0;0;0;0;0;0;0;0;0;0;0;0;0;0;-0,792593;1,646876;1,300871;-1,472533;3,053695;2,411305;-1,987517;4,127919;3,258884;0;0;0;0;0;0;-9,988544;0,019614;2,451539;-15,29463;0,02984;3,760457;-19,4963;0,037216;4,801153;0;0;0;0;0;0;-13,49956;6,376952;10,24067;-20,39015;9,665339;15,87868;-25,65533;12,2121;20,55645;0;0;0;0;0;0;0;0;0;0;0;0;0;0;0;0;0;0;0;0;0;0;0;0;0;0;0;0;0;0;13,6487;12,80256;9,433452;11,36689;46,92121;35,18325;5,527404;1,386492;-13,78183;3,636904;3,504702;3,731664;-20,08874;38,65321;3,571441;3,794573;-12,07378;83,49284;49,63891;45,51828;-13,36859;83,17056;26,85363;25,31373;-0,447464;0,009384;0;0,016944;1,928787;-0,032301;0;-0,003147;3,247146;-2,011871;0;-0,003104;0;0;0;0;0;0;0;0;74,39117;120,7397;274,0728;1,016665;115,7272;-1,938057;0;-0,188828;194,8288;-120,7123;0;-0,186253;0;0;0;0;0;0;0;0
89;1483,333;00:00:01:483;0;0;0;-3,519914;0,050068;3,621712;-5,274599;-3,177414;6,644629;-6,435015;-5,93123;9,427148;-7,256839;-8,026904;11,59147;-2,370207;0;3,621712;-2,370207;0,05009;11,17456;-1,165937;-0,263021;16,10164;-0,526389;-0,594483;18,70945;-0,020395;-0,997193;20,76546;-0,895299;-0,03505;3,621712;-0,101118;0,01504;11,13133;1,507645;-3,357704;15,34661;2,341495;-5,335638;17,52034;2,990731;-7,085893;19,20265;0,443679;-0,000078;3,621712;1,958848;0,050012;10,3956;1,956898;-4,900703;10,96029;1,443316;-6,934358;9,109569;0,722966;-6,982159;6,670904;1,743431;-0,000171;3,621712;3,958467;0,049919;9,102249;3,988765;-3,889036;9,573995;3,76969;-5,796396;8,907994;3,266112;-7,411714;7,342023;0;0;0;-38,68539;-35,511;115,5109;-33,15797;-35,51101;115,5109;-31,98923;-35,19718;115,8863;-31,98923;-35,19718;115,8863;-0,379977;0;0;3,504866;13,74184;-0,116323;7,189857;13,70157;0,6423;11,15716;13,51664;1,643418;11,10224;13,5615;1,408829;-0,380045;6,036885;0;37,13321;20,17857;1,008863;40,14177;21,44093;-0,575346;43,47911;22,69387;-1,787341;43,54491;22,54393;-1,616262;-0,413454;12,60826;0;83,34498;12,07381;-1,420641;132,9973;14,03063;-1,435149;179,4039;16,48019;1,696154;179,324;16,47719;1,414312;-0,485496;22,00679;0;82,97962;13,36752;-1,190102;109,8373;15,03487;-1,205827;135,7298;18,45103;0,671629;135,6624;18,25284;0,457699;0;0;0;0;0;0;0,102595;0,117973;0,185609;0,195891;0,229038;0,334561;0,268132;0,31583;0,446141;0;0;0;0;0;0;-0,205888;0,000415;0,050426;-0,315271;0,000629;0,077337;-0,401851;0,000793;0,098616;0;0;0;0;0;0;0,286818;0,005051;-0,105232;0,435658;0,007667;-0,15986;0,551708;0,009656;-0,202507;0;0;0;0;0;0;0;0;0;0;0;0;0;0;0;0;0;0;0;0;0;0;0;0;0;0;0;0;0;0;0;0;0;0;0;0;6,948262;5,431472;9,835659;13,22597;10,6886;17,66234;18,0754;14,82189;23,50956;0;0;0;0;0;0;-2,364703;0,005281;0,573993;-3,621652;0,007879;0,879765;-4,614742;0,010394;1,115799;0;0;0;0;0;0;30,70861;-6,073862;-16,55459;46,52962;-9,205339;-25,47025;58,7578;-11,63274;-32,70685;0;0;0;0;0;0;0;0;0;0;0;0;0;0;0;0;0;0;0;0;0;0;0;0;0;0;0;0;0;0;13,63617;12,79954;9,432961;11,36524;46,87452;35,13351;5,527404;1,386351;-13,74208;3,636204;3,504646;3,731664;-20,15038;38,66414;3,571496;3,794625;-12,07378;83,49284;49,63891;45,51828;-13,36859;83,17056;26,85363;25,31373;-2,801742;-2,984848;0;-0,008476;2,38512;-0,042014;-0,003347;0;-3,698616;0,655518;0,00329;0,003104;0;0;0;0;0;0;0;0;-141,2567;-179,6539;0;-1,525211;27,37998;-0,58279;-0,200844;0,188828;-416,7457;160,0433;0,197411;0,372505;0;0;0;0;0;0;0;0
90;1500;00:00:01:500;0;0;0;-3,519914;0,050068;3,621712;-5,273311;-3,178945;6,643743;-6,432606;-5,934032;9,425468;-7,253572;-8,030671;11,58918;-2,370207;0;3,621712;-2,370207;0,05009;11,17456;-1,187164;-0,262975;16,10678;-0,558894;-0,594413;18,71734;-0,061828;-0,997105;20,77553;-0,895299;-0,03505;3,621712;-0,101118;0,01504;11,13133;1,512285;-3,366803;15,33753;2,348381;-5,349432;17,50612;2,999221;-7,103322;19,18402;0,443679;-0,000078;3,621712;1,958848;0,050012;10,3956;1,956898;-4,900703;10,96029;1,443316;-6,934358;9,109569;0,722966;-6,982159;6,670904;1,743431;-0,000171;3,621712;3,958467;0,049919;9,102249;3,988765;-3,889036;9,573995;3,76969;-5,796396;8,907994;3,266112;-7,411714;7,342023;0;0;0;-38,68891;-35,53061;115,5303;-33,1615;-35,53062;115,5303;-31,9929;-35,21677;115,9058;-31,99289;-35,21678;115,9058;-0,379977;0;0;3,50122;13,49604;-0,131805;7,182864;13,45583;0,626035;11,14577;13,27107;1,626155;11,09188;13,31589;1,391797;-0,380045;6,036885;0;37,25256;20,26788;1,015036;40,25942;21,53329;-0,567335;43,59567;22,78853;-1,777365;43,66164;22,63827;-1,606501;-0,413454;12,60826;0;83,34498;12,07381;-1,420641;132,9973;14,03063;-1,435149;179,4039;16,48019;1,696154;179,324;16,47719;1,414312;-0,485496;22,00679;0;82,97962;13,36752;-1,190102;109,8373;15,03487;-1,205827;135,7298;18,45103;0,671629;135,6624;18,25284;0,457699;0;0;0;0;0;0;0,077315;-0,091866;-0,053197;0,144526;-0,168175;-0,100762;0,19598;-0,226021;-0,137284;0;0;0;0;0;0;-1,273641;0,00276;0,308543;-1,950301;0,004188;0,473142;-2,485949;0,005286;0,604033;0;0;0;0;0;0;0,278369;-0,545986;-0,544399;0,41315;-0,82764;-0,853121;0,509374;-1,045704;-1,117766;0;0;0;0;0;0;0;0;0;0;0;0;0;0;0;0;0;0;0;0;0;0;0;0;0;0;0;0;0;0;0;0;0;0;0;0;-1,516789;-12,59029;-14,32836;-3,081859;-23,83276;-26,11935;-4,329084;-32,51105;-35,00551;0;0;0;0;0;0;-64,06522;0,140732;15,48707;-98,10178;0,213571;23,74827;-125,0459;0,269562;30,32505;0;0;0;0;0;0;-0,506937;-33,06224;-26,35002;-1,350492;-50,11842;-41,5957;-2,540052;-63,32158;-54,91554;0;0;0;0;0;0;0;0;0;0;0;0;0;0;0;0;0;0;0;0;0;0;0;0;0;0;0;0;0;0;13,62282;12,79302;9,429423;11,36157;46,89647;35,12254;5,527404;1,386351;-13,4963;3,631894;3,504646;3,731664;-20,23923;38,79975;3,571441;3,794573;-12,07378;83,49284;49,63891;45,51828;-13,36859;83,17056;26,85363;25,31373;1,317215;-0,657806;0;0;14,74657;-0,258608;0;0;-5,330886;8,13652;-0,00329;-0,003104;0;0;0;0;0;0;0;0;247,1374;139,6225;0;0,508547;741,687;-12,99562;0,200844;0;-97,93623;448,8601;-0,394821;-0,372505;0;0;0;0;0;0;0;0
91;1516,667;00:00:01:517;0;0;0;-3,519914;0,050068;3,621712;-5,273311;-3,178945;6,643743;-6,432606;-5,934032;9,425468;-7,253572;-8,030671;11,58918;-2,370207;0;3,621712;-2,370207;0,05009;11,17456;-1,187164;-0,262975;16,10678;-0,558894;-0,594413;18,71734;-0,061828;-0,997105;20,77553;-0,895299;-0,03505;3,621712;-0,101118;0,01504;11,13133;1,512285;-3,366803;15,33753;2,348381;-5,349432;17,50612;2,999221;-7,103322;19,18402;0,443679;-0,000078;3,621712;1,958848;0,050012;10,3956;1,956898;-4,900703;10,96029;1,443316;-6,934358;9,109569;0,722966;-6,982159;6,670904;1,743431;-0,000171;3,621712;3,958467;0,049919;9,102249;3,988765;-3,889036;9,573995;3,76969;-5,796396;8,907994;3,266112;-7,411714;7,342023;0;0;0;-38,68891;-35,53061;115,5303;-33,1615;-35,53062;115,5303;-31,9929;-35,21677;115,9058;-31,99289;-35,21678;115,9058;-0,379977;0;0;3,50122;13,49604;-0,131805;7,182864;13,45583;0,626035;11,14577;13,27107;1,626155;11,09188;13,31589;1,391797;-0,380045;6,036885;0;37,25256;20,26788;1,015036;40,25942;21,53329;-0,567335;43,59567;22,78853;-1,777365;43,66164;22,63827;-1,606501;-0,413454;12,60826;0;83,34498;12,07381;-1,420641;132,9973;14,03063;-1,435149;179,4039;16,48019;1,696154;179,324;16,47719;1,414312;-0,485496;22,00679;0;82,97962;13,36752;-1,190102;109,8373;15,03487;-1,205827;135,7298;18,45103;0,671629;135,6624;18,25284;0,457699;0;0;0;0;0;0;0;0;0;0;0;0;0;0;0;0;0;0;0;0;0;0;0;0;0;0;0;0;0;0;0;0;0;0;0;0;0;0;0;0;0;0;0;0;0;0;0;0;0;0;0;0;0;0;0;0;0;0;0;0;0;0;0;0;0;0;0;0;0;0;0;0;0;0;0;0;0;0;0;0;0;-4,63888;5,511939;3,191829;-8,67158;10,09047;6,045699;-11,7588;13,56125;8,237062;0;0;0;0;0;0;76,41847;-0,165626;-18,5126;117,0181;-0,251289;-28,3885;149,157;-0,317171;-36,242;0;0;0;0;0;0;-16,70211;32,75916;32,66394;-24,78897;49,65841;51,18728;-30,56243;62,74223;67,06594;0;0;0;0;0;0;0;0;0;0;0;0;0;0;0;0;0;0;0;0;0;0;0;0;0;0;0;0;0;0;13,62282;12,79302;9,429423;11,36157;46,89647;35,12254;5,527404;1,386351;-13,4963;3,631894;3,504646;3,731664;-20,23923;38,79975;3,571441;3,794573;-12,07378;83,49284;49,63891;45,51828;-13,36859;83,17056;26,85363;25,31373;1,317215;-0,657806;0;0;14,74657;-0,258608;0;0;-5,330886;8,13652;-0,00329;-0,003104;0;0;0;0;0;0;0;0;247,1374;139,6225;0;0,508547;741,687;-12,99562;0,200844;0;-97,93623;448,8601;-0,394821;-0,372505;0;0;0;0;0;0;0;0
92;1533,333;00:00:01:533;0;0;0;-3,519914;0,050068;3,621712;-5,272397;-3,179719;6,643445;-6,435738;-5,935832;9,422467;-7,259822;-8,033315;11,58418;-2,370207;0;3,621712;-2,370207;0,05009;11,17456;-1,1965;-0,262953;16,10901;-0,57319;-0,59438;18,72076;-0,080049;-0,997062;20,7799;-0,895299;-0,03505;3,621712;-0,101118;0,01504;11,13133;1,513205;-3,383278;15,32388;2,349485;-5,374404;17,4846;3,000202;-7,134871;19,15564;0,443679;-0,000078;3,621712;1,958848;0,050012;10,3956;1,956898;-4,900703;10,96029;1,443316;-6,934358;9,109569;0,722966;-6,982159;6,670904;1,743431;-0,000171;3,621712;3,958467;0,049919;9,102249;3,988765;-3,889036;9,573995;3,76969;-5,796396;8,907994;3,266112;-7,411714;7,342023;0;0;0;-38,68707;-35,54056;115,5402;-33,23586;-35,54056;115,5402;-32,06704;-35,22632;115,9153;-32,06703;-35,22634;115,9152;-0,379977;0;0;3,499641;13,38802;-0,138598;7,179816;13,34784;0,618902;11,14079;13,16315;1,61859;11,08735;13,20794;1,384332;-0,380045;6,036885;0;37,4651;20,33281;1,019527;40,47177;21,60369;-0,558521;43,80827;22,86308;-1,764142;43,87425;22,71223;-1,593791;-0,413454;12,60826;0;83,34498;12,07381;-1,420641;132,9973;14,03063;-1,435149;179,4039;16,48019;1,696154;179,324;16,47719;1,414312;-0,485496;22,00679;0;82,97962;13,36752;-1,190102;109,8373;15,03487;-1,205827;135,7298;18,45103;0,671629;135,6624;18,25284;0,457699;0;0;0;0;0;0;0,054829;-0,046447;-0,017837;-0,187889;-0,107981;-0,18011;-0,374973;-0,158653;-0,300452;0;0;0;0;0;0;-0,56014;0,001323;0,133932;-0,857726;0,002009;0,205278;-1,093302;0,002543;0,262052;0;0;0;0;0;0;0,055186;-0,988461;-0,819147;0,066273;-1,498327;-1,291394;0,058852;-1,892969;-1,702756;0;0;0;0;0;0;0;0;0;0;0;0;0;0;0;0;0;0;0;0;0;0;0;0;0;0;0;0;0;0;0;0;0;0;0;0;3,289729;-2,786815;-1,070201;-11,27332;-6,478876;-10,80662;-22,49837;-9,519158;-18,02712;0;0;0;0;0;0;-33,60841;0,079377;8,035896;-51,46354;0,120532;12,3167;-65,59811;0,152551;15,72311;0;0;0;0;0;0;3,311187;-59,30766;-49,1488;3,976374;-89,89959;-77,48364;3,531128;-113,5781;-102,1653;0;0;0;0;0;0;0;0;0;0;0;0;0;0;0;0;0;0;0;0;0;0;0;0;0;0;0;0;0;0;13,62422;12,78289;9,432395;11,36563;46,90613;35,11201;5,45122;1,38621;-13,3883;3,630006;3,504646;3,731611;-20,30377;39,02688;3,571441;3,794573;-12,07378;83,49284;49,63891;45,51828;-13,36859;83,17056;26,85363;25,31373;0,579758;-0,631714;-4,571056;-0,008469;6,480331;-0,113268;0;-0,003147;-3,872452;13,62785;0;0;0;0;0;0;0;0;0;0;-44,24743;1,565552;-274,2634;-0,508118;-495,9743;8,720398;0;-0,188828;87,50609;329,4799;0,197411;0,186253;0;0;0;0;0;0;0;0
93;1550;00:00:01:550;0;0;0;-3,519914;0,050068;3,621712;-5,272397;-3,179719;6,643445;-6,435738;-5,935832;9,422467;-7,259822;-8,033315;11,58418;-2,370207;0;3,621712;-2,370207;0,05009;11,17456;-1,1965;-0,262953;16,10901;-0,57319;-0,59438;18,72076;-0,080049;-0,997062;20,7799;-0,895299;-0,03505;3,621712;-0,101118;0,01504;11,13133;1,513205;-3,383278;15,32388;2,349485;-5,374404;17,4846;3,000202;-7,134871;19,15564;0,443679;-0,000078;3,621712;1,958848;0,050012;10,3956;1,956898;-4,900703;10,96029;1,443316;-6,934358;9,109569;0,722966;-6,982159;6,670904;1,743431;-0,000171;3,621712;3,958467;0,049919;9,102249;3,988765;-3,889036;9,573995;3,76969;-5,796396;8,907994;3,266112;-7,411714;7,342023;0;0;0;-38,68707;-35,54056;115,5402;-33,23586;-35,54056;115,5402;-32,06704;-35,22632;115,9153;-32,06703;-35,22634;115,9152;-0,379977;0;0;3,499641;13,38802;-0,138598;7,179816;13,34784;0,618902;11,14079;13,16315;1,61859;11,08735;13,20794;1,384332;-0,380045;6,036885;0;37,4651;20,33281;1,019527;40,47177;21,60369;-0,558521;43,80827;22,86308;-1,764142;43,87425;22,71223;-1,593791;-0,413454;12,60826;0;83,34498;12,07381;-1,420641;132,9973;14,03063;-1,435149;179,4039;16,48019;1,696154;179,324;16,47719;1,414312;-0,485496;22,00679;0;82,97962;13,36752;-1,190102;109,8373;15,03487;-1,205827;135,7298;18,45103;0,671629;135,6624;18,25284;0,457699;0;0;0;0;0;0;0;0;0;0;0;0;0;0;0;0;0;0;0;0;0;0;0;0;0;0;0;0;0;0;0;0;0;0;0;0;0;0;0;0;0;0;0;0;0;0;0;0;0;0;0;0;0;0;0;0;0;0;0;0;0;0;0;0;0;0;0;0;0;0;0;0;0;0;0;0;0;0;0;0;0;-3,289729;2,786815;1,070201;11,27332;6,478876;10,80662;22,49837;9,519158;18,02712;0;0;0;0;0;0;33,60841;-0,079377;-8,035896;51,46354;-0,120532;-12,3167;65,59811;-0,152551;-15,72311;0;0;0;0;0;0;-3,311187;59,30766;49,1488;-3,976374;89,89959;77,48364;-3,531128;113,5781;102,1653;0;0;0;0;0;0;0;0;0;0;0;0;0;0;0;0;0;0;0;0;0;0;0;0;0;0;0;0;0;0;13,62422;12,78289;9,432395;11,36563;46,90613;35,11201;5,45122;1,38621;-13,3883;3,630006;3,504646;3,731611;-20,30377;39,02688;3,571441;3,794573;-12,07378;83,49284;49,63891;45,51828;-13,36859;83,17056;26,85363;25,31373;0,579758;-0,631714;-4,571056;-0,008469;6,480331;-0,113268;0;-0,003147;-3,872452;13,62785;0;0;0;0;0;0;0;0;0;0;-44,24743;1,565552;-274,2634;-0,508118;-495,9743;8,720398;0;-0,188828;87,50609;329,4799;0,197411;0,186253;0;0;0;0;0;0;0;0
94;1566,667;00:00:01:567;0;0;0;-3,519914;0,050068;3,621712;-5,269813;-3,182866;6,641577;-6,430909;-5,941597;9,418939;-7,253276;-8,041067;11,57937;-2,370207;0;3,621712;-2,370207;0,05009;11,17456;-1,196708;-0,262953;16,10906;-0,573508;-0,594379;18,72083;-0,080455;-0,997061;20,77999;-0,895299;-0,03505;3,621712;-0,101118;0,01504;11,13133;1,512581;-3,383289;15,32411;2,348537;-5,374421;17,48495;2,999002;-7,134893;19,15608;0,443679;-0,000078;3,621712;1,958848;0,050012;10,3956;1,956898;-4,900703;10,96029;1,443316;-6,934358;9,109569;0,722966;-6,982159;6,670904;1,743431;-0,000171;3,621712;3,958467;0,049919;9,102249;3,988765;-3,889036;9,573995;3,76969;-5,796396;8,907994;3,266112;-7,411714;7,342023;0;0;0;-38,69532;-35,58088;115,5802;-33,24411;-35,58088;115,5802;-32,07558;-35,2666;115,9554;-32,07559;-35,2666;115,9554;-0,379977;0;0;3,499606;13,38561;-0,13875;7,179749;13,34544;0,618743;11,14067;13,16074;1,618421;11,08725;13,20554;1,384166;-0,380045;6,036885;0;37,4649;20,32468;1,018965;40,47182;21,59556;-0,558999;43,8085;22,85496;-1,764546;43,87445;22,70411;-1,594205;-0,413454;12,60826;0;83,34498;12,07381;-1,420641;132,9973;14,03063;-1,435149;179,4039;16,48019;1,696154;179,324;16,47719;1,414312;-0,485496;22,00679;0;82,97962;13,36752;-1,190102;109,8373;15,03487;-1,205827;135,7298;18,45103;0,671629;135,6624;18,25284;0,457699;0;0;0;0;0;0;0,155032;-0,188805;-0,112072;0,289723;-0,345916;-0,211671;0,392765;-0,465095;-0,288203;0;0;0;0;0;0;-0,012478;0,000031;0,002861;-0,019111;0,000047;0,00456;-0,024363;0,000061;0,005811;0;0;0;0;0;0;-0,03745;-0,000648;0,013858;-0,056863;-0,000983;0,021011;-0,071995;-0,001341;0,026733;0;0;0;0;0;0;0;0;0;0;0;0;0;0;0;0;0;0;0;0;0;0;0;0;0;0;0;0;0;0;0;0;0;0;0;0;9,301899;-11,32831;-6,724297;17,38339;-20,75493;-12,70026;23,56589;-27,9057;-17,2922;0;0;0;0;0;0;-0,748672;0,001844;0,171661;-1,146644;0,00285;0,273585;-1,461804;0,003688;0,348687;0;0;0;0;0;0;-2,24702;-0,038892;0,831485;-3,411769;-0,059009;1,260638;-4,319697;-0,080466;1,603961;0;0;0;0;0;0;0;0;0;0;0;0;0;0;0;0;0;0;0;0;0;0;0;0;0;0;0;0;0;0;13,62787;12,78033;9,42522;11,3582;46,95164;35,09071;5,45122;1,386492;-13,38589;3,629952;3,504702;3,731664;-20,29568;39,02543;3,571441;3,794573;-12,07378;83,49284;49,63891;45,51828;-13,36859;83,17056;26,85363;25,31373;2,73056;-1,278076;0;0,016944;0,14431;-0,003219;0,003347;0,003147;0,485458;-0,086975;0;0;0;0;0;0;0;0;0;0;129,0481;-38,78173;274,2634;1,524782;-380,1612;6,602954;0,200844;0,377655;261,4746;-822,8896;0;0;0;0;0;0;0;0;0;0
95;1583,333;00:00:01:583;0;0;0;-3,519914;0,050068;3,621712;-5,270706;-3,18494;6,638836;-6,436264;-5,94586;9,41215;-7,262075;-8,047078;11,56957;-2,370207;0;3,621712;-2,370207;0,05009;11,17456;-1,198343;-0,262949;16,10945;-0,576012;-0,594373;18,72143;-0,083647;-0,997054;20,78075;-0,895299;-0,03505;3,621712;-0,101118;0,01504;11,13133;1,511627;-3,379644;15,32743;2,347155;-5,368896;17,49017;2,997344;-7,127914;19,16294;0,443679;-0,000078;3,621712;1,958848;0,050012;10,3956;1,956898;-4,900703;10,96029;1,443316;-6,934358;9,109569;0,722966;-6,982159;6,670904;1,743431;-0,000171;3,621712;3,958467;0,049919;9,102249;3,988765;-3,889036;9,573995;3,76969;-5,796396;8,907994;3,266112;-7,411714;7,342023;0;0;0;-38,73676;-35,60714;115,6063;-33,3427;-35,60715;115,6063;-32,174;-35,29233;115,9809;-32,174;-35,29234;115,9809;-0,379977;0;0;3,499332;13,3667;-0,139939;7,179218;13,32653;0,617495;11,1398;13,14185;1,617098;11,08646;13,18664;1,38286;-0,380045;6,036885;0;37,41743;20,30046;1,017286;40,42467;21,57013;-0,561538;43,76152;22,8286;-1,767977;43,82743;22,67788;-1,597536;-0,413454;12,60826;0;83,34498;12,07381;-1,420641;132,9973;14,03063;-1,435149;179,4039;16,48019;1,696154;179,324;16,47719;1,414312;-0,485496;22,00679;0;82,97962;13,36752;-1,190102;109,8373;15,03487;-1,205827;135,7298;18,45103;0,671629;135,6624;18,25284;0,457699;0;0;0;0;0;0;-0,053599;-0,124455;-0,164464;-0,321284;-0,255771;-0,407293;-0,527948;-0,360668;-0,588119;0;0;0;0;0;0;-0,098107;0,000235;0,023425;-0,150237;0,000358;0,035852;-0,191487;0,000447;0,045687;0;0;0;0;0;0;-0,057187;0,218645;0,19902;-0,082947;0,331432;0,312924;-0,099465;0,418782;0,411093;0;0;0;0;0;0;0;0;0;0;0;0;0;0;0;0;0;0;0;0;0;0;0;0;0;0;0;0;0;0;0;0;0;0;0;0;-12,51787;3,861039;-3,143549;-36,66043;5,408674;-11,73735;-55,24277;6,265639;-17,99494;0;0;0;0;0;0;-5,137771;0,012238;1,233816;-7,867589;0,018608;1,877546;-10,02744;0,023134;2,39253;0;0;0;0;0;0;-1,184195;13,15758;11,10971;-1,565069;19,9449;17,51482;-1,648218;25,2074;23,06163;0;0;0;0;0;0;0;0;0;0;0;0;0;0;0;0;0;0;0;0;0;0;0;0;0;0;0;0;0;0;13,64106;12,79686;9,428248;11,36304;46,99592;35,12598;5,39405;1,38621;-13,36697;3,629629;3,504758;3,731664;-20,2716;38,9732;3,571387;3,794625;-12,07378;83,49284;49,63891;45,51828;-13,36859;83,17056;26,85363;25,31373;2,65686;2,115784;-3,430223;-0,016944;1,135426;-0,019426;0,003347;0;1,44516;-3,133621;-0,00329;0,003104;0;0;0;0;0;0;0;0;-4,421997;203,6316;-205,8134;-2,033329;59,46693;-0,972462;0;-0,188828;57,58208;-182,7987;-0,197411;0,186253;0;0;0;0;0;0;0;0
96;1600;00:00:01:600;0;0;0;-3,519914;0,050068;3,621712;-5,262894;-3,186879;6,641279;-6,421539;-5,949018;9,416276;-7,242033;-8,051081;11,5749;-2,370207;0;3,621712;-2,370207;0,05009;11,17456;-1,201558;-0,262941;16,11021;-0,580935;-0,594361;18,7226;-0,089922;-0,997039;20,78225;-0,895299;-0,03505;3,621712;-0,101118;0,01504;11,13133;1,515727;-3,374077;15,33035;2,353478;-5,360457;17,49487;3,005491;-7,117252;19,16926;0,443679;-0,000078;3,621712;1,958848;0,050012;10,3956;1,956898;-4,900703;10,96029;1,443316;-6,934358;9,109569;0,722966;-6,982159;6,670904;1,743431;-0,000171;3,621712;3,958467;0,049919;9,102249;3,988765;-3,889036;9,573995;3,76969;-5,796396;8,907994;3,266112;-7,411714;7,342023;0;0;0;-38,65587;-35,63283;115,6318;-33,2618;-35,63285;115,6318;-32,09363;-35,31847;116,0071;-32,09363;-35,31847;116,0071;-0,379977;0;0;3,498792;13,32951;-0,142275;7,178172;13,28935;0,615042;11,13809;13,10469;1,614497;11,08491;13,14948;1,380293;-0,380045;6,036885;0;37,34796;20,3361;1,019755;40,35357;21,60395;-0,561106;43,68903;22,86102;-1,769533;43,75515;22,71051;-1,598843;-0,413454;12,60826;0;83,34498;12,07381;-1,420641;132,9973;14,03063;-1,435149;179,4039;16,48019;1,696154;179,324;16,47719;1,414312;-0,485496;22,00679;0;82,97962;13,36752;-1,190102;109,8373;15,03487;-1,205827;135,7298;18,45103;0,671629;135,6624;18,25284;0,457699;0;0;0;0;0;0;0,468761;-0,116318;0,146583;0,883475;-0,189476;0,247523;1,202479;-0,240192;0,319719;0;0;0;0;0;0;-0,192896;0,000476;0,045776;-0,295378;0,000721;0,070095;-0,376504;0,000916;0,089675;0;0;0;0;0;0;0,24597;0,334047;0,175417;0,379398;0,506356;0,2819;0,488788;0,639707;0,379533;0;0;0;0;0;0;0;0;0;0;0;0;0;0;0;0;0;0;0;0;0;0;0;0;0;0;0;0;0;0;0;0;0;0;0;0;31,34161;0,488162;18,66281;72,28553;3,977715;39,28899;103,8256;7,228552;54,47029;0;0;0;0;0;0;-5,687288;0,014501;1,341104;-8,708461;0,021793;2,054572;-11,10099;0,028163;2,639293;0;0;0;0;0;0;18,1894;6,924121;-1,416207;27,74074;10,49548;-1,861453;35,29518;13,25547;-1,893641;0;0;0;0;0;0;0;0;0;0;0;0;0;0;0;0;0;0;0;0;0;0;0;0;0;0;0;0;0;0;13,62672;12,78898;9,414509;11,34668;46,98991;34,99477;5,39405;1,386351;-13,32979;3,629035;3,504758;3,731716;-20,30709;38,90773;3,571441;3,794625;-12,07378;83,49284;49,63891;45,51828;-13,36859;83,17056;26,85363;25,31373;-0,360718;-7,87239;0;0,008469;2,230396;-0,035591;0;0,003147;-2,129631;-3,928528;0,00329;0;0;0;0;0;0;0;0;0;-181,0547;-599,2904;205,8134;1,524782;65,69824;-0,969887;-0,200844;0,188828;-214,4874;-47,69439;0,394821;-0,186253;0;0;0;0;0;0;0;0
97;1616,667;00:00:01:617;0;0;0;-3,519914;0,050068;3,621712;-5,262894;-3,186879;6,641279;-6,421539;-5,949018;9,416276;-7,242033;-8,051081;11,5749;-2,370207;0;3,621712;-2,370207;0,05009;11,17456;-1,201558;-0,262941;16,11021;-0,580935;-0,594361;18,7226;-0,089922;-0,997039;20,78225;-0,895299;-0,03505;3,621712;-0,101118;0,01504;11,13133;1,515727;-3,374077;15,33035;2,353478;-5,360457;17,49487;3,005491;-7,117252;19,16926;0,443679;-0,000078;3,621712;1,958848;0,050012;10,3956;1,956898;-4,900703;10,96029;1,443316;-6,934358;9,109569;0,722966;-6,982159;6,670904;1,743431;-0,000171;3,621712;3,958467;0,049919;9,102249;3,988765;-3,889036;9,573995;3,76969;-5,796396;8,907994;3,266112;-7,411714;7,342023;0;0;0;-38,65587;-35,63283;115,6318;-33,2618;-35,63285;115,6318;-32,09363;-35,31847;116,0071;-32,09363;-35,31847;116,0071;-0,379977;0;0;3,498792;13,32951;-0,142275;7,178172;13,28935;0,615042;11,13809;13,10469;1,614497;11,08491;13,14948;1,380293;-0,380045;6,036885;0;37,34796;20,3361;1,019755;40,35357;21,60395;-0,561106;43,68903;22,86102;-1,769533;43,75515;22,71051;-1,598843;-0,413454;12,60826;0;83,34498;12,07381;-1,420641;132,9973;14,03063;-1,435149;179,4039;16,48019;1,696154;179,324;16,47719;1,414312;-0,485496;22,00679;0;82,97962;13,36752;-1,190102;109,8373;15,03487;-1,205827;135,7298;18,45103;0,671629;135,6624;18,25284;0,457699;0;0;0;0;0;0;0;0;0;0;0;0;0;0;0;0;0;0;0;0;0;0;0;0;0;0;0;0;0;0;0;0;0;0;0;0;0;0;0;0;0;0;0;0;0;0;0;0;0;0;0;0;0;0;0;0;0;0;0;0;0;0;0;0;0;0;0;0;0;0;0;0;0;0;0;0;0;0;0;0;0;-28,12564;6,979107;-8,794962;-53,0085;11,36854;-14,85139;-72,14873;14,41151;-19,18316;0;0;0;0;0;0;11,57373;-0,028582;-2,746582;17,72269;-0,043251;-4,205703;22,59023;-0,054985;-5,38051;0;0;0;0;0;0;-14,75818;-20,0428;-10,52499;-22,7639;-30,38138;-16,91401;-29,32727;-38,3824;-22,77195;0;0;0;0;0;0;0;0;0;0;0;0;0;0;0;0;0;0;0;0;0;0;0;0;0;0;0;0;0;0;13,62672;12,78898;9,414509;11,34668;46,98991;34,99477;5,39405;1,386351;-13,32979;3,629035;3,504758;3,731716;-20,30709;38,90773;3,571441;3,794625;-12,07378;83,49284;49,63891;45,51828;-13,36859;83,17056;26,85363;25,31373;-0,360718;-7,87239;0;0,008469;2,230396;-0,035591;0;0,003147;-2,129631;-3,928528;0,00329;0;0;0;0;0;0;0;0;0;-181,0547;-599,2904;205,8134;1,524782;65,69824;-0,969887;-0,200844;0,188828;-214,4874;-47,69439;0,394821;-0,186253;0;0;0;0;0;0;0;0
98;1633,333;00:00:01:633;0;0;0;-3,519914;0,050068;3,621712;-5,265967;-3,178006;6,648992;-6,427198;-5,932495;9,430507;-7,249651;-8,028696;11,59408;-2,370207;0;3,621712;-2,370207;0,05009;11,17456;-1,205291;-0,262931;16,11109;-0,586651;-0,594347;18,72396;-0,097207;-0,997021;20,78398;-0,895299;-0,03505;3,621712;-0,101118;0,01504;11,13133;1,509017;-3,374196;15,33283;2,343288;-5,360638;17,49863;2,992587;-7,117481;19,17403;0,443679;-0,000078;3,621712;1,958848;0,050012;10,3956;1,956898;-4,900703;10,96029;1,443316;-6,934358;9,109569;0,722966;-6,982159;6,670904;1,743431;-0,000171;3,621712;3,958467;0,049919;9,102249;3,988765;-3,889036;9,573995;3,769444;-5,796038;8,907051;3,265424;-7,409759;7,339573;0;0;0;-38,57422;-35,51968;115,5195;-33,18016;-35,51968;115,5196;-32,01139;-35,20573;115,8948;-32,01138;-35,20576;115,8948;-0,379977;0;0;3,498168;13,28635;-0,144987;7,176964;13,2462;0,612197;11,13612;13,06157;1,611481;11,08311;13,10635;1,377317;-0,380045;6,036885;0;37,34587;20,24888;1,013723;40,35406;21,51671;-0,566236;43,69151;22,77381;-1,773878;43,75733;22,62329;-1,603306;-0,413454;12,60826;0;83,34498;12,07381;-1,420641;132,9973;14,03063;-1,435149;179,4039;16,48019;1,696154;179,324;16,47719;1,414312;-0,485496;22,00679;0;82,97962;13,36752;-1,190102;109,8666;15,03487;-1,205827;135,786;18,45009;0,673464;135,7186;18,25212;0,459328;0;0;0;0;0;0;-0,184447;0,532351;0,46277;-0,339523;0,991411;0,853837;-0,457048;1,343071;1,150757;0;0;0;0;0;0;-0,223964;0,00056;0,052929;-0,342943;0,000855;0,081271;-0,437133;0,001073;0,103623;0;0;0;0;0;0;-0,402566;-0,00713;0,148773;-0,61141;-0,010863;0,22611;-0,774197;-0,013724;0,286281;0;0;0;0;0;0;0;0;0;0;0;0;0;0;0;0;0;0;0;0;0;0;0;0;-0,014752;0,02148;-0,056595;-0,041284;0,117302;-0,14703;0;0;0;0;0;0;-11,06679;31,94108;27,76622;-20,37137;59,48468;51,23019;-27,4229;80,58427;69,04541;0;0;0;0;0;0;-13,43787;0,033611;3,175735;-20,57656;0,051297;4,876255;-26,22798;0,064373;6,21736;0;0;0;0;0;0;-24,15396;-0,427812;8,92639;-36,68457;-0,651777;13,56661;-46,45183;-0,823438;17,17686;0;0;0;0;0;0;0;0;0;0;0;0;0;0;0;0;0;0;0;0;0;0;0;0;-0,885129;1,288801;-3,395676;-2,47702;7,038116;-8,821784;13,60353;12,77456;9,428442;11,36005;46,83854;34,97521;5,394086;1,386351;-13,28662;3,628226;3,504702;3,731664;-20,22028;38,89218;3,571441;3,794625;-12,07378;83,49284;49,63891;45,51828;-13,36859;83,17056;26,88293;25,34004;-9,082489;-1,173706;0,002174;0;2,59037;-0,048566;-0,003347;-0,003147;5,208778;-0,932922;0;0;0;0;0;0;0;0;1,75827;1,578712;-523,3063;401,9211;0,130463;-0,508118;21,59842;-0,778484;-0,200844;-0,377655;440,3045;179,7363;-0,197411;0;0;0;0;0;0;0;105,4962;94,72273
99;1650;00:00:01:650;0;0;0;-3,519914;0,050068;3,621712;-5,265967;-3,178006;6,648992;-6,427198;-5,932495;9,430507;-7,249651;-8,028696;11,59408;-2,370207;0;3,621712;-2,370207;0,05009;11,17456;-1,205291;-0,262931;16,11109;-0,586651;-0,594347;18,72396;-0,097207;-0,997021;20,78398;-0,895299;-0,03505;3,621712;-0,101118;0,01504;11,13133;1,509017;-3,374196;15,33283;2,343288;-5,360638;17,49863;2,992587;-7,117481;19,17403;0,443679;-0,000078;3,621712;1,958848;0,050012;10,3956;1,956898;-4,900703;10,96029;1,443316;-6,934358;9,109569;0,722966;-6,982159;6,670904;1,743431;-0,000171;3,621712;3,958467;0,049919;9,102249;3,988765;-3,889036;9,573995;3,769444;-5,796038;8,907051;3,265424;-7,409759;7,339573;0;0;0;-38,57422;-35,51968;115,5195;-33,18016;-35,51968;115,5196;-32,01139;-35,20573;115,8948;-32,01138;-35,20576;115,8948;-0,379977;0;0;3,498168;13,28635;-0,144987;7,176964;13,2462;0,612197;11,13612;13,06157;1,611481;11,08311;13,10635;1,377317;-0,380045;6,036885;0;37,34587;20,24888;1,013723;40,35406;21,51671;-0,566236;43,69151;22,77381;-1,773878;43,75733;22,62329;-1,603306;-0,413454;12,60826;0;83,34498;12,07381;-1,420641;132,9973;14,03063;-1,435149;179,4039;16,48019;1,696154;179,324;16,47719;1,414312;-0,485496;22,00679;0;82,97962;13,36752;-1,190102;109,8666;15,03487;-1,205827;135,786;18,45009;0,673464;135,7186;18,25212;0,459328;0;0;0;0;0;0;0;0;0;0;0;0;0;0;0;0;0;0;0;0;0;0;0;0;0;0;0;0;0;0;0;0;0;0;0;0;0;0;0;0;0;0;0;0;0;0;0;0;0;0;0;0;0;0;0;0;0;0;0;0;0;0;0;0;0;0;0;0;0;0;0;0;0;0;0;0;0;0;0;0;0;11,06679;-31,94108;-27,76622;20,37137;-59,48468;-51,23019;27,4229;-80,58427;-69,04541;0;0;0;0;0;0;13,43787;-0,033611;-3,175735;20,57656;-0,051297;-4,876255;26,22798;-0,064373;-6,21736;0;0;0;0;0;0;24,15396;0,427812;-8,92639;36,68457;0,651777;-13,56661;46,45183;0,823438;-17,17686;0;0;0;0;0;0;0;0;0;0;0;0;0;0;0;0;0;0;0;0;0;0;0;0;0,885129;-1,288801;3,395676;2,47702;-7,038116;8,821784;13,60353;12,77456;9,428442;11,36005;46,83854;34,97521;5,394086;1,386351;-13,28662;3,628226;3,504702;3,731664;-20,22028;38,89218;3,571441;3,794625;-12,07378;83,49284;49,63891;45,51828;-13,36859;83,17056;26,88293;25,34004;-9,082489;-1,173706;0,002174;0;2,59037;-0,048566;-0,003347;-0,003147;5,208778;-0,932922;0;0;0;0;0;0;0;0;1,75827;1,578712;-523,3063;401,9211;0,130463;-0,508118;21,59842;-0,778484;-0,200844;-0,377655;440,3045;179,7363;-0,197411;0;0;0;0;0;0;0;105,4962;94,72273
100;1666,667;00:00:01:667;0;0;0;-3,519914;0,050068;3,621712;-5,262446;-3,179736;6,649176;-6,420577;-5,935531;9,430689;-7,240647;-8,032698;11,59423;-2,370207;0;3,621712;-2,370207;0,05009;11,17456;-1,218812;-0,262896;16,11427;-0,607356;-0,594293;18,72882;-0,1236;-0,996953;20,79019;-0,895299;-0,03505;3,621712;-0,101118;0,01504;11,13133;1,509597;-3,374185;15,33262;2,344168;-5,360622;17,49831;2,993701;-7,117461;19,17362;0,443679;-0,000078;3,621712;1,958848;0,050012;10,3956;1,956898;-4,900703;10,96029;1,443316;-6,934358;9,109569;0,722966;-6,982159;6,670904;1,743431;-0,000171;3,621712;3,958467;0,049919;9,102249;3,988765;-3,889036;9,573995;3,769444;-5,796038;8,907051;3,265424;-7,409759;7,339573;0;0;0;-38,54972;-35,54217;115,5418;-33,15566;-35,54218;115,5418;-31,98716;-35,22836;115,9174;-31,98715;-35,22837;115,9174;-0,379977;0;0;3,495925;13,13005;-0,154799;7,1726;13,08994;0,601904;11,12896;12,9054;1,600574;11,0766;12,95015;1,366552;-0,380045;6,036885;0;37,34604;20,2564;1,01424;40,35401;21,52424;-0,565794;43,69129;22,78134;-1,773504;43,75713;22,63081;-1,602921;-0,413454;12,60826;0;83,34498;12,07381;-1,420641;132,9973;14,03063;-1,435149;179,4039;16,48019;1,696154;179,324;16,47719;1,414312;-0,485496;22,00679;0;82,97962;13,36752;-1,190102;109,8666;15,03487;-1,205827;135,786;18,45009;0,673464;135,7186;18,25212;0,459328;0;0;0;0;0;0;0,211291;-0,103779;0,011042;0,39728;-0,182167;0,010908;0,540242;-0,240058;0,00903;0;0;0;0;0;0;-0,81129;0,002125;0,190437;-1,242321;0,003224;0,292003;-1,583531;0,004085;0,372648;0;0;0;0;0;0;0,034757;0,000648;-0,012785;0,052795;0,000983;-0,019401;0,066832;0,001207;-0,024587;0;0;0;0;0;0;0;0;0;0;0;0;0;0;0;0;0;0;0;0;0;0;0;0;0;0;0;0;0;0;0;0;0;0;0;0;12,67746;-6,226748;0,662506;23,83679;-10,93;0,654459;32,41449;-14,40346;0,541806;0;0;0;0;0;0;-48,6774;0,127489;11,42621;-74,53925;0,193454;17,52019;-95,01189;0,245087;22,35889;0;0;0;0;0;0;2,085417;0,038892;-0,767112;3,167689;0,059009;-1,164078;4,009902;0,07242;-1,475215;0;0;0;0;0;0;0;0;0;0;0;0;0;0;0;0;0;0;0;0;0;0;0;0;0;0;0;0;0;0;13,59116;12,76819;9,421353;11,35199;46,85211;34,92366;5,39405;1,386351;-13,13034;3,625473;3,504646;3,731664;-20,22777;38,89352;3,571441;3,794573;-12,07378;83,49284;49,63891;45,51828;-13,36859;83,17056;26,88293;25,34004;0,81459;-3,09288;-0,002174;0;9,376544;-0,16521;-0,003347;0;-0,449867;0,080338;0;-0,003104;0;0;0;0;0;0;0;0;593,8247;-115,1504;-0,260925;0;407,1704;-6,998633;0;0,188828;-339,5187;60,79559;0;-0,186253;0;0;0;0;0;0;-105,4962;-94,72273
101;1683,333;00:00:01:683;0;0;0;-3,519914;0,050068;3,621712;-5,249651;-3,189315;6,646278;-6,396572;-5,952769;9,424833;-7,208045;-8,055687;11,58603;-2,370207;0;3,621712;-2,370207;0,05009;11,17456;-1,234447;-0,262852;16,11789;-0,631297;-0,594227;18,73437;-0,154115;-0,996868;20,79727;-0,895299;-0,03505;3,621712;-0,101118;0,01504;11,13133;1,514989;-3,37409;15,33062;2,352357;-5,360477;17,49528;3,00407;-7,117277;19,16979;0,443679;-0,000078;3,621712;1,958848;0,050012;10,3956;1,956898;-4,900703;10,96029;1,443316;-6,934358;9,109569;0,722966;-6,982159;6,670904;1,743431;-0,000171;3,621712;3,958467;0,049919;9,102249;3,988765;-3,889036;9,573995;3,769444;-5,796038;8,907051;3,265424;-7,409759;7,339573;0;0;0;-38,50737;-35,66588;115,6647;-33,1133;-35,66589;115,6647;-31,94598;-35,35231;116,0412;-31,94598;-35,35231;116,0412;-0,379977;0;0;3,493372;12,94944;-0,16612;7,167602;12,90938;0,590034;11,12074;12,72496;1,588006;11,06914;12,76968;1,354145;-0,380045;6,036885;0;37,34772;20,32649;1,019087;40,35363;21,59435;-0,561671;43,68931;22,85143;-1,77001;43,75537;22,7009;-1,599335;-0,413454;12,60826;0;83,34498;12,07381;-1,420641;132,9973;14,03063;-1,435149;179,4039;16,48019;1,696154;179,324;16,47719;1,414312;-0,485496;22,00679;0;82,97962;13,36752;-1,190102;109,8666;15,03487;-1,205827;135,786;18,45009;0,673464;135,7186;18,25212;0,459328;0;0;0;0;0;0;0,767693;-0,574708;-0,173852;1,440257;-1,034304;-0,351325;1,956135;-1,379371;-0,491738;0;0;0;0;0;0;-0,938052;0,002624;0,217259;-1,436423;0,003993;0,33313;-1,830932;0,005046;0,42522;0;0;0;0;0;0;0,323519;0,005722;-0,119716;0,491358;0,008672;-0,181764;0,622161;0,010997;-0,230044;0;0;0;0;0;0;0;0;0;0;0;0;0;0;0;0;0;0;0;0;0;0;0;0;0;0;0;0;0;0;0;0;0;0;0;0;33,38411;-28,25573;-11,09361;62,57861;-51,12826;-21,73394;84,95359;-68,35876;-30,0461;0;0;0;0;0;0;-7,605733;0,029923;1,609326;-11,64615;0,0461;2,467632;-14,844;0,057667;3,154279;0;0;0;0;0;0;17,32573;0,304431;-6,415843;26,31381;0,46134;-9,741781;33,31974;0,587404;-12,32743;0;0;0;0;0;0;0;0;0;0;0;0;0;0;0;0;0;0;0;0;0;0;0;0;0;0;0;0;0;0;13,58057;12,75466;9,392118;11,32004;46,96413;34,76509;5,39405;1,386351;-12,94976;3,622339;3,504702;3,731716;-20,29753;38,90601;3,571441;3,794573;-12,07378;83,49284;49,63891;45,51828;-13,36859;83,17056;26,88293;25,34004;6,721344;-9,514159;0;0;10,83504;-0,188026;0,003347;0,003147;-4,185448;0,749588;0;0;0;0;0;0;0;0;0;0;354,4052;-385,2767;0,130463;0;87,50953;-1,368999;0,401688;0,188828;-224,1348;40,15503;0;0,186253;0;0;0;0;0;0;0;0
102;1700;00:00:01:700;0;0;0;-3,519914;0,050068;3,621712;-5,241265;-3,162257;6,679736;-6,385151;-5,9017;9,483209;-7,194184;-7,986079;11,6632;-2,370207;0;3,621712;-2,370207;0,05009;11,17456;-1,254879;-0,26279;16,12254;-0,662584;-0,594132;18,74151;-0,193995;-0,996749;20,80639;-0,895299;-0,03505;3,621712;-0,101118;0,01504;11,13133;1,504342;-3,374278;15,33456;2,336187;-5,360763;17,50125;2,983595;-7,117639;19,17735;0,443679;-0,000078;3,621712;1,958848;0,050012;10,3956;1,956898;-4,900703;10,96029;1,443316;-6,934358;9,109569;0,722966;-6,982159;6,670904;1,743431;-0,000171;3,621712;3,958467;0,049919;9,102249;3,988765;-3,889036;9,573995;3,769444;-5,796038;8,907051;3,265424;-7,409759;7,339573;0;0;0;-38,01657;-35,32483;115,327;-32,69868;-35,32484;115,327;-31,53024;-35,01348;115,7047;-31,53023;-35,01348;115,7047;-0,379977;0;0;3,490093;12,71362;-0,180878;7,161133;12,67362;0,574572;11,11007;12,48934;1,571647;11,05945;12,53402;1,337993;-0,380045;6,036885;0;37,34441;20,18812;1,009523;40,3544;21,45594;-0,569811;43,69324;22,71307;-1,776908;43,75887;22,56254;-1,606415;-0,413454;12,60826;0;83,34498;12,07381;-1,420641;132,9973;14,03063;-1,435149;179,4039;16,48019;1,696154;179,324;16,47719;1,414312;-0,485496;22,00679;0;82,97962;13,36752;-1,190102;109,8666;15,03487;-1,205827;135,786;18,45009;0,673464;135,7186;18,25212;0,459328;0;0;0;0;0;0;0,503138;1,623474;2,007454;0,68526;3,064178;3,502518;0,831664;4,176467;4,630029;0;0;0;0;0;0;-1,22592;0,003717;0,279218;-1,877222;0,005658;0,428081;-2,392821;0,007158;0,546724;0;0;0;0;0;0;-0,638813;-0,01131;0,235856;-0,970222;-0,017144;0,358164;-1,228496;-0,021681;0,453472;0;0;0;0;0;0;0;0;0;0;0;0;0;0;0;0;0;0;0;0;0;0;0;0;0;0;0;0;0;0;0;0;0;0;0;0;-15,87331;131,8909;130,8784;-45,29982;245,9089;231,2305;-67,46828;333,3503;307,306;0;0;0;0;0;0;-17,27208;0,06563;3,71754;-26,44792;0,099912;5,697013;-33,71335;0,126734;7,290241;0;0;0;0;0;0;-57,73991;-1,021921;21,33429;-87,69481;-1,548975;32,39571;-111,0394;-1,960695;41,01097;0;0;0;0;0;0;0;0;0;0;0;0;0;0;0;0;0;0;0;0;0;0;0;0;0;0;0;0;0;0;13,47038;12,68084;9,413403;11,33267;46,40965;34,37504;5,317877;1,386492;-12,71394;3,618174;3,504702;3,731664;-20,15981;38,88139;3,571387;3,794573;-12,07378;83,49284;49,63891;45,51828;-13,36859;83,17056;26,88293;25,34004;-33,26935;-23,40317;-4,57037;0,008476;14,1493;-0,249882;0;-0,003147;8,263321;-1,477432;-0,00329;0;0;0;0;0;0;0;0;0;-2399,441;-833,3403;-274,2222;0,508547;198,856;-3,711319;-0,200844;-0,377655;746,9261;-133,6212;-0,197411;0;0;0;0;0;0;0;0;0
103;1716,667;00:00:01:717;0;0;0;-3,519914;0,050068;3,621712;-5,241265;-3,162257;6,679736;-6,385151;-5,9017;9,483209;-7,194184;-7,986079;11,6632;-2,370207;0;3,621712;-2,370207;0,05009;11,17456;-1,254879;-0,26279;16,12254;-0,662584;-0,594132;18,74151;-0,193995;-0,996749;20,80639;-0,895299;-0,03505;3,621712;-0,101118;0,01504;11,13133;1,504342;-3,374278;15,33456;2,336187;-5,360763;17,50125;2,983595;-7,117639;19,17735;0,443679;-0,000078;3,621712;1,958848;0,050012;10,3956;1,956898;-4,900703;10,96029;1,443316;-6,934358;9,109569;0,722966;-6,982159;6,670904;1,743431;-0,000171;3,621712;3,958467;0,049919;9,102249;3,988765;-3,889036;9,573995;3,769444;-5,796038;8,907051;3,265424;-7,409759;7,339573;0;0;0;-38,01657;-35,32483;115,327;-32,69868;-35,32484;115,327;-31,53024;-35,01348;115,7047;-31,53023;-35,01348;115,7047;-0,379977;0;0;3,490093;12,71362;-0,180878;7,161133;12,67362;0,574572;11,11007;12,48934;1,571647;11,05945;12,53402;1,337993;-0,380045;6,036885;0;37,34441;20,18812;1,009523;40,3544;21,45594;-0,569811;43,69324;22,71307;-1,776908;43,75887;22,56254;-1,606415;-0,413454;12,60826;0;83,34498;12,07381;-1,420641;132,9973;14,03063;-1,435149;179,4039;16,48019;1,696154;179,324;16,47719;1,414312;-0,485496;22,00679;0;82,97962;13,36752;-1,190102;109,8666;15,03487;-1,205827;135,786;18,45009;0,673464;135,7186;18,25212;0,459328;0;0;0;0;0;0;0;0;0;0;0;0;0;0;0;0;0;0;0;0;0;0;0;0;0;0;0;0;0;0;0;0;0;0;0;0;0;0;0;0;0;0;0;0;0;0;0;0;0;0;0;0;0;0;0;0;0;0;0;0;0;0;0;0;0;0;0;0;0;0;0;0;0;0;0;0;0;0;0;0;0;-30,18826;-97,40844;-120,4473;-41,11558;-183,8507;-210,1511;-49,89981;-250,588;-277,8017;0;0;0;0;0;0;73,55521;-0,223042;-16,75307;112,6333;-0,339467;-25,68483;143,5692;-0,429489;-32,80341;0;0;0;0;0;0;38,32876;0,678599;-14,15133;58,21332;1,028627;-21,48985;73,70978;1,300871;-27,20832;0;0;0;0;0;0;0;0;0;0;0;0;0;0;0;0;0;0;0;0;0;0;0;0;0;0;0;0;0;0;13,47038;12,68084;9,413403;11,33267;46,40965;34,37504;5,317877;1,386492;-12,71394;3,618174;3,504702;3,731664;-20,15981;38,88139;3,571387;3,794573;-12,07378;83,49284;49,63891;45,51828;-13,36859;83,17056;26,88293;25,34004;-33,26935;-23,40317;-4,57037;0,008476;14,1493;-0,249882;0;-0,003147;8,263321;-1,477432;-0,00329;0;0;0;0;0;0;0;0;0;-2399,441;-833,3403;-274,2222;0,508547;198,856;-3,711319;-0,200844;-0,377655;746,9261;-133,6212;-0,197411;0;0;0;0;0;0;0;0;0
104;1733,333;00:00:01:733;0;0;0;-3,519914;0,050068;3,621712;-5,228694;-3,178566;6,669594;-6,361686;-5,931631;9,464132;-7,162389;-8,026357;11,63727;-2,370207;0;3,621712;-2,370207;0,05009;11,17456;-1,259645;-0,262775;16,12362;-0,669883;-0,594109;18,74315;-0,2033;-0,99672;20,80849;-0,895299;-0,03505;3,621712;-0,101118;0,01504;11,13133;1,510107;-3,374177;15,33243;2,344943;-5,360609;17,49802;2,994683;-7,117444;19,17326;0,443679;-0,000078;3,621712;1,958848;0,050012;10,3956;1,956898;-4,900703;10,96029;1,443316;-6,934358;9,109569;0,722966;-6,982159;6,670904;1,743431;-0,000171;3,621712;3,958467;0,049919;9,102249;3,988765;-3,889036;9,573995;3,769444;-5,796038;8,907051;3,265424;-7,409759;7,339573;0;0;0;-38,06976;-35,53385;115,5336;-32,75189;-35,53386;115,5336;-31,58491;-35,22222;115,9118;-31,5849;-35,22222;115,9118;-0,379977;0;0;3,48934;12,65863;-0,184315;7,159636;12,61865;0,570973;11,10759;12,4344;1,567842;11,05721;12,47907;1,334236;-0,380045;6,036885;0;37,3462;20,26303;1,014699;40,35398;21,53088;-0,565403;43,6911;22,78797;-1,773174;43,75697;22,63744;-1,602581;-0,413454;12,60826;0;83,34498;12,07381;-1,420641;132,9973;14,03063;-1,435149;179,4039;16,48019;1,696154;179,324;16,47719;1,414312;-0,485496;22,00679;0;82,97962;13,36752;-1,190102;109,8666;15,03487;-1,205827;135,786;18,45009;0,673464;135,7186;18,25212;0,459328;0;0;0;0;0;0;0,754304;-0,978559;-0,608504;1,407936;-1,795895;-1,144588;1,907676;-2,41667;-1,555771;0;0;0;0;0;0;-0,286002;0,000905;0,064373;-0,43796;0,001377;0,098795;-0,558246;0,001755;0,125974;0;0;0;0;0;0;0,345904;0,006102;-0,127494;0,525355;0,009231;-0,193566;0,665233;0,011712;-0,245243;0;0;0;0;0;0;0;0;0;0;0;0;0;0;0;0;0;0;0;0;0;0;0;0;0;0;0;0;0;0;0;0;0;0;0;0;45,25825;-58,71355;-36,51022;84,47616;-107,7537;-68,67527;114,4606;-145,0002;-93,34623;0;0;0;0;0;0;-17,1601;0,054315;3,862381;-26,2776;0,082646;5,927681;-33,49475;0,105277;7,558464;0;0;0;0;0;0;20,75426;0,366122;-7,649659;31,52132;0,553876;-11,61396;39,91395;0,702739;-14,7146;0;0;0;0;0;0;0;0;0;0;0;0;0;0;0;0;0;0;0;0;0;0;0;0;0;0;0;0;0;0;13,4891;12,68004;9,377312;11,29556;46,64954;34,27696;5,317877;1,38621;-12,65895;3,617254;3,504758;3,731664;-20,23437;38,89469;3,571441;3,794625;-12,07378;83,49284;49,63891;45,51828;-13,36859;83,17056;26,88293;25,34004;14,39392;-5,884552;0;-0,016944;3,29916;-0,055189;0,003347;0;-4,473839;0,79834;0,00329;0,003104;0;0;0;0;0;0;0;0;2859,796;1051,117;274,2222;-1,525211;-651,0085;11,68156;0,200844;0,188828;-764,2296;136,5463;0,394821;0,186253;0;0;0;0;0;0;0;0
105;1750;00:00:01:750;0;0;0;-3,519914;0,050068;3,621712;-5,215074;-3,158104;6,698668;-6,335655;-5,892273;9,516664;-7,126722;-7,972281;11,7074;-2,370207;0;3,621712;-2,370207;0,05009;11,17456;-1,273066;-0,262731;16,12661;-0,690434;-0,594042;18,74775;-0,229495;-0,996634;20,81435;-0,895299;-0,03505;3,621712;-0,101118;0,01504;11,13133;1,508137;-3,374212;15,33316;2,341951;-5,360662;17,49913;2,990894;-7,117511;19,17466;0,443679;-0,000078;3,621712;1,958848;0,050012;10,3956;1,956898;-4,900703;10,96029;1,443316;-6,934358;9,109569;0,722966;-6,982159;6,670904;1,743431;-0,000171;3,621712;3,958467;0,049919;9,102249;3,988765;-3,889036;9,573995;3,769444;-5,796038;8,907051;3,265424;-7,409759;7,339573;0;0;0;-37,60256;-35,2791;115,282;-32,28468;-35,27911;115,2821;-31,11743;-34,96999;115,6622;-31,11743;-34,96999;115,6622;-0,379977;0;0;3,487233;12,50388;-0,193981;7,155442;12,46394;0,560855;11,10065;12,27978;1,557148;11,0509;12,32443;1,323676;-0,380045;6,036885;0;37,3456;20,23744;1,012931;40,35413;21,50527;-0,566909;43,69184;22,76238;-1,774447;43,75763;22,61185;-1,60389;-0,413454;12,60826;0;83,34498;12,07381;-1,420641;132,9973;14,03063;-1,435149;179,4039;16,48019;1,696154;179,324;16,47719;1,414312;-0,485496;22,00679;0;82,97962;13,36752;-1,190102;109,8666;15,03487;-1,205827;135,786;18,45009;0,673464;135,7186;18,25212;0,459328;0;0;0;0;0;0;0,81718;1,227736;1,744419;1,56185;2,361484;3,151908;2,140045;3,244579;4,207625;0;0;0;0;0;0;-0,805255;0,002663;0,179708;-1,233078;0,004051;0,275642;-1,571741;0,00513;0,351816;0;0;0;0;0;0;-0,118185;-0,002101;0,043631;-0,179485;-0,003196;0,066251;-0,227317;-0,004068;0,083864;0;0;0;0;0;0;0;0;0;0;0;0;0;0;0;0;0;0;0;0;0;0;0;0;0;0;0;0;0;0;0;0;0;0;0;0;3,77253;132,3777;141,1754;9,234845;249,4427;257,7898;13,94212;339,6749;345,8038;0;0;0;0;0;0;-31,1552;0,105444;6,920099;-47,7071;0,16043;10,61082;-60,8097;0,202507;13,55052;0;0;0;0;0;0;-27,84535;-0,492185;10,26749;-42,29038;-0,745654;15,589;-53,55298;-0,94682;19,74642;0;0;0;0;0;0;0;0;0;0;0;0;0;0;0;0;0;0;0;0;0;0;0;0;0;0;0;0;0;0;13,38536;12,60384;9,378924;11,28676;46,19599;33,85131;5,317914;1,386633;-12,50421;3,614547;3,504702;3,731664;-20,20889;38,89013;3,571387;3,794625;-12,07378;83,49284;49,63891;45,51828;-13,36859;83,17056;26,88293;25,34004;-27,21313;-25,53886;0,002203;0,025406;9,284476;-0,162449;-0,003347;0;1,528931;-0,273514;-0,00329;0;0;0;0;0;0;0;0;0;-2496,423;-1179,259;0,132179;2,541017;359,119;-6,435584;-0,401688;0;360,1661;-64,31121;-0,394821;-0,186253;0;0;0;0;0;0;0;0
106;1766,667;00:00:01:767;0;0;0;-3,519914;0,050068;3,621712;-5,213348;-3,139137;6,719266;-6,336965;-5,856931;9,551856;-7,130301;-7,92437;11,75364;-2,370207;0;3,621712;-2,370207;0,05009;11,17456;-1,260072;-0,262774;16,12371;-0,670536;-0,594107;18,7433;-0,204132;-0,996717;20,80867;-0,895299;-0,03505;3,621712;-0,101118;0,01504;11,13133;1,499771;-3,374359;15,33623;2,329245;-5,360886;17,5038;2,974805;-7,117795;19,18057;0,443679;-0,000078;3,621712;1,958848;0,050012;10,3956;1,956898;-4,900703;10,96029;1,443316;-6,934358;9,109569;0,722966;-6,982159;6,670904;1,743431;-0,000171;3,621712;3,958467;0,049919;9,102249;3,988765;-3,889036;9,573995;3,769444;-5,796038;8,907051;3,265424;-7,409759;7,339573;0;0;0;-37,32233;-35,04121;115,0491;-32,08064;-35,04123;115,0491;-30,91225;-34,73322;115,4295;-30,91223;-34,73322;115,4295;-0,379977;0;0;3,489272;12,65371;-0,184622;7,159501;12,61373;0,570651;11,10737;12,42949;1,567501;11,057;12,47416;1,3339;-0,380045;6,036885;0;37,34301;20,12876;1,005424;40,35472;21,39656;-0,573302;43,69493;22,6537;-1,779868;43,76036;22,50317;-1,609451;-0,413454;12,60826;0;83,34498;12,07381;-1,420641;132,9973;14,03063;-1,435149;179,4039;16,48019;1,696154;179,324;16,47719;1,414312;-0,485496;22,00679;0;82,97962;13,36752;-1,190102;109,8666;15,03487;-1,205827;135,786;18,45009;0,673464;135,7186;18,25212;0,459328;0;0;0;0;0;0;0,103578;1,138016;1,235917;-0,078589;2,120532;2,111524;-0,214756;2,874657;2,774477;0;0;0;0;0;0;0,779673;-0,002576;-0,173986;1,193907;-0,00392;-0,26679;1,521818;-0,004968;-0,340551;0;0;0;0;0;0;-0,501975;-0,008851;0,184536;-0,762396;-0,013411;0,280291;-0,965349;-0,016987;0,355035;0;0;0;0;0;0;0;0;0;0;0;0;0;0;0;0;0;0;0;0;0;0;0;0;0;0;0;0;0;0;0;0;0;0;0;0;-42,8161;-5,383193;-30,51013;-98,42632;-14,4571;-62,42306;-141,288;-22,19529;-85,98892;0;0;0;0;0;0;95,0957;-0,314321;-21,22163;145,6191;-0,478271;-32,54592;185,6136;-0,605844;-41,54205;0;0;0;0;0;0;-23,02743;-0,405014;8,454321;-34,97466;-0,612885;12,84241;-44,28192;-0,775158;16,27028;0;0;0;0;0;0;0;0;0;0;0;0;0;0;0;0;0;0;0;0;0;0;0;0;0;0;0;0;0;0;13,34008;12,56675;9,401902;11,30575;45,83521;33,66546;5,241647;1,386351;-12,65404;3,617146;3,504758;3,731611;-20,10071;38,87086;3,571441;3,794676;-12,07378;83,49284;49,63891;45,51828;-13,36859;83,17056;26,88293;25,34004;-21,64673;-11,15135;-4,576005;-0,016937;-8,989849;0,15594;0,003347;-0,003147;6,490974;-1,156311;0,00329;0,00309;0;0;0;0;0;0;0;0;333,9843;863,2506;-274,6925;-2,540588;-1096,459;19,10333;0,401688;-0,188828;297,7226;-52,96782;0,394821;0,185394;0;0;0;0;0;0;0;0
107;1783,333;00:00:01:783;0;0;0;-3,519914;0,050068;3,621712;-5,213348;-3,139137;6,719266;-6,336965;-5,856931;9,551856;-7,130301;-7,92437;11,75364;-2,370207;0;3,621712;-2,370207;0,05009;11,17456;-1,260072;-0,262774;16,12371;-0,670536;-0,594107;18,7433;-0,204132;-0,996717;20,80867;-0,895299;-0,03505;3,621712;-0,101118;0,01504;11,13133;1,499771;-3,374359;15,33623;2,329245;-5,360886;17,5038;2,974805;-7,117795;19,18057;0,443679;-0,000078;3,621712;1,958848;0,050012;10,3956;1,956898;-4,900703;10,96029;1,443316;-6,934358;9,109569;0,722966;-6,982159;6,670904;1,743431;-0,000171;3,621712;3,958467;0,049919;9,102249;3,988765;-3,889036;9,573995;3,769444;-5,796038;8,907051;3,265424;-7,409759;7,339573;0;0;0;-37,32233;-35,04121;115,0491;-32,08064;-35,04123;115,0491;-30,91225;-34,73322;115,4295;-30,91223;-34,73322;115,4295;-0,379977;0;0;3,489272;12,65371;-0,184622;7,159501;12,61373;0,570651;11,10737;12,42949;1,567501;11,057;12,47416;1,3339;-0,380045;6,036885;0;37,34301;20,12876;1,005424;40,35472;21,39656;-0,573302;43,69493;22,6537;-1,779868;43,76036;22,50317;-1,609451;-0,413454;12,60826;0;83,34498;12,07381;-1,420641;132,9973;14,03063;-1,435149;179,4039;16,48019;1,696154;179,324;16,47719;1,414312;-0,485496;22,00679;0;82,97962;13,36752;-1,190102;109,8666;15,03487;-1,205827;135,786;18,45009;0,673464;135,7186;18,25212;0,459328;0;0;0;0;0;0;0;0;0;0;0;0;0;0;0;0;0;0;0;0;0;0;0;0;0;0;0;0;0;0;0;0;0;0;0;0;0;0;0;0;0;0;0;0;0;0;0;0;0;0;0;0;0;0;0;0;0;0;0;0;0;0;0;0;0;0;0;0;0;0;0;0;0;0;0;0;0;0;0;0;0;-6,214678;-68,28098;-74,15502;4,715322;-127,2319;-126,6915;12,88533;-172,4794;-166,4686;0;0;0;0;0;0;-46,7804;0,154562;10,43916;-71,63441;0,235196;16,00742;-91,30909;0,29806;20,43307;0;0;0;0;0;0;30,11852;0,531077;-11,07216;45,74373;0,804663;-16,81745;57,92096;1,019239;-21,3021;0;0;0;0;0;0;0;0;0;0;0;0;0;0;0;0;0;0;0;0;0;0;0;0;0;0;0;0;0;0;13,34008;12,56675;9,401902;11,30575;45,83521;33,66546;5,241647;1,386351;-12,65404;3,617146;3,504758;3,731611;-20,10071;38,87086;3,571441;3,794676;-12,07378;83,49284;49,63891;45,51828;-13,36859;83,17056;26,88293;25,34004;-21,64673;-11,15135;-4,576005;-0,016937;-8,989849;0,15594;0,003347;-0,003147;6,490974;-1,156311;0,00329;0,00309;0;0;0;0;0;0;0;0;333,9843;863,2506;-274,6925;-2,540588;-1096,459;19,10333;0,401688;-0,188828;297,7226;-52,96782;0,394821;0,185394;0;0;0;0;0;0;0;0
108;1800;00:00:01:800;0;0;0;-3,519914;0,050068;3,621712;-5,201628;-3,107674;6,757648;-6,319247;-5,79754;9,619122;-7,107851;-7,843402;11,84265;-2,370207;0;3,621712;-2,370207;0,05009;11,17456;-1,286215;-0,262685;16,12951;-0,710569;-0,593972;18,75219;-0,25516;-0,996546;20,82002;-0,895299;-0,03505;3,621712;-0,101118;0,01504;11,13133;1,481805;-3,374671;15,34278;2,301958;-5,361361;17,51374;2,940253;-7,118396;19,19316;0,443679;-0,000078;3,621712;1,958848;0,050012;10,3956;1,956898;-4,900703;10,96029;1,443316;-6,934358;9,109569;0,722966;-6,982159;6,670904;1,743431;-0,000171;3,621712;3,958467;0,049919;9,102249;3,988765;-3,889036;9,573995;3,769444;-5,796038;8,907051;3,265424;-7,409759;7,339573;0;0;0;-36,7466;-34,65172;114,6715;-31,58111;-34,65174;114,6715;-30,41142;-34,34645;115,0534;-30,41142;-34,34646;115,0534;-0,379977;0;0;3,4852;12,35235;-0,203433;7,151366;12,31245;0,550966;11,09388;12,12839;1,546703;11,04477;12,17301;1,313359;-0,380045;6,036885;0;37,33751;19,89562;0,989358;40,35608;21,16338;-0,586997;43,7016;22,42059;-1,791497;43,76628;22,27004;-1,621385;-0,413454;12,60826;0;83,34498;12,07381;-1,420641;132,9973;14,03063;-1,435149;179,4039;16,48019;1,696154;179,324;16,47719;1,414312;-0,485496;22,00679;0;82,97962;13,36752;-1,190102;109,8666;15,03487;-1,205827;135,786;18,45009;0,673464;135,7186;18,25212;0,459328;0;0;0;0;0;0;0,703186;1,887772;2,3029;1,063049;3,563449;4,03592;1,347005;4,858061;5,340725;0;0;0;0;0;0;-1,568601;0,00531;0,347883;-2,401974;0,008083;0,533402;-3,061708;0,010243;0,681013;0;0;0;0;0;0;-1,077957;-0,018753;0,392675;-1,637198;-0,028498;0,596344;-2,073079;-0,036076;0,755042;0;0;0;0;0;0;0;0;0;0;0;0;0;0;0;0;0;0;0;0;0;0;0;0;0;0;0;0;0;0;0;0;0;0;0;0;42,19114;113,2663;138,174;63,78292;213,8069;242,1552;80,82031;291,4837;320,4435;0;0;0;0;0;0;-94,11603;0,318596;20,87295;-144,1184;0,484977;32,00412;-183,7025;0,614561;40,86077;0;0;0;0;0;0;-64,67744;-1,125186;23,56052;-98,23187;-1,709908;35,78066;-124,3848;-2,164542;45,30251;0;0;0;0;0;0;0;0;0;0;0;0;0;0;0;0;0;0;0;0;0;0;0;0;0;0;0;0;0;0;13,20727;12,47077;9,423927;11,31683;45,19851;33,20341;5,165509;1,386351;-12,35271;3,611945;3,504646;3,731664;-19,86864;38,82993;3,571441;3,794573;-12,07378;83,49284;49,63891;45,51828;-13,36859;83,17056;26,88293;25,34004;-38,20198;-27,72262;-4,568281;0;18,08023;-0,312023;-0,006695;0,003147;13,92391;-2,456131;0;-0,006194;0;0;0;0;0;0;0;0;-993,3149;-994,2763;0,463457;1,016235;1624,205;-28,07779;-0,602531;0,377655;445,9762;-77,98919;-0,197411;-0,557041;0;0;0;0;0;0;0;0
109;1816,667;00:00:01:817;0;0;0;-3,519914;0,050068;3,621712;-5,185775;-3,116638;6,75707;-6,294373;-5,813932;9,615059;-7,076063;-7,865394;11,83587;-2,370207;0;3,621712;-2,370207;0,05009;11,17456;-1,290495;-0,26267;16,13044;-0,717122;-0,593949;18,75363;-0,263513;-0,996517;20,82185;-0,895299;-0,03505;3,621712;-0,101118;0,01504;11,13133;1,486321;-3,374594;15,34114;2,308818;-5,361243;17,51125;2,94894;-7,118247;19,19001;0,443679;-0,000078;3,621712;1,958848;0,050012;10,3956;1,956898;-4,900703;10,96029;1,443316;-6,934358;9,109569;0,722966;-6,982159;6,670904;1,743431;-0,000171;3,621712;3,958467;0,049919;9,102249;3,988765;-3,889036;9,573995;3,769444;-5,796038;8,907051;3,265424;-7,409759;7,339573;0;0;0;-36,65134;-34,76945;114,7851;-31,56204;-34,76946;114,7852;-30,39335;-34,4643;115,1677;-30,39336;-34,46428;115,1677;-0,379977;0;0;3,484543;12,30305;-0,206506;7,150043;12,26316;0,547752;11,09168;12,07913;1,543309;11,04278;12,12374;1,310007;-0,380045;6,036885;0;37,33888;19,9542;0,99339;40,35573;21,22197;-0,583556;43,69992;22,47917;-1,788573;43,76478;22,32862;-1,618385;-0,413454;12,60826;0;83,34498;12,07381;-1,420641;132,9973;14,03063;-1,435149;179,4039;16,48019;1,696154;179,324;16,47719;1,414312;-0,485496;22,00679;0;82,97962;13,36752;-1,190102;109,8666;15,03487;-1,205827;135,786;18,45009;0,673464;135,7186;18,25212;0,459328;0;0;0;0;0;0;0,951201;-0,537828;-0,03469;1,49247;-0,983544;-0,243768;1,907274;-1,319513;-0,406891;0;0;0;0;0;0;-0,256777;0,000923;0,056148;-0,393201;0,001403;0,086099;-0,501182;0,001777;0,109881;0;0;0;0;0;0;0,270993;0,004672;-0,098169;0,411585;0,007108;-0,14922;0,521176;0,008941;-0,188828;0;0;0;0;0;0;0;0;0;0;0;0;0;0;0;0;0;0;0;0;0;0;0;0;0;0;0;0;0;0;0;0;0;0;0;0;14,88089;-145,536;-140,2554;25,7653;-272,8195;-256,7813;33,61612;-370,6544;-344,8569;0;0;0;0;0;0;78,70942;-0,263192;-17,50409;120,5264;-0,400823;-26,83818;153,6315;-0,507943;-34,26789;0;0;0;0;0;0;80,93699;1,405477;-29,45065;122,927;2,136379;-44,73388;155,6553;2,700984;-56,63216;0;0;0;0;0;0;0;0;0;0;0;0;0;0;0;0;0;0;0;0;0;0;0;0;0;0;0;0;0;0;13,2038;12,45561;9,395842;11,28586;45,28499;32,98236;5,089274;1,38621;-12,30341;3,611078;3,504646;3,731664;-19,92695;38,84015;3,571441;3,794625;-12,07378;83,49284;49,63891;45,51828;-13,36859;83,17056;26,88293;25,34004;5,188522;-13,26301;-4,57406;-0,008469;2,957783;-0,052042;0;0;-3,498573;0,613632;0;0,003104;0;0;0;0;0;0;0;0;2603,43;867,5765;-0,346727;-0,508118;-907,347;15,59887;0,401688;-0,188828;-1045,349;184,1858;0;0,557899;0;0;0;0;0;0;0;0
110;1833,333;00:00:01:833;0;0;0;-3,519914;0,050068;3,621712;-5,181297;-3,114253;6,76185;-6,285896;-5,809194;9,623604;-7,064498;-7,858793;11,84722;-2,370207;0;3,621712;-2,370207;0,05009;11,17456;-1,292586;-0,262662;16,1309;-0,720325;-0,593938;18,75433;-0,267595;-0,996502;20,82275;-0,895299;-0,03505;3,621712;-0,101118;0,01504;11,13133;1,483849;-3,374637;15,34204;2,305063;-5,361308;17,51262;2,944184;-7,11833;19,19174;0,443679;-0,000078;3,621712;1,958848;0,050012;10,3956;1,956898;-4,900703;10,96029;1,443316;-6,934358;9,109569;0,722966;-6,982159;6,670904;1,743431;-0,000171;3,621712;3,958467;0,049919;9,102249;3,988765;-3,889036;9,573995;3,769444;-5,796038;8,907051;3,265424;-7,409759;7,339573;0;0;0;-36,55995;-34,7415;114,7581;-31,47064;-34,74152;114,7581;-30,30208;-34,43684;115,1411;-30,30208;-34,43684;115,1411;-0,379977;0;0;3,484223;12,27896;-0,208008;7,149402;12,23908;0,546182;11,09062;12,05506;1,541653;11,04181;12,09967;1,30837;-0,380045;6,036885;0;37,33813;19,92213;0,991182;40,35592;21,18989;-0,585441;43,70084;22,44709;-1,790174;43,76561;22,29655;-1,620025;-0,413454;12,60826;0;83,34498;12,07381;-1,420641;132,9973;14,03063;-1,435149;179,4039;16,48019;1,696154;179,324;16,47719;1,414312;-0,485496;22,00679;0;82,97962;13,36752;-1,190102;109,8666;15,03487;-1,205827;135,786;18,45009;0,673464;135,7186;18,25212;0,459328;0;0;0;0;0;0;0,268668;0,143096;0,286818;0,508592;0,284292;0,512704;0,693887;0,396073;0,680879;0;0;0;0;0;0;-0,125483;0,000451;0,027359;-0,192158;0,00069;0,041932;-0,24493;0,000872;0,053555;0;0;0;0;0;0;-0,148371;-0,002593;0,053823;-0,225328;-0,003934;0,081807;-0,285342;-0,004962;0,103533;0;0;0;0;0;0;0;0;0;0;0;0;0;0;0;0;0;0;0;0;0;0;0;0;0;0;0;0;0;0;0;0;0;0;0;0;-40,95196;40,8554;19,29044;-59,03273;76,07011;45,38833;-72,80318;102,9351;65,26619;0;0;0;0;0;0;7,877647;-0,028331;-1,727342;12,06256;-0,042748;-2,650022;15,37509;-0,054315;-3,379583;0;0;0;0;0;0;-25,1618;-0,435859;9,11951;-38,21477;-0,662506;13,86165;-48,39106;-0,834167;17,54165;0;0;0;0;0;0;0;0;0;0;0;0;0;0;0;0;0;0;0;0;0;0;0;0;0;0;0;0;0;0;13,18518;12,4364;9,391875;11,27953;45,21978;32,88243;5,089235;1,38621;-12,27931;3,610644;3,504702;3,731664;-19,89502;38,83455;3,571496;3,794676;-12,07378;83,49284;49,63891;45,51828;-13,36859;83,17056;26,88293;25,34004;-3,912506;-5,996246;-0,002346;0;1,445732;-0,026021;0,003347;0;1,915741;-0,336227;0,00329;0,00309;0;0;0;0;0;0;0;0;-546,0616;436,0061;274,3028;0,508118;-90,72302;1,56126;0,200844;0;324,8588;-56,99157;0,197411;-0,000858;0;0;0;0;0;0;0;0
111;1850;00:00:01:850;0;0;0;-3,519914;0,050068;3,621712;-5,181297;-3,114253;6,76185;-6,285896;-5,809194;9,623604;-7,064498;-7,858793;11,84722;-2,370207;0;3,621712;-2,370207;0,05009;11,17456;-1,292586;-0,262662;16,1309;-0,720325;-0,593938;18,75433;-0,267595;-0,996502;20,82275;-0,895299;-0,03505;3,621712;-0,101118;0,01504;11,13133;1,483849;-3,374637;15,34204;2,305063;-5,361308;17,51262;2,944184;-7,11833;19,19174;0,443679;-0,000078;3,621712;1,958848;0,050012;10,3956;1,956898;-4,900703;10,96029;1,443316;-6,934358;9,109569;0,722966;-6,982159;6,670904;1,743431;-0,000171;3,621712;3,958467;0,049919;9,102249;3,988765;-3,889036;9,573995;3,769444;-5,796038;8,907051;3,265424;-7,409759;7,339573;0;0;0;-36,55995;-34,7415;114,7581;-31,47064;-34,74152;114,7581;-30,30208;-34,43684;115,1411;-30,30208;-34,43684;115,1411;-0,379977;0;0;3,484223;12,27896;-0,208008;7,149402;12,23908;0,546182;11,09062;12,05506;1,541653;11,04181;12,09967;1,30837;-0,380045;6,036885;0;37,33813;19,92213;0,991182;40,35592;21,18989;-0,585441;43,70084;22,44709;-1,790174;43,76561;22,29655;-1,620025;-0,413454;12,60826;0;83,34498;12,07381;-1,420641;132,9973;14,03063;-1,435149;179,4039;16,48019;1,696154;179,324;16,47719;1,414312;-0,485496;22,00679;0;82,97962;13,36752;-1,190102;109,8666;15,03487;-1,205827;135,786;18,45009;0,673464;135,7186;18,25212;0,459328;0;0;0;0;0;0;0;0;0;0;0;0;0;0;0;0;0;0;0;0;0;0;0;0;0;0;0;0;0;0;0;0;0;0;0;0;0;0;0;0;0;0;0;0;0;0;0;0;0;0;0;0;0;0;0;0;0;0;0;0;0;0;0;0;0;0;0;0;0;0;0;0;0;0;0;0;0;0;0;0;0;-16,12007;-8,58575;-17,20905;-30,51549;-17,0575;-30,76225;-41,63324;-23,76437;-40,85272;0;0;0;0;0;0;7,52896;-0,027074;-1,641512;11,52947;-0,041407;-2,515912;14,69582;-0,052303;-3,213286;0;0;0;0;0;0;8,90225;0,155568;-3,22938;13,51967;0,236034;-4,908442;17,12054;0,297725;-6,211996;0;0;0;0;0;0;0;0;0;0;0;0;0;0;0;0;0;0;0;0;0;0;0;0;0;0;0;0;0;0;13,18518;12,4364;9,391875;11,27953;45,21978;32,88243;5,089235;1,38621;-12,27931;3,610644;3,504702;3,731664;-19,89502;38,83455;3,571496;3,794676;-12,07378;83,49284;49,63891;45,51828;-13,36859;83,17056;26,88293;25,34004;-3,912506;-5,996246;-0,002346;0;1,445732;-0,026021;0,003347;0;1,915741;-0,336227;0,00329;0,00309;0;0;0;0;0;0;0;0;-546,0616;436,0061;274,3028;0,508118;-90,72302;1,56126;0,200844;0;324,8588;-56,99157;0,197411;-0,000858;0;0;0;0;0;0;0;0
112;1866,667;00:00:01:867;0;0;0;-3,519914;0,050068;3,621712;-5,182413;-3,099955;6,775606;-6,287786;-5,782398;9,648779;-7,066932;-7,822389;11,88102;-2,370207;0;3,621712;-2,370207;0,05009;11,17456;-1,288174;-0,262678;16,12994;-0,713569;-0,593962;18,75285;-0,258984;-0,996533;20,82086;-0,895299;-0,03505;3,621712;-0,101118;0,01504;11,13133;1,465408;-3,374953;15,34868;2,277054;-5,361787;17,5227;2,908719;-7,118936;19,20451;0,443679;-0,000078;3,621712;1,958848;0,050012;10,3956;1,956898;-4,900703;10,96029;1,443316;-6,934358;9,109569;0,722966;-6,982159;6,670904;1,743431;-0,000171;3,621712;3,958467;0,049919;9,102249;3,988765;-3,889036;9,573995;3,769444;-5,796038;8,907051;3,265424;-7,409759;7,339573;0;0;0;-36,38802;-34,56308;114,5862;-31,2987;-34,5631;114,5862;-30,12932;-34,25938;114,9695;-30,12933;-34,25938;114,9695;-0,379977;0;0;3,484898;12,32978;-0,204841;7,150758;12,28988;0,549494;11,09287;12,10584;1,545149;11,04386;12,15045;1,311824;-0,380045;6,036885;0;37,33255;19,68314;0,974753;40,35734;20,95085;-0,599469;43,7077;22,20814;-1,802105;43,77169;22,05757;-1,632269;-0,413454;12,60826;0;83,34498;12,07381;-1,420641;132,9973;14,03063;-1,435149;179,4039;16,48019;1,696154;179,324;16,47719;1,414312;-0,485496;22,00679;0;82,97962;13,36752;-1,190102;109,8666;15,03487;-1,205827;135,786;18,45009;0,673464;135,7186;18,25212;0,459328;0;0;0;0;0;0;-0,066943;0,85786;0,825316;-0,113368;1,607761;1,510531;-0,146002;2,184212;2,028197;0;0;0;0;0;0;0,264695;-0,000954;-0,057757;0,405338;-0,00145;-0,088513;0,516649;-0,001838;-0,1131;0;0;0;0;0;0;-1,106456;-0,018932;0,398397;-1,680493;-0,028744;0,605196;-2,127908;-0,036389;0,766307;0;0;0;0;0;0;0;0;0;0;0;0;0;0;0;0;0;0;0;0;0;0;0;0;0;0;0;0;0;0;0;0;0;0;0;0;-4,016608;51,47159;49,51894;-6,802081;96,46564;90,63183;-8,760093;131,0527;121,6918;0;0;0;0;0;0;15,88169;-0,057248;-3,465414;24,32026;-0,087004;-5,310773;30,99896;-0,110306;-6,785988;0;0;0;0;0;0;-66,38734;-1,135915;23,90384;-100,8296;-1,72466;36,31174;-127,6745;-2,183318;45,97842;0;0;0;0;0;0;0;0;0;0;0;0;0;0;0;0;0;0;0;0;0;0;0;0;0;0;0;0;0;0;13,14767;12,39524;9,409241;11,29392;44,96482;32,79489;5,089351;1,386351;-12,33013;3,611512;3,504702;3,731664;-19,6571;38,79305;3,571441;3,794522;-12,07378;83,49284;49,63891;45,51828;-13,36859;83,17056;26,88293;25,34004;-15,29755;-5,252151;0,006952;0,008469;-3,048935;0,052071;0;0;14,27547;-2,489776;-0,00329;-0,009284;0;0;0;0;0;0;0;0;-683,1024;44,64569;0,557899;0,508118;-269,68;4,685497;-0,200844;0;741,5839;-129,2129;-0,394821;-0,742435;0;0;0;0;0;0;0;0
113;1883,333;00:00:01:883;0;0;0;-3,519914;0,050068;3,621712;-5,174617;-3,099206;6,780449;-6,27308;-5,780547;9,657299;-7,046905;-7,819601;11,89225;-2,370207;0;3,621712;-2,370207;0,05009;11,17456;-1,286869;-0,262683;16,12965;-0,711571;-0,593969;18,75241;-0,256437;-0,996542;20,8203;-0,895299;-0,03505;3,621712;-0,101118;0,01504;11,13133;1,458654;-3,375067;15,35109;2,266796;-5,361961;17,52636;2,89573;-7,119157;19,20914;0,443679;-0,000078;3,621712;1,958848;0,050012;10,3956;1,956898;-4,900703;10,96029;1,443316;-6,934358;9,109569;0,722966;-6,982159;6,670904;1,743431;-0,000171;3,621712;3,958467;0,049919;9,102249;3,988765;-3,889036;9,573995;3,769444;-5,796038;8,907051;3,265424;-7,409759;7,339573;0;0;0;-36,27409;-34,55706;114,5804;-31,18479;-34,55707;114,5805;-30,01578;-34,25397;114,9644;-30,01578;-34,25398;114,9644;-0,379977;0;0;3,485098;12,34481;-0,203903;7,151163;12,30491;0,550474;11,09354;12,12085;1,546183;11,04446;12,16547;1,312846;-0,380045;6,036885;0;37,33054;19,5957;0,968755;40,35788;20,86339;-0,604595;43,71024;22,12071;-1,806471;43,77393;21,97014;-1,636747;-0,413454;12,60826;0;83,34498;12,07381;-1,420641;132,9973;14,03063;-1,435149;179,4039;16,48019;1,696154;179,324;16,47719;1,414312;-0,485496;22,00679;0;82,97962;13,36752;-1,190102;109,8666;15,03487;-1,205827;135,786;18,45009;0,673464;135,7186;18,25212;0,459328;0;0;0;0;0;0;0,467755;0,044949;0,290617;0,882313;0,111066;0,511229;1,20163;0,167325;0,673592;0;0;0;0;0;0;0,078304;-0,000277;-0,017166;0,119895;-0,000422;-0,026286;0,15283;-0,000531;-0,033528;0;0;0;0;0;0;-0,405248;-0,006884;0,144661;-0,615478;-0,010461;0,219762;-0,779338;-0,013277;0,278145;0;0;0;0;0;0;0;0;0;0;0;0;0;0;0;0;0;0;0;0;0;0;0;0;0;0;0;0;0;0;0;0;0;0;0;0;32,0819;-48,77463;-32,0819;59,74084;-89,8017;-59,9581;80,85786;-121,0132;-81,27628;0;0;0;0;0;0;-11,18347;0,040652;2,435445;-17,12657;0,061691;3,733634;-21,82915;0,078455;4,774331;0;0;0;0;0;0;42,07245;0,722855;-15,22422;63,90094;1,097023;-23,126;80,91418;1,386702;-29,28972;0;0;0;0;0;0;0;0;0;0;0;0;0;0;0;0;0;0;0;0;0;0;0;0;0;0;0;0;0;0;13,12916;12,36461;9,39865;11,28002;44,91405;32,64779;5,089313;1,386351;-12,34517;3,611783;3,504702;3,731716;-19,57006;38,77802;3,571441;3,794573;-12,07378;83,49284;49,63891;45,51828;-13,36859;83,17056;26,88293;25,34004;-3,046417;-8,825912;-0,002317;0;-0,902367;0,016265;0;0,003147;5,222282;-0,901794;0;0,00309;0;0;0;0;0;0;0;0;735,0677;-214,4257;-0,556183;-0,508118;128,7941;-2,148342;0;0,188828;-543,1915;95,27892;0,197411;0,742435;0;0;0;0;0;0;0;0
114;1900;00:00:01:900;0;0;0;-3,519914;0,050068;3,621712;-5,166158;-3,097886;6,78618;-6,262009;-5,778075;9,6651;-7,033816;-7,816206;11,90159;-2,370207;0;3,621712;-2,370207;0,05009;11,17456;-1,28977;-0,262673;16,13029;-0,716012;-0,593953;18,75338;-0,262098;-0,996522;20,82154;-0,895299;-0,03505;3,621712;-0,101118;0,01504;11,13133;1,466166;-3,37494;15,34841;2,278207;-5,361769;17,52229;2,910178;-7,118913;19,20399;0,443679;-0,000078;3,621712;1,958848;0,050012;10,3956;1,956898;-4,900703;10,96029;1,443316;-6,934358;9,109569;0,722966;-6,982159;6,670904;1,743431;-0,000171;3,621712;3,958467;0,049919;9,102249;3,988765;-3,889036;9,573995;3,769444;-5,796038;8,907051;3,265424;-7,409759;7,339573;0;0;0;-36,14417;-34,54438;114,5683;-31,13105;-34,5444;114,5683;-29,96214;-34,24159;114,9525;-29,96214;-34,2416;114,9525;-0,379977;0;0;3,484653;12,3114;-0,205986;7,150267;12,27151;0,548296;11,09206;12,08747;1,543884;11,04311;12,13208;1,310574;-0,380045;6,036885;0;37,3328;19,69297;0,975431;40,3573;20,96068;-0,59889;43,70743;22,21797;-1,801613;43,77145;22,0674;-1,631764;-0,413454;12,60826;0;83,34498;12,07381;-1,420641;132,9973;14,03063;-1,435149;179,4039;16,48019;1,696154;179,324;16,47719;1,414312;-0,485496;22,00679;0;82,97962;13,36752;-1,190102;109,8666;15,03487;-1,205827;135,786;18,45009;0,673464;135,7186;18,25212;0,459328;0;0;0;0;0;0;0,507541;0,07917;0,343815;0,664294;0,148304;0,468045;0,785306;0,203624;0,560224;0;0;0;0;0;0;-0,174025;0,000623;0,038087;-0,266477;0,000947;0,058293;-0,339657;0,001196;0,074387;0;0;0;0;0;0;0,450779;0,007622;-0,160933;0,684634;0,011556;-0,244617;0,86689;0,014663;-0,309616;0;0;0;0;0;0;0;0;0;0;0;0;0;0;0;0;0;0;0;0;0;0;0;0;0;0;0;0;0;0;0;0;0;0;0;0;2,387166;2,053231;3,191829;-13,08113;2,234279;-2,591014;-24,9794;2,177954;-6,802082;0;0;0;0;0;0;-15,13973;0,053979;3,31521;-23,18233;0,082143;5,074739;-29,54922;0,1036;6,474852;0;0;0;0;0;0;51,36162;0,870377;-18,33558;78,00668;1,320988;-27,86279;98,77368;1,676381;-35,26568;0;0;0;0;0;0;0;0;0;0;0;0;0;0;0;0;0;0;0;0;0;0;0;0;0;0;0;0;0;0;13,1122;12,35695;9,392728;11,27171;44,85011;32,48472;5,013134;1,386351;-12,31176;3,611241;3,504702;3,731716;-19,66688;38,79475;3,571496;3,794625;-12,07378;83,49284;49,63891;45,51828;-13,36859;83,17056;26,88293;25,34004;-3,836059;-9,784469;-4,570713;0;2,004719;-0,032558;0;0;-5,809364;1,003876;0,00329;0,003104;0;0;0;0;0;0;0;0;-47,37854;-57,51337;-274,1037;0;174,4251;-2,929401;0;-0,188828;-661,8987;114,3402;0,197411;0,000858;0;0;0;0;0;0;0;0
115;1916,667;00:00:01:917;0;0;0;-3,519914;0,050068;3,621712;-5,141676;-3,095561;6,801098;-6,215855;-5,772342;9,691335;-6,97097;-7,80757;11,93615;-2,370207;0;3,621712;-2,370207;0,05009;11,17456;-1,325142;-0,262538;16,13787;-0,770177;-0,593747;18,76502;-0,33114;-0,996261;20,8364;-0,895299;-0,03505;3,621712;-0,101118;0,01504;11,13133;1,453625;-3,375152;15,35288;2,259158;-5,36209;17,52908;2,886059;-7,11932;19,21258;0,443679;-0,000078;3,621712;1,958848;0,050012;10,3956;1,956898;-4,900703;10,96029;1,443316;-6,934358;9,109569;0,722966;-6,982159;6,670904;1,743431;-0,000171;3,621712;3,958467;0,049919;9,102249;3,988765;-3,889036;9,573995;3,769444;-5,796038;8,907051;3,265424;-7,409759;7,339573;0;0;0;-35,7891;-34,5272;114,5518;-30,77599;-34,52722;114,5518;-29,60822;-34,22639;114,9382;-29,60822;-34,22639;114,9382;-0,379977;0;0;3,47934;11,90426;-0,231323;7,139479;11,86448;0,521818;11,07405;11,68069;1,515955;11,0268;11,72523;1,28298;-0,380045;6,036885;0;37,32906;19,53064;0,964298;40,3583;20,7983;-0,608409;43,71212;22,05565;-1,809723;43,77561;21,90507;-1,640082;-0,413454;12,60826;0;83,34498;12,07381;-1,420641;132,9973;14,03063;-1,435149;179,4039;16,48019;1,696154;179,324;16,47719;1,414312;-0,485496;22,00679;0;82,97962;13,36752;-1,190102;109,8666;15,03487;-1,205827;135,786;18,45009;0,673464;135,7186;18,25212;0,459328;0;0;0;0;0;0;1,468889;0,139542;0,895098;2,769224;0,344016;1,574054;3,770783;0,518203;2,073705;0;0;0;0;0;0;-2,12232;0,008096;0,455171;-3,249887;0,012335;0,698179;-4,142515;0,015646;0,891477;0;0;0;0;0;0;-0,752516;-0,012696;0,268221;-1,142912;-0,019267;0,407428;-1,447141;-0,024453;0,515878;0;0;0;0;0;0;0;0;0;0;0;0;0;0;0;0;0;0;0;0;0;0;0;0;0;0;0;0;0;0;0;0;0;0;0;0;57,6809;3,622323;33,077;126,2958;11,74271;66,36053;179,1286;18,8747;90,80885;0;0;0;0;0;0;-116,8977;0,448348;25,02501;-179,0046;0,683293;38,39314;-228,1715;0,867024;49,02541;0;0;0;0;0;0;-72,19769;-1,219064;25,7492;-109,6527;-1,849383;39,1227;-138,8419;-2,346933;49,52966;0;0;0;0;0;0;0;0;0;0;0;0;0;0;0;0;0;0;0;0;0;0;0;0;0;0;0;0;0;0;13,02673;12,27115;9,359526;11,22811;44,69421;32,02555;5,013134;1,386351;-11,90466;3,604185;3,504758;3,731664;-19,50526;38,76688;3,571496;3,794573;-12,07378;83,49284;49,63891;45,51828;-13,36859;83,17056;26,88293;25,34004;-9,354171;-27,55005;0;0;24,42558;-0,423317;0,003347;-0,003147;9,697608;-1,672668;0;-0,003104;0;0;0;0;0;0;0;0;-331,0867;-1065,935;274,2428;0;1345,252;-23,44551;0,200844;-0,188828;930,4183;-160,5926;-0,197411;-0,372505;0;0;0;0;0;0;0;0
116;1933,333;00:00:01:933;0;0;0;-3,519914;0,050068;3,621712;-5,141676;-3,095561;6,801098;-6,215855;-5,772342;9,691335;-6,97097;-7,80757;11,93615;-2,370207;0;3,621712;-2,370207;0,05009;11,17456;-1,367684;-0,262355;16,14665;-0,835322;-0,593468;18,77849;-0,414178;-0,995907;20,85359;-0,895299;-0,03505;3,621712;-0,101118;0,01504;11,13133;1,472128;-3,327913;15,38358;2,288063;-5,290473;17,57795;2,923803;-7,028817;19,27767;0,443679;-0,000078;3,621712;1,958848;0,050012;10,3956;1,956898;-4,900703;10,96029;1,443316;-6,934358;9,109569;0,722966;-6,982159;6,670904;1,743431;-0,000171;3,621712;3,958467;0,049919;9,102249;3,988765;-3,889036;9,573995;3,769444;-5,796038;8,907051;3,265424;-7,409759;7,339573;0;0;0;-35,7891;-34,5272;114,5518;-30,77599;-34,52722;114,5518;-29,60822;-34,22639;114,9382;-29,60822;-34,22639;114,9382;-0,379977;0;0;3,473212;11,4154;-0,261645;7,126796;11,37573;0,49018;11,05274;11,19223;1,482644;11,00751;11,2367;1,250056;-0,380045;6,036885;0;36,73346;19,62653;0,970871;39,75525;20,87869;-0,616774;43,10218;22,12413;-1,832936;43,16653;21,97523;-1,661497;-0,413454;12,60826;0;83,34498;12,07381;-1,420641;132,9973;14,03063;-1,435149;179,4039;16,48019;1,696154;179,324;16,47719;1,414312;-0,485496;22,00679;0;82,97962;13,36752;-1,190102;109,8666;15,03487;-1,205827;135,786;18,45009;0,673464;135,7186;18,25212;0,459328;0;0;0;0;0;0;0;0;0;0;0;0;0;0;0;0;0;0;0;0;0;-2,55253;0,01098;0,526786;-3,908671;0,016739;0,807971;-4,982247;0,021234;1,031488;0;0;0;0;0;0;1,110189;2,834312;1,84223;1,734272;4,29701;2,932548;2,264634;5,430176;3,905385;0;0;0;0;0;0;0;0;0;0;0;0;0;0;0;0;0;0;0;0;0;0;0;0;0;0;0;0;0;0;0;0;0;0;0;0;-88,13335;-8,372514;-53,70586;-166,1534;-20,64094;-94,44325;-226,247;-31,09216;-124,4223;0;0;0;0;0;0;-25,81257;0,173086;4,296898;-39,52702;0,264198;6,587508;-50,38396;0,335276;8,400673;0;0;0;0;0;0;111,7623;170,8205;94,44056;172,631;258,9766;151,5072;222,7065;327,2777;203,3704;0;0;0;0;0;0;0;0;0;0;0;0;0;0;0;0;0;0;0;0;0;0;0;0;0;0;0;0;0;0;12,99658;12,34548;9,359526;11,22811;44,69421;32,02555;5,013134;1,386351;-11,41582;3,595701;3,504702;3,731664;-19,60094;38,17306;3,571496;3,794573;-12,07378;83,49284;49,63891;45,51828;-13,36859;83,17056;26,88293;25,34004;0;0;0;0;29,33063;-0,509076;-0,003347;0;-5,741043;-35,62889;0;0;0;0;0;0;0;0;0;0;561,2502;1653,003;0;0;294,3031;-5,145551;-0,401688;0,188828;-926,319;-2037,373;0;0,186253;0;0;0;0;0;0;0;0
117;1950;00:00:01:950;0;0;0;-3,519914;0,050068;3,621712;-5,141676;-3,095561;6,801098;-6,215855;-5,772342;9,691335;-6,97097;-7,80757;11,93615;-2,370207;0;3,621712;-2,370207;0,05009;11,17456;-1,367684;-0,262355;16,14665;-0,835322;-0,593468;18,77849;-0,414178;-0,995907;20,85359;-0,895299;-0,03505;3,621712;-0,101118;0,01504;11,13133;1,472128;-3,327913;15,38358;2,288063;-5,290473;17,57795;2,923803;-7,028817;19,27767;0,443679;-0,000078;3,621712;1,958848;0,050012;10,3956;1,956898;-4,900703;10,96029;1,443316;-6,934358;9,109569;0,722966;-6,982159;6,670904;1,743431;-0,000171;3,621712;3,958467;0,049919;9,102249;3,988765;-3,889036;9,573995;3,769444;-5,796038;8,907051;3,265424;-7,409759;7,339573;0;0;0;-35,7891;-34,5272;114,5518;-30,77599;-34,52722;114,5518;-29,60822;-34,22639;114,9382;-29,60822;-34,22639;114,9382;-0,379977;0;0;3,473212;11,4154;-0,261645;7,126796;11,37573;0,49018;11,05274;11,19223;1,482644;11,00751;11,2367;1,250056;-0,380045;6,036885;0;36,73346;19,62653;0,970871;39,75525;20,87869;-0,616774;43,10218;22,12413;-1,832936;43,16653;21,97523;-1,661497;-0,413454;12,60826;0;83,34498;12,07381;-1,420641;132,9973;14,03063;-1,435149;179,4039;16,48019;1,696154;179,324;16,47719;1,414312;-0,485496;22,00679;0;82,97962;13,36752;-1,190102;109,8666;15,03487;-1,205827;135,786;18,45009;0,673464;135,7186;18,25212;0,459328;0;0;0;0;0;0;0;0;0;0;0;0;0;0;0;0;0;0;0;0;0;0;0;0;0;0;0;0;0;0;0;0;0;0;0;0;0;0;0;0;0;0;0;0;0;0;0;0;0;0;0;0;0;0;0;0;0;0;0;0;0;0;0;0;0;0;0;0;0;0;0;0;0;0;0;0;0;0;0;0;0;0;0;0;0;0;0;0;0;0;0;0;0;0;0;0;153,1518;-0,658818;-31,60715;234,5202;-1,00432;-48,47824;298,9348;-1,274049;-61,88929;0;0;0;0;0;0;-66,61131;-170,0587;-110,5338;-104,0563;-257,8206;-175,9529;-135,878;-325,8106;-234,3231;0;0;0;0;0;0;0;0;0;0;0;0;0;0;0;0;0;0;0;0;0;0;0;0;0;0;0;0;0;0;12,99658;12,34548;9,359526;11,22811;44,69421;32,02555;5,013134;1,386351;-11,41582;3,595701;3,504702;3,731664;-19,60094;38,17306;3,571496;3,794573;-12,07378;83,49284;49,63891;45,51828;-13,36859;83,17056;26,88293;25,34004;0;0;0;0;29,33063;-0,509076;-0,003347;0;-5,741043;-35,62889;0;0;0;0;0;0;0;0;0;0;561,2502;1653,003;0;0;294,3031;-5,145551;-0,401688;0,188828;-926,319;-2037,373;0;0,186253;0;0;0;0;0;0;0;0
118;1966,667;00:00:01:967;0;0;0;-3,519914;0,050068;3,621712;-5,110301;-3,078643;6,833476;-6,166341;-5,739919;9,744639;-6,907436;-7,762987;12,00506;-2,370207;0;3,621712;-2,370207;0,05009;11,17456;-1,394715;-0,262227;16,15203;-0,876715;-0,593273;18,78674;-0,46694;-0,995659;20,86413;-0,895299;-0,03505;3,621712;-0,101118;0,01504;11,13133;1,532458;-3,157423;15,49011;2,382588;-5,031786;17,7477;3,047627;-6,701617;19,50396;0,443679;-0,000078;3,621712;1,958848;0,050012;10,3956;1,956898;-4,900703;10,96029;1,442629;-6,931411;9,106525;0,72224;-6,971803;6,667739;1,743431;-0,000171;3,621712;3,958467;0,049919;9,102249;3,988765;-3,889036;9,573995;3,769444;-5,796038;8,907051;3,265424;-7,409759;7,339573;0;0;0;-35,15925;-34,33512;114,368;-30,2985;-34,33513;114,368;-29,13088;-34,03696;114,7566;-29,13087;-34,03696;114,7566;-0,379977;0;0;3,469465;11,10521;-0,280831;7,118904;11,06562;0,47019;11,03938;10,8823;1,461633;10,99543;10,92671;1,229281;-0,380045;6,036885;0;34,61838;19,90758;0,990181;37,6157;21,10359;-0,648598;40,93969;22,30568;-1,915926;41,0069;22,16288;-1,738313;-0,413454;12,60826;0;83,34498;12,07381;-1,420641;133,0852;14,03063;-1,435148;179,5719;16,47553;1,700031;179,4919;16,47332;1,418187;-0,485496;22,00679;0;82,97962;13,36752;-1,190102;109,8666;15,03487;-1,205827;135,786;18,45009;0,673464;135,7186;18,25212;0,459328;0;0;0;0;0;0;1,882553;1,015037;1,942679;2,970837;1,945361;3,198266;3,812;2,674967;4,134804;0;0;0;0;0;0;-1,621881;0,007679;0,322938;-2,48358;0,01171;0,495225;-3,165733;0,014869;0,632375;0;0;0;0;0;0;3,619831;10,22941;6,391883;5,671486;15,52123;10,18488;7,42945;19,63202;13,57716;0;0;0;0;0;0;0;0;0;-0,041217;0,176758;-0,182614;-0,043516;0,621334;-0,1899;0;0;0;0;0;0;0;0;0;0;0;0;0;0;0;0;0;0;0;0;0;112,9532;60,90223;116,5607;178,2502;116,7217;191,896;228,72;160,498;248,0882;0;0;0;0;0;0;-97,31289;0,460753;19,37627;-149,0148;0,702571;29,71351;-189,944;0,89217;37,94252;0;0;0;0;0;0;217,1898;613,7644;383,5129;340,2892;931,2736;611,093;445,767;1177,922;814,6298;0;0;0;0;0;0;0;0;0;-2,472996;10,60545;-10,95682;-2,610962;37,28002;-11,39402;0;0;0;0;0;0;0;0;0;0;0;0;0;0;0;12,87478;12,50853;9,344782;11,19726;44,24953;31,3435;4,860671;1,386492;-11,10566;3,59036;3,504702;3,731664;-19,88159;36,04835;3,571387;3,794625;-12,07378;83,49284;49,72683;45,59735;-13,36859;83,17056;26,88293;25,34004;-26,68075;-40,92327;-9,147805;0,008476;18,60969;-0,320435;0;0;-16,83907;-127,4826;-0,00658;0,003104;0;0;5,27481;4,744491;0;0;0;0;-1600,845;-2455,396;-548,8683;0,508547;-643,2563;11,31849;0,200844;0;-665,8813;-5511,222;-0,394821;0,186253;0;0;316,4886;284,6695;0;0;0;0
119;1983,333;00:00:01:983;0;0;0;-3,519914;0,050068;3,621712;-5,110301;-3,078643;6,833476;-6,166341;-5,739919;9,744639;-6,907436;-7,762987;12,00506;-2,370207;0;3,621712;-2,370207;0,05009;11,17456;-1,394715;-0,262227;16,15203;-0,876715;-0,593273;18,78674;-0,46694;-0,995659;20,86413;-0,895299;-0,03505;3,621712;-0,101118;0,01504;11,13133;1,532458;-3,157423;15,49011;2,382588;-5,031786;17,7477;3,047627;-6,701617;19,50396;0,443679;-0,000078;3,621712;1,958848;0,050012;10,3956;1,956898;-4,900703;10,96029;1,442629;-6,931411;9,106525;0,72224;-6,971803;6,667739;1,743431;-0,000171;3,621712;3,958467;0,049919;9,102249;3,988765;-3,889036;9,573995;3,769444;-5,796038;8,907051;3,265424;-7,409759;7,339573;0;0;0;-35,15925;-34,33512;114,368;-30,2985;-34,33513;114,368;-29,13088;-34,03696;114,7566;-29,13087;-34,03696;114,7566;-0,379977;0;0;3,469465;11,10521;-0,280831;7,118904;11,06562;0,47019;11,03938;10,8823;1,461633;10,99543;10,92671;1,229281;-0,380045;6,036885;0;34,61838;19,90758;0,990181;37,6157;21,10359;-0,648598;40,93969;22,30568;-1,915926;41,0069;22,16288;-1,738313;-0,413454;12,60826;0;83,34498;12,07381;-1,420641;133,0852;14,03063;-1,435148;179,5719;16,47553;1,700031;179,4919;16,47332;1,418187;-0,485496;22,00679;0;82,97962;13,36752;-1,190102;109,8666;15,03487;-1,205827;135,786;18,45009;0,673464;135,7186;18,25212;0,459328;0;0;0;0;0;0;0;0;0;0;0;0;0;0;0;0;0;0;0;0;0;0;0;0;0;0;0;0;0;0;0;0;0;0;0;0;0;0;0;0;0;0;0;0;0;0;0;0;0;0;0;0;0;0;0;0;0;0;0;0;0;0;0;0;0;0;0;0;0;0;0;0;0;0;0;0;0;0;0;0;0;-112,9532;-60,90223;-116,5607;-178,2502;-116,7217;-191,896;-228,72;-160,498;-248,0882;0;0;0;0;0;0;97,31289;-0,460753;-19,37627;149,0148;-0,702571;-29,71351;189,944;-0,89217;-37,94252;0;0;0;0;0;0;-217,1898;-613,7644;-383,5129;-340,2892;-931,2736;-611,093;-445,767;-1177,922;-814,6298;0;0;0;0;0;0;0;0;0;2,472996;-10,60545;10,95682;2,610962;-37,28002;11,39402;0;0;0;0;0;0;0;0;0;0;0;0;0;0;0;12,87478;12,50853;9,344782;11,19726;44,24953;31,3435;4,860671;1,386492;-11,10566;3,59036;3,504702;3,731664;-19,88159;36,04835;3,571387;3,794625;-12,07378;83,49284;49,72683;45,59735;-13,36859;83,17056;26,88293;25,34004;0;0;0;0;0;0;0;0;0;0;0;0;0;0;0;0;0;0;0;0;1600,845;2455,396;548,8683;-0,508547;-1116,582;19,22607;0;0;1010,344;7648,956;0,394821;-0,186253;0;0;-316,4886;-284,6695;0;0;0;0
120;2000;00:00:02:000;0;0;0;-3,519914;0,050068;3,621712;-5,123574;-3,066567;6,838613;-6,191158;-5,717978;9,754562;-6,941095;-7,733611;12,01871;-2,370207;0;3,621712;-2,370207;0,05009;11,17456;-1,397172;-0,262215;16,15252;-0,880476;-0,593255;18,78748;-0,471734;-0,995636;20,86508;-0,895299;-0,03505;3,621712;-0,101118;0,01504;11,13133;1,548619;-3,14575;15,49251;2,407355;-5,014062;17,75185;3,079308;-6,679181;19,50995;0,443679;-0,000078;3,621712;1,958848;0,050012;10,3956;1,956898;-4,900703;10,96029;1,441943;-6,928458;9,103486;0,721522;-6,961442;6,664598;1,743431;-0,000171;3,621712;3,958467;0,049919;9,102249;3,988765;-3,889036;9,573995;3,769444;-5,796038;8,907051;3,265424;-7,409759;7,339573;0;0;0;-35,1805;-34,17868;114,2191;-30,31977;-34,17869;114,2191;-29,15077;-33,88041;114,6068;-29,15077;-33,88041;114,6068;-0,379977;0;0;3,469131;11,07704;-0,282571;7,118193;11,03746;0,468378;11,03817;10,85415;1,459729;10,99434;10,89856;1,227398;-0,380045;6,036885;0;34,48177;20,07967;1,002037;37,47279;21,27193;-0,641685;40,79157;22,47102;-1,913774;40,85949;22,32865;-1,735553;-0,413454;12,60826;0;83,34498;12,07381;-1,420641;133,1731;14,03063;-1,435148;179,7398;16,47086;1,7039;179,6599;16,46945;1,422057;-0,485496;22,00679;0;82,97962;13,36752;-1,190102;109,8666;15,03487;-1,205827;135,786;18,45009;0,673464;135,7186;18,25212;0,459328;0;0;0;0;0;0;-0,796437;0,724588;0,308231;-1,489028;1,316428;0,595406;-2,019524;1,762569;0,818968;0;0;0;0;0;0;-0,147382;0,000724;0,028878;-0,225686;0,001106;0,044346;-0,287667;0,001391;0,056595;0;0;0;0;0;0;0,96963;0,700392;0,143677;1,486055;1,063451;0,248909;1,900837;1,346156;0,359416;0;0;0;0;0;0;0;0;0;-0,041133;0,177205;-0,182346;-0,043119;0,621647;-0,18847;0;0;0;0;0;0;0;0;0;0;0;0;0;0;0;0;0;0;0;0;0;-47,78623;43,47525;18,49383;-89,34169;78,98568;35,72433;-121,1715;105,7541;49,13807;0;0;0;0;0;0;-8,842906;0,043418;1,732707;-13,54113;0,066385;2,660751;-17,26001;0,083484;3,395676;0;0;0;0;0;0;58,17778;42,0235;8,620618;89,16332;63,80706;14,93454;114,0502;80,76935;21,56496;0;0;0;0;0;0;0;0;0;-2,467967;10,63227;-10,94073;-2,587158;37,29879;-11,30819;0;0;0;0;0;0;0;0;0;0;0;0;0;0;0;12,86511;12,55544;9,379683;11,23264;44,09303;31,49677;4,860711;1,38621;-11,07748;3,589924;3,504702;3,731664;-20,05298;35,93297;3,571441;3,794573;-12,07378;83,49284;49,81474;45,67643;-13,36859;83,17056;26,88293;25,34004;-9,390105;9,196471;0,002432;-0,016944;1,690407;-0,026164;0;0;-10,28355;-6,922988;0,00329;-0,003104;0;0;5,274581;4,74472;0;0;0;0;-563,4063;551,7883;0,145912;-1,016665;101,4244;-1,569843;0;0;-617,0127;-415,3793;0,197411;-0,186253;0;0;316,4749;284,6832;0;0;0;0
121;2016,667;00:00:02:017;0;0;0;-3,519914;0,050068;3,621712;-5,123574;-3,066567;6,838613;-6,191158;-5,717978;9,754562;-6,941095;-7,733611;12,01871;-2,370207;0;3,621712;-2,370207;0,05009;11,17456;-1,397172;-0,262215;16,15252;-0,880476;-0,593255;18,78748;-0,471734;-0,995636;20,86508;-0,895299;-0,03505;3,621712;-0,101118;0,01504;11,13133;1,548619;-3,14575;15,49251;2,407355;-5,014062;17,75185;3,079308;-6,679181;19,50995;0,443679;-0,000078;3,621712;1,958848;0,050012;10,3956;1,956898;-4,900703;10,96029;1,441943;-6,928458;9,103486;0,721522;-6,961442;6,664598;1,743431;-0,000171;3,621712;3,958467;0,049919;9,102249;3,988765;-3,889036;9,573995;3,769444;-5,796038;8,907051;3,265424;-7,409759;7,339573;0;0;0;-35,1805;-34,17868;114,2191;-30,31977;-34,17869;114,2191;-29,15077;-33,88041;114,6068;-29,15077;-33,88041;114,6068;-0,379977;0;0;3,469131;11,07704;-0,282571;7,118193;11,03746;0,468378;11,03817;10,85415;1,459729;10,99434;10,89856;1,227398;-0,380045;6,036885;0;34,48177;20,07967;1,002037;37,47279;21,27193;-0,641685;40,79157;22,47102;-1,913774;40,85949;22,32865;-1,735553;-0,413454;12,60826;0;83,34498;12,07381;-1,420641;133,1731;14,03063;-1,435148;179,7398;16,47086;1,7039;179,6599;16,46945;1,422057;-0,485496;22,00679;0;82,97962;13,36752;-1,190102;109,8666;15,03487;-1,205827;135,786;18,45009;0,673464;135,7186;18,25212;0,459328;0;0;0;0;0;0;0;0;0;0;0;0;0;0;0;0;0;0;0;0;0;0;0;0;0;0;0;0;0;0;0;0;0;0;0;0;0;0;0;0;0;0;0;0;0;0;0;0;0;0;0;0;0;0;0;0;0;0;0;0;0;0;0;0;0;0;0;0;0;0;0;0;0;0;0;0;0;0;0;0;0;47,78623;-43,47525;-18,49383;89,34169;-78,98568;-35,72433;121,1715;-105,7541;-49,13807;0;0;0;0;0;0;8,842906;-0,043418;-1,732707;13,54113;-0,066385;-2,660751;17,26001;-0,083484;-3,395676;0;0;0;0;0;0;-58,17778;-42,0235;-8,620618;-89,16332;-63,80706;-14,93454;-114,0502;-80,76935;-21,56496;0;0;0;0;0;0;0;0;0;2,467967;-10,63227;10,94073;2,587158;-37,29879;11,30819;0;0;0;0;0;0;0;0;0;0;0;0;0;0;0;12,86511;12,55544;9,379683;11,23264;44,09303;31,49677;4,860711;1,38621;-11,07748;3,589924;3,504702;3,731664;-20,05298;35,93297;3,571441;3,794573;-12,07378;83,49284;49,81474;45,67643;-13,36859;83,17056;26,88293;25,34004;-9,390105;9,196471;0,002432;-0,016944;1,690407;-0,026164;0;0;-10,28355;-6,922988;0,00329;-0,003104;0;0;5,274581;4,74472;0;0;0;0;-563,4063;551,7883;0,145912;-1,016665;101,4244;-1,569843;0;0;-617,0127;-415,3793;0,197411;-0,186253;0;0;316,4749;284,6832;0;0;0;0
122;2033,333;00:00:02:033;0;0;0;-3,519914;0,050068;3,621712;-5,119779;-3,058918;6,847891;-6,188816;-5,703954;9,769094;-6,939845;-7,714701;12,03722;-2,370207;0;3,621712;-2,370207;0,05009;11,17456;-1,391628;-0,262242;16,15143;-0,871988;-0,593296;18,78581;-0,460915;-0,995689;20,86294;-0,895299;-0,03505;3,621712;-0,101118;0,01504;11,13133;1,548596;-3,140047;15,49664;2,407415;-5,005403;17,7584;3,079516;-6,668221;19,51862;0,443679;-0,000078;3,621712;1,958848;0,050012;10,3956;1,956898;-4,900703;10,96029;1,441031;-6,924514;9,099441;0,720574;-6,947622;6,66045;1,743431;-0,000171;3,621712;3,958467;0,049919;9,102249;3,988765;-3,889036;9,573995;3,769444;-5,796038;8,907051;3,265424;-7,409759;7,339573;0;0;0;-35,03448;-34,08669;114,1319;-30,24992;-34,0867;114,1319;-29,08044;-33,78881;114,5197;-29,08044;-33,78881;114,5197;-0,379977;0;0;3,469887;11,14061;-0,278643;7,119797;11,10102;0,472468;11,0409;10,91768;1,464027;10,9968;10,96209;1,231647;-0,380045;6,036885;0;34,41106;20,06377;1,000941;37,40204;21,25413;-0,644172;40,72068;22,45177;-1,917691;40,7886;22,30959;-1,739305;-0,413454;12,60826;0;83,34498;12,07381;-1,420641;133,2903;14,03063;-1,435148;179,9637;16,46463;1,709047;179,8838;16,46427;1,427209;-0,485496;22,00679;0;82,97962;13,36752;-1,190102;109,8666;15,03487;-1,205827;135,786;18,45009;0,673464;135,7186;18,25212;0,459328;0;0;0;0;0;0;0,22772;0,458948;0,556692;0,140548;0,841498;0,871897;0,075012;1,134619;1,110524;0;0;0;0;0;0;0,332594;-0,001623;-0,065267;0,509296;-0,002478;-0,100225;0,649184;-0,00314;-0,127941;0;0;0;0;0;0;-0,001341;0,34216;0,248104;0,003576;0,519544;0,392854;0,012517;0,657633;0,52008;0;0;0;0;0;0;0;0;0;-0,054751;0,236616;-0,24274;-0,056885;0,829205;-0,248909;0;0;0;0;0;0;0;0;0;0;0;0;0;0;0;0;0;0;0;0;0;13,66317;27,5369;33,40154;8,432863;50,4899;52,3138;4,500746;68,07713;66,63142;0;0;0;0;0;0;19,95563;-0,097398;-3,916025;30,55773;-0,148695;-6,013512;38,95103;-0,188425;-7,676481;0;0;0;0;0;0;-0,080466;20,52962;14,88626;0,214577;31,17263;23,57125;0,751019;39,45797;31,20482;0;0;0;0;0;0;0;0;0;-3,285036;14,19693;-14,56439;-3,41311;49,75229;-14,93454;0;0;0;0;0;0;0;0;0;0;0;0;0;0;0;12,84582;12,54807;9,390425;11,2387;43,94021;31,37688;4,784546;1,386351;-11,14106;3,591015;3,504702;3,731664;-20,03719;35,85804;3,571441;3,794625;-12,07378;83,49284;49,93195;45,78186;-13,36859;83,17056;26,88293;25,34004;-9,169005;-7,193641;-4,569912;0,008469;-3,814602;0,065432;0;0;0,947571;-4,495926;0;0,003104;0;0;7,033081;6,325378;0;0;0;0;13,26599;-983,4067;-274,3406;1,524782;-330,3005;5,495739;0;0;673,8669;145,6237;-0,197411;0,372505;0;0;105,5099;94,83947;0;0;0;0
123;2050;00:00:02:050;0;0;0;-3,519914;0,050068;3,621712;-5,117545;-3,055535;6,852253;-6,184565;-5,697494;9,776976;-6,934029;-7,70585;12,04774;-2,370207;0;3,621712;-2,370207;0,05009;11,17456;-1,381806;-0,262289;16,14948;-0,856947;-0,593368;18,78283;-0,441742;-0,99578;20,85914;-0,895299;-0,03505;3,621712;-0,101118;0,01504;11,13133;1,550415;-3,140016;15,49598;2,410182;-5,005354;17,75739;3,083026;-6,668159;19,51733;0,443679;-0,000078;3,621712;1,958848;0,050012;10,3956;1,956898;-4,900703;10,96029;1,440803;-6,923528;9,098431;0,720338;-6,944165;6,659418;1,743431;-0,000171;3,621712;3,958467;0,049919;9,102249;3,988765;-3,889036;9,573995;3,769444;-5,796038;8,907051;3,265424;-7,409759;7,339573;0;0;0;-34,96282;-34,04638;114,0938;-30,17827;-34,0464;114,0938;-29,00871;-33,74891;114,4818;-29,0087;-33,74892;114,4818;-0,379977;0;0;3,471239;11,2533;-0,271676;7,122657;11,21368;0,479725;11,04574;11,03027;1,471652;11,00118;11,07471;1,239188;-0,380045;6,036885;0;34,4116;20,08663;1,002517;37,40187;21,277;-0,64284;40,71997;22,47462;-1,916571;40,78797;22,33246;-1,738154;-0,413454;12,60826;0;83,34498;12,07381;-1,420641;133,3197;14,03063;-1,435148;-179,9803;16,46307;1,710332;179,9398;16,46297;1,428495;-0,485496;22,00679;0;82,97962;13,36752;-1,190102;109,8666;15,03487;-1,205827;135,786;18,45009;0,673464;135,7186;18,25212;0,459328;0;0;0;0;0;0;0,134043;0,202976;0,261739;0,255078;0,387579;0,472918;0,348955;0,531033;0,63099;0;0;0;0;0;0;0,589343;-0,00283;-0,116766;0,902457;-0,004311;-0,178814;1,150332;-0,005476;-0,228435;0;0;0;0;0;0;0,109144;0,0019;-0,039876;0,166006;0,002906;-0,060707;0,210598;0,003666;-0,076979;0;0;0;0;0;0;0;0;0;-0,013663;0,059187;-0,060573;-0,014115;0,207424;-0,06187;0;0;0;0;0;0;0;0;0;0;0;0;0;0;0;0;0;0;0;0;0;-5,620568;-15,35833;-17,69721;6,871819;-27,23515;-23,93872;16,43657;-36,21518;-28,77205;0;0;0;0;0;0;15,40493;-0,07242;-3,089904;23,58969;-0,109971;-4,715322;30,0689;-0,140145;-6,029605;0;0;0;0;0;0;6,62908;-20,41563;-17,27879;9,745805;-30,99829;-27,21369;11,88487;-39,23803;-35,82358;0;0;0;0;0;0;0;0;0;2,465285;-10,64569;10,93;2,566203;-37,30684;11,22236;0;0;0;0;0;0;0;0;0;0;0;0;0;0;0;12,83805;12,53846;9,39167;11,23759;43,87036;31,31424;4,784587;1,38621;-11,25374;3,592977;3,504758;3,731716;-20,05996;35,8619;3,571441;3,794573;-12,07378;83,49284;49,96127;45,80822;-13,36859;83,17056;26,88293;25,34004;-4,191284;-3,758468;0,00246;-0,008469;-6,76054;0,117745;0,003347;0,003147;-1,365852;0,231857;0;-0,003104;0;0;1,758957;1,581573;0;0;0;0;298,6633;206,1104;274,3423;-1,016235;-176,7563;3,138828;0,200844;0,188828;-138,8054;283,667;0;-0,372505;0;0;-316,4474;-284,6283;0;0;0;0
124;2066,667;00:00:02:067;0;0;0;-3,519914;0,050068;3,621712;-5,117545;-3,055535;6,852253;-6,184565;-5,697494;9,776976;-6,934029;-7,70585;12,04774;-2,370207;0;3,621712;-2,370207;0,05009;11,17456;-1,381806;-0,262289;16,14948;-0,856947;-0,593368;18,78283;-0,441742;-0,99578;20,85914;-0,895299;-0,03505;3,621712;-0,101118;0,01504;11,13133;1,550415;-3,140016;15,49598;2,410182;-5,005354;17,75739;3,083026;-6,668159;19,51733;0,443679;-0,000078;3,621712;1,958848;0,050012;10,3956;1,956898;-4,900703;10,96029;1,440803;-6,923528;9,098431;0,720338;-6,944165;6,659418;1,743431;-0,000171;3,621712;3,958467;0,049919;9,102249;3,988765;-3,889036;9,573995;3,769444;-5,796038;8,907051;3,265424;-7,409759;7,339573;0;0;0;-34,96282;-34,04638;114,0938;-30,17827;-34,0464;114,0938;-29,00871;-33,74891;114,4818;-29,0087;-33,74892;114,4818;-0,379977;0;0;3,471239;11,2533;-0,271676;7,122657;11,21368;0,479725;11,04574;11,03027;1,471652;11,00118;11,07471;1,239188;-0,380045;6,036885;0;34,4116;20,08663;1,002517;37,40187;21,277;-0,64284;40,71997;22,47462;-1,916571;40,78797;22,33246;-1,738154;-0,413454;12,60826;0;83,34498;12,07381;-1,420641;133,3197;14,03063;-1,435148;-179,9803;16,46307;1,710332;179,9398;16,46297;1,428495;-0,485496;22,00679;0;82,97962;13,36752;-1,190102;109,8666;15,03487;-1,205827;135,786;18,45009;0,673464;135,7186;18,25212;0,459328;0;0;0;0;0;0;0;0;0;0;0;0;0;0;0;0;0;0;0;0;0;0;0;0;0;0;0;0;0;0;0;0;0;0;0;0;0;0;0;0;0;0;0;0;0;0;0;0;0;0;0;0;0;0;0;0;0;0;0;0;0;0;0;0;0;0;0;0;0;0;0;0;0;0;0;0;0;0;0;0;0;-8,042603;-12,17857;-15,70433;-15,30468;-23,25475;-28,37509;-20,93732;-31,86196;-37,85938;0;0;0;0;0;0;-35,36056;0,169817;7,005929;-54,14742;0,258666;10,72883;-69,01993;0,328571;13,70609;0;0;0;0;0;0;-6,548614;-0,113994;2,39253;-9,960382;-0,174344;3,642439;-12,63589;-0,219941;4,618763;0;0;0;0;0;0;0;0;0;0,81975;-3,551244;3,634393;0,846907;-12,44545;3,712177;0;0;0;0;0;0;0;0;0;0;0;0;0;0;0;12,83805;12,53846;9,39167;11,23759;43,87036;31,31424;4,784587;1,38621;-11,25374;3,592977;3,504758;3,731716;-20,05996;35,8619;3,571441;3,794573;-12,07378;83,49284;49,96127;45,80822;-13,36859;83,17056;26,88293;25,34004;-4,191284;-3,758468;0,00246;-0,008469;-6,76054;0,117745;0,003347;0,003147;-1,365852;0,231857;0;-0,003104;0;0;1,758957;1,581573;0;0;0;0;298,6633;206,1104;274,3423;-1,016235;-176,7563;3,138828;0,200844;0,188828;-138,8054;283,667;0;-0,372505;0;0;-316,4474;-284,6283;0;0;0;0
125;2083,333;00:00:02:083;0;0;0;-3,519914;0,050068;3,621712;-5,113117;-3,055234;6,854729;-6,176226;-5,6967;9,781321;-6,92268;-7,704627;12,05345;-2,370207;0;3,621712;-2,370207;0,05009;11,17456;-1,395901;-0,262221;16,15227;-0,878531;-0,593264;18,7871;-0,469255;-0,995648;20,86459;-0,895299;-0,03505;3,621712;-0,101118;0,01504;11,13133;1,54913;-3,140039;15,49645;2,408226;-5,005389;17,7581;3,080545;-6,668203;19,51824;0,443679;-0,000078;3,621712;1,958848;0,050012;10,3956;1,956898;-4,900703;10,96029;1,440575;-6,92254;9,097422;0,720104;-6,940708;6,658391;1,743431;-0,000171;3,621712;3,958467;0,049919;9,102249;3,988765;-3,889036;9,573995;3,769444;-5,796038;8,907051;3,265424;-7,409759;7,339573;0;0;0;-34,90106;-34,0453;114,0928;-30,1165;-34,04531;114,0928;-28,94715;-33,74817;114,4812;-28,94715;-33,74817;114,4812;-0,379977;0;0;3,469304;11,0916;-0,281671;7,118562;11,05202;0,469315;11,0388;10,86871;1,460714;10,9949;10,91311;1,228372;-0,380045;6,036885;0;34,41122;20,07047;1,001402;37,40199;21,26084;-0,643782;40,72047;22,45847;-1,917364;40,78841;22,3163;-1,738968;-0,413454;12,60826;0;83,34498;12,07381;-1,420641;133,349;14,03063;-1,435148;-179,9244;16,46151;1,711616;179,9958;16,46168;1,429781;-0,485496;22,00679;0;82,97962;13,36752;-1,190102;109,8666;15,03487;-1,205827;135,786;18,45009;0,673464;135,7186;18,25212;0,459328;0;0;0;0;0;0;0,265695;0,018027;0,148505;0,500299;0,047632;0,260666;0,680923;0,073403;0,342965;0;0;0;0;0;0;-0,845729;0,004079;0,167102;-1,29506;0,006219;0,256151;-1,650777;0,007896;0,32714;0;0;0;0;0;0;-0,077136;-0,001386;0,028163;-0,117302;-0,002101;0,042826;-0,148863;-0,002638;0,05427;0;0;0;0;0;0;0;0;0;-0,013657;0,059277;-0,060573;-0,014056;0,207424;-0,061601;0;0;0;0;0;0;0;0;0;0;0;0;0;0;0;0;0;0;0;0;0;15,94171;1,081601;8,910296;30,01794;2,857893;15,63996;40,8554;4,404186;20,5779;0;0;0;0;0;0;-50,74371;0,244752;10,0261;-77,70358;0,373162;15,36906;-99,0466;0,473745;19,6284;0;0;0;0;0;0;-4,628151;-0,083148;1,689791;-7,038116;-0,126064;2,569556;-8,931754;-0,15825;3,256202;0;0;0;0;0;0;0;0;0;-0,819415;3,556609;-3,634393;-0,843387;12,44545;-3,696084;0;0;0;0;0;0;0;0;0;0;0;0;0;0;0;12,81769;12,52445;9,386288;11,22965;43,84567;31,23369;4,784546;1,38621;-11,09205;3,590142;3,504702;3,731716;-20,04387;35,85917;3,571387;3,794573;-12,07378;83,49284;49,99056;45,83457;-13,36859;83,17056;26,88293;25,34004;-1,481094;-4,832954;-0,00246;0;9,701213;-0,170102;-0,003347;0;0,965195;-0,163651;-0,00329;0;0;0;1,757583;1,581344;0;0;0;0;162,6114;-64,46913;-0,295258;0,508118;987,7051;-17,27085;-0,401688;-0,188828;139,8628;-23,73046;-0,197411;0,186253;0;0;-0,082397;-0,013733;0;0;0;0
126;2100;00:00:02:100;0;0;0;-3,519914;0,050068;3,621712;-5,113117;-3,055234;6,854729;-6,176226;-5,6967;9,781321;-6,92268;-7,704627;12,05345;-2,370207;0;3,621712;-2,370207;0,05009;11,17456;-1,395901;-0,262221;16,15227;-0,878531;-0,593264;18,7871;-0,469255;-0,995648;20,86459;-0,895299;-0,03505;3,621712;-0,101118;0,01504;11,13133;1,54913;-3,140039;15,49645;2,408226;-5,005389;17,7581;3,080545;-6,668203;19,51824;0,443679;-0,000078;3,621712;1,958848;0,050012;10,3956;1,956898;-4,900703;10,96029;1,440575;-6,92254;9,097422;0,720104;-6,940708;6,658391;1,743431;-0,000171;3,621712;3,958467;0,049919;9,102249;3,988765;-3,889036;9,573995;3,769444;-5,796038;8,907051;3,265424;-7,409759;7,339573;0;0;0;-34,90106;-34,0453;114,0928;-30,1165;-34,04531;114,0928;-28,94715;-33,74817;114,4812;-28,94715;-33,74817;114,4812;-0,379977;0;0;3,469304;11,0916;-0,281671;7,118562;11,05202;0,469315;11,0388;10,86871;1,460714;10,9949;10,91311;1,228372;-0,380045;6,036885;0;34,41122;20,07047;1,001402;37,40199;21,26084;-0,643782;40,72047;22,45847;-1,917364;40,78841;22,3163;-1,738968;-0,413454;12,60826;0;83,34498;12,07381;-1,420641;133,349;14,03063;-1,435148;-179,9244;16,46151;1,711616;179,9958;16,46168;1,429781;-0,485496;22,00679;0;82,97962;13,36752;-1,190102;109,8666;15,03487;-1,205827;135,786;18,45009;0,673464;135,7186;18,25212;0,459328;0;0;0;0;0;0;0;0;0;0;0;0;0;0;0;0;0;0;0;0;0;0;0;0;0;0;0;0;0;0;0;0;0;0;0;0;0;0;0;0;0;0;0;0;0;0;0;0;0;0;0;0;0;0;0;0;0;0;0;0;0;0;0;0;0;0;0;0;0;0;0;0;0;0;0;0;0;0;0;0;0;-15,94171;-1,081601;-8,910296;-30,01794;-2,857893;-15,63996;-40,8554;-4,404186;-20,5779;0;0;0;0;0;0;50,74371;-0,244752;-10,0261;77,70358;-0,373162;-15,36906;99,0466;-0,473745;-19,6284;0;0;0;0;0;0;4,628151;0,083148;-1,689791;7,038116;0,126064;-2,569556;8,931754;0,15825;-3,256202;0;0;0;0;0;0;0;0;0;0,819415;-3,556609;3,634393;0,843387;-12,44545;3,696084;0;0;0;0;0;0;0;0;0;0;0;0;0;0;0;12,81769;12,52445;9,386288;11,22965;43,84567;31,23369;4,784546;1,38621;-11,09205;3,590142;3,504702;3,731716;-20,04387;35,85917;3,571387;3,794573;-12,07378;83,49284;49,99056;45,83457;-13,36859;83,17056;26,88293;25,34004;-1,481094;-4,832954;-0,00246;0;9,701213;-0,170102;-0,003347;0;0,965195;-0,163651;-0,00329;0;0;0;1,757583;1,581344;0;0;0;0;162,6114;-64,46913;-0,295258;0,508118;987,7051;-17,27085;-0,401688;-0,188828;139,8628;-23,73046;-0,197411;0,186253;0;0;-0,082397;-0,013733;0;0;0;0
127;2116,667;00:00:02:117;0;0;0;-3,519914;0,050068;3,621712;-5,099352;-3,080959;6,83662;-6,150678;-5,744211;9,747683;-6,888154;-7,768739;12,00798;-2,370207;0;3,621712;-2,370207;0,05009;11,17456;-1,438218;-0,262002;16,16038;-0,94333;-0,59293;18,79954;-0,551852;-0,995224;20,88047;-0,895299;-0,03505;3,621712;-0,101118;0,01504;11,13133;1,540295;-3,140192;15,49967;2,394786;-5,005623;17,763;3,063497;-6,6685;19,52445;0,443679;-0,000078;3,621712;1,958848;0,050012;10,3956;1,956898;-4,900703;10,96029;1,439666;-6,918584;9,093388;0,719174;-6,926874;6,654312;1,743431;-0,000171;3,621712;3,958467;0,049919;9,102249;3,988765;-3,889036;9,573995;3,769444;-5,796038;8,907051;3,265424;-7,409759;7,339573;0;0;0;-35,0454;-34,37017;114,4014;-30,26085;-34,37019;114,4014;-29,09364;-34,07224;114,7904;-29,09365;-34,07223;114,7904;-0,379977;0;0;3,463674;10,6067;-0,311579;7,106467;10,56723;0,438198;11,01819;10,38419;1,428064;10,97629;10,42853;1,196076;-0,380045;6,036885;0;34,40861;19,95945;0,993752;37,40277;21,14979;-0,650253;40,72393;22,34747;-1,922801;40,7915;22,20529;-1,744555;-0,413454;12,60826;0;83,34498;12,07381;-1,420641;133,4662;14,03062;-1,435147;-179,7005;16,45526;1,716742;-179,7803;16,45649;1,434919;-0,485496;22,00679;0;82,97962;13,36752;-1,190102;109,8666;15,03487;-1,205827;135,786;18,45009;0,673464;135,7186;18,25212;0,459328;0;0;0;0;0;0;0,825875;-1,543499;-1,086518;1,532882;-2,850652;-2,018273;2,071559;-3,846734;-2,728119;0;0;0;0;0;0;-2,538962;0,013146;0,486553;-3,887912;0,020055;0,74628;-4,955794;0,025464;0,953078;0;0;0;0;0;0;-0,530116;-0,009209;0,193119;-0,806429;-0,014037;0,293791;-1,022905;-0,017837;0,372648;0;0;0;0;0;0;0;0;0;-0,054555;0,237376;-0,242025;-0,055807;0,830054;-0,244796;0;0;0;0;0;0;0;0;0;0;0;0;0;0;0;0;0;0;0;0;0;49,55247;-92,60996;-65,19108;91,97294;-171,0391;-121,0964;124,2936;-230,8041;-163,6871;0;0;0;0;0;0;-152,3377;0,788737;29,19316;-233,2747;1,203306;44,77679;-297,3477;1,527853;57,18469;0;0;0;0;0;0;-31,80697;-0,552535;11,58714;-48,38571;-0,842214;17,62747;-61,3743;-1,070201;22,35889;0;0;0;0;0;0;0;0;0;-3,273301;14,24253;-14,52148;-3,348402;49,80325;-14,68777;0;0;0;0;0;0;0;0;0;0;0;0;0;0;0;12,83551;12,51971;9,340342;11,18115;44,24271;31,16425;4,784546;1,386351;-10,60718;3,581788;3,504646;3,731664;-19,93332;35,84044;3,571441;3,794573;-12,07378;83,49284;50,10778;45,94002;-13,36859;83,17056;26,88293;25,34004;23,82248;-4,166107;0;0,008469;29,09237;-0,501237;-0,003347;-0,003147;6,632766;-1,124039;0,00329;0;0;0;7,032852;6,32698;0;0;0;0;1518,214;40,0108;0,147629;0,508118;1163,469;-19,86809;0;-0,188828;340,0543;-57,62329;0,394821;0;0;0;316,5161;284,7381;0;0;0;0
128;2133,333;00:00:02:133;0;0;0;-3,519914;0,050068;3,621712;-5,099352;-3,080959;6,83662;-6,150678;-5,744211;9,747683;-6,888154;-7,768739;12,00798;-2,370207;0;3,621712;-2,370207;0,05009;11,17456;-1,438218;-0,262002;16,16038;-0,94333;-0,59293;18,79954;-0,551852;-0,995224;20,88047;-0,895299;-0,03505;3,621712;-0,101118;0,01504;11,13133;1,540295;-3,140192;15,49967;2,394786;-5,005623;17,763;3,063497;-6,6685;19,52445;0,443679;-0,000078;3,621712;1,958848;0,050012;10,3956;1,956898;-4,900703;10,96029;1,439666;-6,918584;9,093388;0,719174;-6,926874;6,654312;1,743431;-0,000171;3,621712;3,958467;0,049919;9,102249;3,988765;-3,889036;9,573995;3,769444;-5,796038;8,907051;3,265424;-7,409759;7,339573;0;0;0;-35,0454;-34,37017;114,4014;-30,26085;-34,37019;114,4014;-29,09364;-34,07224;114,7904;-29,09365;-34,07223;114,7904;-0,379977;0;0;3,463674;10,6067;-0,311579;7,106467;10,56723;0,438198;11,01819;10,38419;1,428064;10,97629;10,42853;1,196076;-0,380045;6,036885;0;34,40861;19,95945;0,993752;37,40277;21,14979;-0,650253;40,72393;22,34747;-1,922801;40,7915;22,20529;-1,744555;-0,413454;12,60826;0;83,34498;12,07381;-1,420641;133,4662;14,03062;-1,435147;-179,7005;16,45526;1,716742;-179,7803;16,45649;1,434919;-0,485496;22,00679;0;82,97962;13,36752;-1,190102;109,8666;15,03487;-1,205827;135,786;18,45009;0,673464;135,7186;18,25212;0,459328;0;0;0;0;0;0;0;0;0;0;0;0;0;0;0;0;0;0;0;0;0;0;0;0;0;0;0;0;0;0;0;0;0;0;0;0;0;0;0;0;0;0;0;0;0;0;0;0;0;0;0;0;0;0;0;0;0;0;0;0;0;0;0;0;0;0;0;0;0;0;0;0;0;0;0;0;0;0;0;0;0;-49,55247;92,60996;65,19108;-91,97294;171,0391;121,0964;-124,2936;230,8041;163,6871;0;0;0;0;0;0;152,3377;-0,788737;-29,19316;233,2747;-1,203306;-44,77679;297,3477;-1,527853;-57,18469;0;0;0;0;0;0;31,80697;0,552535;-11,58714;48,38571;0,842214;-17,62747;61,3743;1,070201;-22,35889;0;0;0;0;0;0;0;0;0;3,273301;-14,24253;14,52148;3,348402;-49,80325;14,68777;0;0;0;0;0;0;0;0;0;0;0;0;0;0;0;12,83551;12,51971;9,340342;11,18115;44,24271;31,16425;4,784546;1,386351;-10,60718;3,581788;3,504646;3,731664;-19,93332;35,84044;3,571441;3,794573;-12,07378;83,49284;50,10778;45,94002;-13,36859;83,17056;26,88293;25,34004;0;0;0;0;0;0;0;0;0;0;0;0;0;0;0;0;0;0;0;0;-1429,349;249,9664;0;-0,508118;-1745,542;30,07421;0,200844;0,188828;-397,9659;67,44232;-0,197411;0;0;0;-421,9711;-379,6188;0;0;0;0
129;2150;00:00:02:150;0;0;0;-3,519914;0,050068;3,621712;-5,099352;-3,080959;6,83662;-6,150678;-5,744211;9,747683;-6,888154;-7,768739;12,00798;-2,370207;0;3,621712;-2,370207;0,05009;11,17456;-1,438218;-0,262002;16,16038;-0,94333;-0,59293;18,79954;-0,551852;-0,995224;20,88047;-0,895299;-0,03505;3,621712;-0,101118;0,01504;11,13133;1,540295;-3,140192;15,49967;2,394786;-5,005623;17,763;3,063497;-6,6685;19,52445;0,443679;-0,000078;3,621712;1,958848;0,050012;10,3956;1,956898;-4,900703;10,96029;1,439666;-6,918584;9,093388;0,719174;-6,926874;6,654312;1,743431;-0,000171;3,621712;3,958467;0,049919;9,102249;3,988765;-3,889036;9,573995;3,769444;-5,796038;8,907051;3,265424;-7,409759;7,339573;0;0;0;-35,0454;-34,37017;114,4014;-30,26085;-34,37019;114,4014;-29,09364;-34,07224;114,7904;-29,09365;-34,07223;114,7904;-0,379977;0;0;3,463674;10,6067;-0,311579;7,106467;10,56723;0,438198;11,01819;10,38419;1,428064;10,97629;10,42853;1,196076;-0,380045;6,036885;0;34,40861;19,95945;0,993752;37,40277;21,14979;-0,650253;40,72393;22,34747;-1,922801;40,7915;22,20529;-1,744555;-0,413454;12,60826;0;83,34498;12,07381;-1,420641;133,4662;14,03062;-1,435147;-179,7005;16,45526;1,716742;-179,7803;16,45649;1,434919;-0,485496;22,00679;0;82,97962;13,36752;-1,190102;109,8666;15,03487;-1,205827;135,786;18,45009;0,673464;135,7186;18,25212;0,459328;0;0;0;0;0;0;0;0;0;0;0;0;0;0;0;0;0;0;0;0;0;0;0;0;0;0;0;0;0;0;0;0;0;0;0;0;0;0;0;0;0;0;0;0;0;0;0;0;0;0;0;0;0;0;0;0;0;0;0;0;0;0;0;0;0;0;0;0;0;0;0;0;0;0;0;0;0;0;0;0;0;0;0;0;0;0;0;0;0;0;0;0;0;0;0;0;0;0;0;0;0;0;0;0;0;0;0;0;0;0;0;0;0;0;0;0;0;0;0;0;0;0;0;0;0;0;0;0;0;0;0;0;0;0;0;0;0;0;0;0;0;0;0;0;0;0;0;0;0;0;12,83551;12,51971;9,340342;11,18115;44,24271;31,16425;4,784546;1,386351;-10,60718;3,581788;3,504646;3,731664;-19,93332;35,84044;3,571441;3,794573;-12,07378;83,49284;50,10778;45,94002;-13,36859;83,17056;26,88293;25,34004;0;0;0;0;0;0;0;0;0;0;0;0;0;0;0;0;0;0;0;0;-1429,349;249,9664;0;-0,508118;-1745,542;30,07421;0,200844;0,188828;-397,9659;67,44232;-0,197411;0;0;0;-421,9711;-379,6188;0;0;0;0
130;2166,667;00:00:02:167;0;0;0;-3,519914;0,050068;3,621712;-5,069802;-3,092107;6,840124;-6,100154;-5,764109;9,750668;-6,821529;-7,795095;12,01037;-2,370207;0;3,621712;-2,370207;0,05009;11,17456;-1,445481;-0,261962;16,16173;-0,954452;-0,592869;18,80162;-0,56603;-0,995147;20,88313;-0,895299;-0,03505;3,621712;-0,101118;0,01504;11,13133;1,544669;-3,140116;15,49807;2,40144;-5,005507;17,76058;3,071938;-6,668352;19,52138;0,443679;-0,000078;3,621712;1,958848;0,050012;10,3956;1,956898;-4,900703;10,96029;1,438307;-6,912633;9,087353;0,717801;-6,906108;6,648274;1,743431;-0,000171;3,621712;3,958467;0,049919;9,102249;3,988765;-3,889036;9,573995;3,769444;-5,796038;8,907051;3,265424;-7,409759;7,339573;0;0;0;-34,8027;-34,52622;114,5508;-30,09434;-34,52623;114,5508;-28,92901;-34,22921;114,9416;-28,92902;-34,22921;114,9416;-0,379977;0;0;3,462735;10,52354;-0,316699;7,104424;10,48409;0,432878;11,01468;10,3011;1,422488;10,97312;10,34542;1,190559;-0,380045;6,036885;0;34,40989;20,01441;0,997537;37,40238;21,20476;-0,647049;40,72222;22,40241;-1,920108;40,78997;22,26024;-1,741791;-0,413454;12,60826;0;83,34498;12,07381;-1,420641;133,642;14,03063;-1,435148;-179,3646;16,44587;1,724406;-179,4444;16,44868;1,442608;-0,485496;22,00679;0;82,97962;13,36752;-1,190102;109,8666;15,03487;-1,205827;135,786;18,45009;0,673464;135,7186;18,25212;0,459328;0;0;0;0;0;0;1,773007;-0,668854;0,210241;3,031455;-1,193851;0,179127;3,997474;-1,581386;0,143141;0;0;0;0;0;0;-0,435814;0,002389;0,08136;-0,667367;0,003643;0,124812;-0,850674;0,004627;0,159234;0;0;0;0;0;0;0,262454;0,004582;-0,095487;0,399225;0,006974;-0,145197;0,506446;0,008896;-0,184089;0;0;0;0;0;0;0;0;0;-0,081573;0,357047;-0,362098;-0,082397;1,245975;-0,362277;0;0;0;0;0;0;0;0;0;0;0;0;0;0;0;0;0;0;0;0;0;106,3804;-40,13121;12,61443;181,8873;-71,63107;10,74761;239,8485;-94,88314;8,588431;0;0;0;0;0;0;-26,14886;0,143331;4,881619;-40,04202;0,2186;7,488727;-51,04042;0,277609;9,554027;0;0;0;0;0;0;15,74725;0,274926;-5,729198;23,95347;0,418425;-8,711813;30,38674;0,53376;-11,04533;0;0;0;0;0;0;0;0;0;-4,89436;21,4228;-21,72589;-4,943813;74,75851;-21,73662;0;0;0;0;0;0;0;0;0;0;0;0;0;0;0;12,81001;12,47259;9,294292;11,12257;44,31329;30,71405;4,708317;1,38621;-10,52402;3,580421;3,504702;3,731716;-19,98804;35,8497;3,571387;3,794625;-12,07378;83,49284;50,28359;46,09818;-13,36859;83,17056;26,88293;25,34004;4,234314;-27,01195;-4,573745;-0,008469;4,989681;-0,082026;0,003347;0,003147;-3,28331;0,555954;-0,00329;0,003104;0;0;10,54871;9,489211;0;0;0;0;254,0588;-1620,717;-274,4247;-0,508118;299,3808;-4,921531;0,200844;0,188828;-196,9986;33,35724;-0,197411;0,186253;0;0;632,9223;569,3527;0;0;0;0
131;2183,333;00:00:02:183;0;0;0;-3,519914;0,050068;3,621712;-5,043052;-3,074491;6,869908;-6,049616;-5,729714;9,804034;-6,752625;-7,747495;12,08128;-2,370207;0;3,621712;-2,370207;0,05009;11,17456;-1,455994;-0,261903;16,16367;-0,970551;-0,59278;18,80459;-0,58655;-0,995033;20,88693;-0,895299;-0,03505;3,621712;-0,101118;0,01504;11,13133;1,540895;-3,140182;15,49945;2,3957;-5,005608;17,76266;3,064656;-6,66848;19,52403;0,443679;-0,000078;3,621712;1,958848;0,050012;10,3956;1,956898;-4,900703;10,96029;1,435827;-6,901672;9,076333;0,715353;-6,867985;6,63747;1,743431;-0,000171;3,621712;3,958467;0,049919;9,102249;3,988765;-3,889036;9,573995;3,769444;-5,796038;8,907051;3,265424;-7,409759;7,339573;0;0;0;-34,23293;-34,3279;114,3611;-29,52456;-34,32791;114,3611;-28,35961;-34,03411;114,7545;-28,35961;-34,03412;114,7545;-0,379977;0;0;3,461391;10,40322;-0,324101;7,101478;10,3638;0,425187;11,00963;10,18088;1,414432;10,96857;10,22518;1,182587;-0,380045;6,036885;0;34,40878;19,967;0,994271;37,40273;21,15734;-0,649813;40,72369;22,35501;-1,922431;40,79129;22,21283;-1,744175;-0,413454;12,60826;0;83,34498;12,07381;-1,420641;133,9643;14,03063;-1,435148;-178,749;16,42859;1,738378;-178,8286;16,43431;1,456651;-0,485496;22,00679;0;82,97962;13,36752;-1,190102;109,8666;15,03487;-1,205827;135,786;18,45009;0,673464;135,7186;18,25212;0,459328;0;0;0;0;0;0;1,604989;1,056991;1,787022;3,032282;2,063669;3,201976;4,134267;2,856016;4,254967;0;0;0;0;0;0;-0,630783;0,003529;0,116497;-0,965919;0,005381;0,178546;-1,231234;0,00684;0,228167;0;0;0;0;0;0;-0,226423;-0,003956;0,082433;-0,344396;-0,006035;0,125259;-0,436887;-0,007644;0,158876;0;0;0;0;0;0;0;0;0;-0,148796;0,657633;-0,661165;-0,146885;2,287388;-0,648245;0;0;0;0;0;0;0;0;0;0;0;0;0;0;0;0;0;0;0;0;0;-10,08108;103,5507;94,60686;0,049621;195,4512;181,371;8,207559;266,2441;246,7096;0;0;0;0;0;0;-11,69812;0,068396;2,108216;-17,91313;0,104271;3,224015;-22,83364;0,132769;4,135965;0;0;0;0;0;0;-29,33263;-0,512302;10,67519;-44,6172;-0,780523;16,22736;-56,59998;-0,992417;20,5779;0;0;0;0;0;0;0;0;0;-4,033371;18,03517;-17,94398;-3,869254;62,48473;-17,15809;0;0;0;0;0;0;0;0;0;0;0;0;0;0;0;12,69471;12,3668;9,283283;11,0887;43,88853;30,12275;4,708358;1,38621;-10,40371;3,578342;3,504646;3,731664;-19,94085;35,84172;3,571441;3,794625;-12,07378;83,49284;50,60593;46,38815;-13,36859;83,17056;26,88293;25,34004;-25,48507;-35,47794;0,002489;0;7,218475;-0,124712;-0,003347;-0,003147;2,831955;-0,479279;0,00329;0;0;0;19,34074;17,39845;0;0;0;0;-1783,163;-507,9598;274,574;0,508118;133,7276;-2,561188;-0,401688;-0,377655;366,9158;-62,11395;0,394821;-0,186253;0;0;527,5222;474,5545;0;0;0;0
132;2200;00:00:02:200;0;0;0;-3,519914;0,050068;3,621712;-5,043052;-3,074491;6,869908;-6,049616;-5,729714;9,804034;-6,752625;-7,747495;12,08128;-2,370207;0;3,621712;-2,370207;0,05009;11,17456;-1,455994;-0,261903;16,16367;-0,970551;-0,59278;18,80459;-0,58655;-0,995033;20,88693;-0,895299;-0,03505;3,621712;-0,101118;0,01504;11,13133;1,540895;-3,140182;15,49945;2,3957;-5,005608;17,76266;3,064656;-6,66848;19,52403;0,443679;-0,000078;3,621712;1,958848;0,050012;10,3956;1,956898;-4,900703;10,96029;1,435827;-6,901672;9,076333;0,715353;-6,867985;6,63747;1,743431;-0,000171;3,621712;3,958467;0,049919;9,102249;3,988765;-3,889036;9,573995;3,769444;-5,796038;8,907051;3,265424;-7,409759;7,339573;0;0;0;-34,23293;-34,3279;114,3611;-29,52456;-34,32791;114,3611;-28,35961;-34,03411;114,7545;-28,35961;-34,03412;114,7545;-0,379977;0;0;3,461391;10,40322;-0,324101;7,101478;10,3638;0,425187;11,00963;10,18088;1,414432;10,96857;10,22518;1,182587;-0,380045;6,036885;0;34,40878;19,967;0,994271;37,40273;21,15734;-0,649813;40,72369;22,35501;-1,922431;40,79129;22,21283;-1,744175;-0,413454;12,60826;0;83,34498;12,07381;-1,420641;133,9643;14,03063;-1,435148;-178,749;16,42859;1,738378;-178,8286;16,43431;1,456651;-0,485496;22,00679;0;82,97962;13,36752;-1,190102;109,8666;15,03487;-1,205827;135,786;18,45009;0,673464;135,7186;18,25212;0,459328;0;0;0;0;0;0;0;0;0;0;0;0;0;0;0;0;0;0;0;0;0;0;0;0;0;0;0;0;0;0;0;0;0;0;0;0;0;0;0;0;0;0;0;0;0;0;0;0;0;0;0;0;0;0;0;0;0;0;0;0;0;0;0;0;0;0;0;0;0;0;0;0;0;0;0;0;0;0;0;0;0;-96,29935;-63,41949;-107,2213;-181,9369;-123,8201;-192,1186;-248,056;-171,3609;-255,298;0;0;0;0;0;0;37,84697;-0,211727;-6,989836;57,95515;-0,322871;-10,71274;73,87406;-0,410378;-13,68999;0;0;0;0;0;0;13,58539;0,237376;-4,945992;20,66373;0,362098;-7,515549;26,21323;0,458658;-9,532569;0;0;0;0;0;0;0;0;0;8,927732;-39,45797;39,66986;8,813066;-137,2432;38,89471;0;0;0;0;0;0;0;0;0;0;0;0;0;0;0;12,69471;12,3668;9,283283;11,0887;43,88853;30,12275;4,708358;1,38621;-10,40371;3,578342;3,504646;3,731664;-19,94085;35,84172;3,571441;3,794625;-12,07378;83,49284;50,60593;46,38815;-13,36859;83,17056;26,88293;25,34004;0;0;0;0;0;0;0;0;0;0;0;0;0;0;0;0;0;0;0;0;1529,104;2128,677;-0,149345;0;-433,1085;7,482718;0,200844;0,188828;-169,9173;28,75671;-0,197411;0;0;0;-1160,444;-1043,907;0;0;0;0
133;2216,667;00:00:02:217;0;0;0;-3,519914;0,050068;3,621712;-5,013789;-3,087331;6,87112;-5,99478;-5,752272;9,805099;-6,678163;-7,777197;12,08198;-2,370207;0;3,621712;-2,370207;0,05009;11,17456;-1,45614;-0,261902;16,1637;-0,970774;-0,592778;18,80463;-0,586834;-0,995031;20,88698;-0,895299;-0,03505;3,621712;-0,101118;0,01504;11,13133;1,553559;-3,13996;15,49483;2,414964;-5,00527;17,75563;3,089093;-6,668052;19,51511;0,443679;-0,000078;3,621712;1,958848;0,050012;10,3956;1,956898;-4,900703;10,96029;1,435602;-6,900674;9,075335;0,715135;-6,864516;6,636505;1,743431;-0,000171;3,621712;3,958467;0,049919;9,102249;3,988765;-3,889036;9,573995;3,769444;-5,796038;8,907051;3,265424;-7,409759;7,339573;0;0;0;-34,01978;-34,50753;114,5329;-29,31143;-34,50755;114,5329;-28,14872;-34,21495;114,9285;-28,14871;-34,21495;114,9285;-0,379977;0;0;3,461372;10,40156;-0,324203;7,101437;10,36213;0,42508;11,00956;10,17922;1,414321;10,9685;10,22352;1,182476;-0,380045;6,036885;0;34,41254;20,12616;1,005245;37,40161;21,31654;-0,640533;40,71874;22,51414;-1,914636;40,78687;22,37198;-1,736164;-0,413454;12,60826;0;83,34498;12,07381;-1,420641;133,9936;14,03063;-1,435147;-178,693;16,42702;1,739642;-178,7727;16,433;1,457923;-0,485496;22,00679;0;82,97962;13,36752;-1,190102;109,8666;15,03487;-1,205827;135,786;18,45009;0,673464;135,7186;18,25212;0,459328;0;0;0;0;0;0;1,755774;-0,770442;0,072733;3,290176;-1,353487;0,063881;4,467755;-1,782104;0,041977;0;0;0;0;0;0;-0,008723;0,00005;0,001609;-0,013361;0,000081;0,002503;-0,017021;0,000101;0,00304;0;0;0;0;0;0;0,759836;0,013299;-0,27734;1,155876;0,020251;-0,421733;1,466185;0,02566;-0,535101;0;0;0;0;0;0;0;0;0;-0,013478;0,059903;-0,059903;-0,013081;0,208095;-0,057891;0;0;0;0;0;0;0;0;0;0;0;0;0;0;0;0;0;0;0;0;0;105,3464;-46,22652;4,363953;197,4106;-81,20923;3,832876;268,0653;-106,9263;2,518594;0;0;0;0;0;0;-0,523366;0,003017;0,09656;-0,801645;0,004862;0,150204;-1,021251;0,006035;0,18239;0;0;0;0;0;0;45,59017;0,797957;-16,64042;69,35252;1,21504;-25,30396;87,97108;1,539588;-32,10604;0;0;0;0;0;0;0;0;0;-0,808686;3,59416;-3,59416;-0,784881;12,48568;-3,47346;0;0;0;0;0;0;0;0;0;0;0;0;0;0;0;12,67399;12,32399;9,227518;11,02272;43,99528;29,69004;4,708317;1,386351;-10,40204;3,578233;3,504702;3,731664;-20,09931;35,8686;3,571441;3,794625;-12,07378;83,49284;50,63523;46,4145;-13,36859;83,17056;26,88293;25,34004;6,404571;-25,96298;-0,002489;0,008469;0,09985;-0,006566;0,003347;0;-9,507636;1,61293;0;0;0;0;1,757812;1,581116;0;0;0;0;384,2742;-1557,779;-0,149345;0,508118;5,990981;-0,393963;0,200844;0;-570,4581;96,7758;0;0;0;0;105,4687;94,86693;0;0;0;0
134;2233,333;00:00:02:233;0;0;0;-3,519914;0,050068;3,621712;-5,002767;-3,08126;6,882007;-5,973982;-5,740335;9,824547;-6,649825;-7,760624;12,10779;-2,370207;0;3,621712;-2,370207;0,05009;11,17456;-1,454258;-0,261913;16,16335;-0,967893;-0,592795;18,8041;-0,583163;-0,995052;20,8863;-0,895299;-0,03505;3,621712;-0,101118;0,01504;11,13133;1,551759;-3,139992;15,49549;2,412226;-5,00532;17,75664;3,08562;-6,668115;19,51638;0,443679;-0,000078;3,621712;1,958848;0,050012;10,3956;1,956898;-4,900703;10,96029;1,435378;-6,899675;9,074336;0,714918;-6,861049;6,635543;1,743431;-0,000171;3,621712;3,958467;0,049919;9,102249;3,988765;-3,889036;9,573995;3,769444;-5,796038;8,907051;3,265424;-7,409759;7,339573;0;0;0;-33,80198;-34,44167;114,4698;-29,09362;-34,44169;114,4698;-27,93111;-34,15034;114,8663;-27,93111;-34,15033;114,8664;-0,379977;0;0;3,461612;10,42309;-0,322879;7,101964;10,38365;0,426456;11,01046;10,20073;1,415761;10,96932;10,24503;1,183902;-0,380045;6,036885;0;34,41201;20,10353;1,003684;37,40176;21,29391;-0,641853;40,71944;22,49152;-1,915745;40,7875;22,34936;-1,737304;-0,413454;12,60826;0;83,34498;12,07381;-1,420641;134,023;14,03063;-1,435148;-178,637;16,42545;1,740907;-178,7167;16,43169;1,459195;-0,485496;22,00679;0;82,97962;13,36752;-1,190102;109,8666;15,03487;-1,205827;135,786;18,45009;0,673464;135,7186;18,25212;0,459328;0;0;0;0;0;0;0,661366;0,364244;0,653207;1,247831;0,716239;1,166895;1,700252;0,99434;1,548394;0;0;0;0;0;0;0,112865;-0,000637;-0,020742;0,172829;-0,000972;-0,031829;0,220288;-0,001229;-0,040591;0;0;0;0;0;0;-0,10797;-0,001922;0,039518;-0,164285;-0,00295;0,060171;-0,208363;-0,003755;0,076443;0;0;0;0;0;0;0;0;0;-0,013467;0,059947;-0,059903;-0,013031;0,20805;-0,057712;0;0;0;0;0;0;0;0;0;0;0;0;0;0;0;0;0;0;0;0;0;-65,6645;68,08116;34,82848;-122,5407;124,1836;66,18082;-166,0502;166,5866;90,38507;0;0;0;0;0;0;7,295272;-0,041239;-1,341104;11,1714;-0,0632;-2,059936;14,23851;-0,079796;-2,617836;0;0;0;0;0;0;-52,06838;-0,913292;19,01149;-79,20964;-1,392066;28,91421;-100,4729;-1,764894;36,69261;0;0;0;0;0;0;0;0;0;0,000671;0,002682;0;0,003017;-0,002682;0,010729;0;0;0;0;0;0;0;0;0;0;0;0;0;0;0;12,63486;12,2825;9,219228;11,00778;43,84407;29,45708;4,708358;1,38621;-10,42356;3,578671;3,504702;3,731664;-20,07678;35,86477;3,571496;3,794573;-12,07378;83,49284;50,66454;46,44086;-13,36859;83,17056;26,88293;25,34004;-9,072189;-13,97724;0,002489;-0,008469;-1,291294;0,026264;0;0;1,351318;-0,230026;0,00329;-0,003104;0;0;1,758728;1,581573;0;0;0;0;-928,6056;719,1443;0,298691;-1,016235;-83,46861;1,969814;-0,200844;0;651,5372;-110,5774;0,197411;-0,186253;0;0;0,054932;0,027466;0;0;0;0
135;2250;00:00:02:250;0;0;0;-3,519914;0,050068;3,621712;-4,983255;-3,001358;6,965515;-5,936267;-5,589787;9,976211;-6,59783;-7,555575;12,31064;-2,370207;0;3,621712;-2,370207;0,05009;11,17456;-1,442544;-0,261978;16,16119;-0,949955;-0,592894;18,80078;-0,560297;-0,995178;20,88206;-0,895299;-0,03505;3,621712;-0,101118;0,01504;11,13133;1,565104;-3,139757;15,49058;2,432527;-5,004961;17,74917;3,111371;-6,66766;19,50691;0,443679;-0,000078;3,621712;1,958848;0,050012;10,3956;1,956898;-4,900703;10,96029;1,434705;-6,896672;9,071344;0,714269;-6,850639;6,632671;1,743431;-0,000171;3,621712;3,958467;0,049919;9,102249;3,988765;-3,889036;9,573995;3,767232;-5,792791;8,898562;3,259261;-7,392062;7,317608;0;0;0;-32,57293;-33,48388;113,5665;-27,86457;-33,4839;113,5665;-26,69822;-33,19965;113,9661;-26,69822;-33,19965;113,9661;-0,379977;0;0;3,463114;10,55717;-0,314629;7,105248;10,5177;0,435028;11,0161;10,3347;1,424742;10,9744;10,37902;1,192789;-0,380045;6,036885;0;34,416;20,27141;1,015279;37,40062;21,46182;-0,632056;40,71424;22,65937;-1,907526;40,78288;22,51722;-1,728856;-0,413454;12,60826;0;83,34498;12,07381;-1,420641;134,1109;14,03063;-1,435147;-178,4691;16,42072;1,744694;-178,5488;16,42775;1,46301;-0,485496;22,00679;0;82,97962;13,36752;-1,190102;110,1304;15,03487;-1,205826;136,2917;18,44171;0,68996;136,2238;18,24552;0,474004;0;0;0;0;0;0;1,170672;4,794147;5,0105;2,262913;9,032852;9,099795;3,119677;12,30298;12,17084;0;0;0;0;0;0;0,702867;-0,003913;-0,130177;1,076303;-0,005971;-0,199556;1,371939;-0,007594;-0,254899;0;0;0;0;0;0;0,80069;0,014126;-0,294417;1,218036;0,021502;-0,447839;1,545064;0,027269;-0,568271;0;0;0;0;0;0;0;0;0;-0,040367;0,1802;-0,179529;-0,038886;0,624597;-0,172332;0;0;0;0;0;0;0;0;0;-0,132725;0,194773;-0,509351;-0,369743;1,061842;-1,317903;0;0;0;0;0;0;30,5584;265,7941;261,4376;60,90491;498,9967;475,974;85,16548;678,5184;637,3464;0;0;0;0;0;0;35,40012;-0,196556;-6,566047;54,20844;-0,299904;-10,06365;69,09906;-0,381879;-12,85851;0;0;0;0;0;0;54,51958;0,962913;-20,0361;82,93925;1,467168;-30,48062;105,2056;1,861453;-38,68281;0;0;0;0;0;0;0;0;0;-1,614019;7,215141;-7,17759;-1,551322;24,99282;-6,877184;0;0;0;0;0;0;0;0;0;-7,963478;11,68638;-30,56109;-22,18455;63,71051;-79,07419;12,36769;12,1179;9,28456;11,05076;42,38236;28,63553;4,708317;1,386351;-10,55764;3,580968;3,504702;3,731664;-20,24391;35,89335;3,571387;3,794625;-12,07378;83,49284;50,75246;46,51995;-13,36859;83,17056;27,1466;25,57696;-87,70271;-49,2929;-0,002489;0,008469;-8,044338;0,13783;0;0;-10,02754;1,71524;-0,00658;0,003104;0;0;5,27481;4,745407;0;0;15,81974;14,21516;-4717,831;-2118,94;-0,298691;1,016235;-405,1826;6,693935;0;0;-682,7315;116,716;-0,592232;0,372505;0;0;210,9649;189,83;0;0;949,1843;852,9097
136;2266,667;00:00:02:267;0;0;0;-3,519914;0,050068;3,621712;-4,983255;-3,001358;6,965515;-5,936267;-5,589787;9,976211;-6,59783;-7,555575;12,31064;-2,370207;0;3,621712;-2,370207;0,05009;11,17456;-1,442544;-0,261978;16,16119;-0,949955;-0,592894;18,80078;-0,560297;-0,995178;20,88206;-0,895299;-0,03505;3,621712;-0,101118;0,01504;11,13133;1,565104;-3,139757;15,49058;2,432527;-5,004961;17,74917;3,111371;-6,66766;19,50691;0,443679;-0,000078;3,621712;1,958848;0,050012;10,3956;1,956898;-4,900703;10,96029;1,434705;-6,896672;9,071344;0,714269;-6,850639;6,632671;1,743431;-0,000171;3,621712;3,958467;0,049919;9,102249;3,988765;-3,889036;9,573995;3,767232;-5,792791;8,898562;3,259261;-7,392062;7,317608;0;0;0;-32,57293;-33,48388;113,5665;-27,86457;-33,4839;113,5665;-26,69822;-33,19965;113,9661;-26,69822;-33,19965;113,9661;-0,379977;0;0;3,463114;10,55717;-0,314629;7,105248;10,5177;0,435028;11,0161;10,3347;1,424742;10,9744;10,37902;1,192789;-0,380045;6,036885;0;34,416;20,27141;1,015279;37,40062;21,46182;-0,632056;40,71424;22,65937;-1,907526;40,78288;22,51722;-1,728856;-0,413454;12,60826;0;83,34498;12,07381;-1,420641;134,1109;14,03063;-1,435147;-178,4691;16,42072;1,744694;-178,5488;16,42775;1,46301;-0,485496;22,00679;0;82,97962;13,36752;-1,190102;110,1304;15,03487;-1,205826;136,2917;18,44171;0,68996;136,2238;18,24552;0,474004;0;0;0;0;0;0;0;0;0;0;0;0;0;0;0;0;0;0;0;0;0;0;0;0;0;0;0;0;0;0;0;0;0;0;0;0;0;0;0;0;0;0;0;0;0;0;0;0;0;0;0;0;0;0;0;0;0;0;0;0;0;0;0;0;0;0;0;0;0;0;0;0;0;0;0;0;0;0;0;0;0;-70,24033;-287,6488;-300,63;-135,7747;-541,9711;-545,9877;-187,1806;-738,1787;-730,2501;0;0;0;0;0;0;-42,17203;0,234777;7,810592;-64,57819;0,358243;11,97338;-82,31631;0,45564;15,29395;0;0;0;0;0;0;-48,04138;-0,847578;17,66503;-73,08214;-1,290142;26,87037;-92,70383;-1,636147;34,09623;0;0;0;0;0;0;0;0;0;2,422034;-10,81198;10,77175;2,333186;-37,47582;10,33991;0;0;0;0;0;0;0;0;0;7,963478;-11,68638;30,56109;22,18455;-63,71051;79,07419;12,36769;12,1179;9,28456;11,05076;42,38236;28,63553;4,708317;1,386351;-10,55764;3,580968;3,504702;3,731664;-20,24391;35,89335;3,571387;3,794625;-12,07378;83,49284;50,75246;46,51995;-13,36859;83,17056;27,1466;25,57696;-87,70271;-49,2929;-0,002489;0,008469;-8,044338;0,13783;0;0;-10,02754;1,71524;-0,00658;0,003104;0;0;5,27481;4,745407;0;0;15,81974;14,21516;-4717,831;-2118,94;-0,298691;1,016235;-405,1826;6,693935;0;0;-682,7315;116,716;-0,592232;0,372505;0;0;210,9649;189,83;0;0;949,1843;852,9097
137;2283,333;00:00:02:283;0;0;0;-3,519914;0,050068;3,621712;-4,913443;-3,018744;6,979398;-5,805381;-5,618842;9,99874;-6,420051;-7,592831;12,33906;-2,370207;0;3,621712;-2,370207;0,05009;11,17456;-1,444619;-0,261967;16,16157;-0,953132;-0,592877;18,80137;-0,564346;-0,995156;20,88281;-0,895299;-0,03505;3,621712;-0,101118;0,01504;11,13133;1,536659;-3,183856;15,46917;2,388541;-5,071912;17,71465;3,054556;-6,7524;19,46034;0,443679;-0,000078;3,621712;1,958848;0,050012;10,3956;1,956898;-4,900703;10,96029;1,433363;-6,890652;9,065374;0,712994;-6,829805;6,627006;1,743431;-0,000171;3,621712;3,958467;0,049919;9,102249;3,988765;-3,889036;9,573995;3,763799;-5,787662;8,885386;3,249755;-7,364211;7,283709;0;0;0;-31,90504;-33,76035;113,8245;-27,19668;-33,76035;113,8245;-26,03484;-33,48;114,2293;-26,03484;-33,48001;114,2293;-0,379977;0;0;3,462846;10,53342;-0,316091;7,104663;10,49396;0,433509;11,0151;10,31097;1,42315;10,9735;10,35529;1,191213;-0,380045;6,036885;0;34,94955;20,03403;0,998889;37,94547;21,23887;-0,633896;41,26895;22,44771;-1,894978;41,33628;22,30397;-1,71808;-0,413454;12,60826;0;83,34498;12,07381;-1,420641;134,2867;14,03063;-1,435147;-178,1333;16,41124;1,752245;-178,2129;16,41987;1,470621;-0,485496;22,00679;0;82,97962;13,36752;-1,190102;110,5406;15,03487;-1,205823;137,0784;18,42851;0,715535;137,0096;18,23516;0,496777;0;0;0;0;0;0;4,188761;-1,043189;0,833005;7,853172;-1,743279;1,351789;10,66679;-2,235353;1,705125;0;0;0;0;0;0;-0,124477;0,000689;0,023156;-0,19061;0,001051;0,035495;-0,242963;0,001341;0,045419;0;0;0;0;0;0;-1,706751;-2,645954;-1,284599;-2,639182;-4,017077;-2,071291;-3,408886;-5,084395;-2,794325;0;0;0;0;0;0;0;0;0;-0,080489;0,361159;-0,358209;-0,076521;1,250043;-0,339925;0;0;0;0;0;0;0;0;0;-0,205949;0,307784;-0,790581;-0,570349;1,671061;-2,033964;0;0;0;0;0;0;251,3256;-62,59135;49,98028;471,1903;-104,5968;81,10731;640,0071;-134,1212;102,3075;0;0;0;0;0;0;-7,46861;0,041323;1,389384;-11,4366;0,063032;2,129673;-14,5778;0,080466;2,725124;0;0;0;0;0;0;-102,4051;-158,7572;-77,07594;-158,3509;-241,0246;-124,2775;-204,5332;-305,0637;-167,6595;0;0;0;0;0;0;0;0;0;-4,829317;21,66956;-21,49254;-4,59127;75,0026;-20,39551;0;0;0;0;0;0;0;0;0;-12,35694;18,46701;-47,43486;-34,22096;100,2637;-122,0378;12,28065;11,88222;9,170064;10,91393;42,42625;27,53975;4,708317;1,386492;-10,53388;3,580531;3,504702;3,731716;-20,00735;36,40657;3,571441;3,794573;-12,07378;83,49284;50,92828;46,67813;-13,36859;83,17056;27,55672;25,94552;2,633514;-65,74677;0;0,008476;1,425247;-0,026236;0;0,003147;14,19365;30,79284;0,00329;-0,003104;0;0;10,54916;9,490584;0;0;24,60743;22,11376;5420,173;-987,2316;0,149345;0,000429;568,1751;-9,843921;0;0,188828;1453,271;1744,656;0,592232;-0,372505;0;0;316,4612;284,7107;0;0;527,2613;473,9158
138;2300;00:00:02:300;0;0;0;-3,519914;0,050068;3,621712;-4,913443;-3,018744;6,979398;-5,805381;-5,618842;9,99874;-6,420051;-7,592831;12,33906;-2,370207;0;3,621712;-2,370207;0,05009;11,17456;-1,444619;-0,261967;16,16157;-0,953132;-0,592877;18,80137;-0,564346;-0,995156;20,88281;-0,895299;-0,03505;3,621712;-0,101118;0,01504;11,13133;1,536659;-3,183856;15,46917;2,388541;-5,071912;17,71465;3,054556;-6,7524;19,46034;0,443679;-0,000078;3,621712;1,958848;0,050012;10,3956;1,956898;-4,900703;10,96029;1,433363;-6,890652;9,065374;0,712994;-6,829805;6,627006;1,743431;-0,000171;3,621712;3,958467;0,049919;9,102249;3,988765;-3,889036;9,573995;3,763799;-5,787662;8,885386;3,249755;-7,364211;7,283709;0;0;0;-31,90504;-33,76035;113,8245;-27,19668;-33,76035;113,8245;-26,03484;-33,48;114,2293;-26,03484;-33,48001;114,2293;-0,379977;0;0;3,462846;10,53342;-0,316091;7,104663;10,49396;0,433509;11,0151;10,31097;1,42315;10,9735;10,35529;1,191213;-0,380045;6,036885;0;34,94955;20,03403;0,998889;37,94547;21,23887;-0,633896;41,26895;22,44771;-1,894978;41,33628;22,30397;-1,71808;-0,413454;12,60826;0;83,34498;12,07381;-1,420641;134,2867;14,03063;-1,435147;-178,1333;16,41124;1,752245;-178,2129;16,41987;1,470621;-0,485496;22,00679;0;82,97962;13,36752;-1,190102;110,5406;15,03487;-1,205823;137,0784;18,42851;0,715535;137,0096;18,23516;0,496777;0;0;0;0;0;0;0;0;0;0;0;0;0;0;0;0;0;0;0;0;0;0;0;0;0;0;0;0;0;0;0;0;0;0;0;0;0;0;0;0;0;0;0;0;0;0;0;0;0;0;0;0;0;0;0;0;0;0;0;0;0;0;0;0;0;0;0;0;0;0;0;0;0;0;0;0;0;0;0;0;0;-251,3256;62,59135;-49,98028;-471,1903;104,5968;-81,10731;-640,0071;134,1212;-102,3075;0;0;0;0;0;0;7,46861;-0,041323;-1,389384;11,4366;-0,063032;-2,129673;14,5778;-0,080466;-2,725124;0;0;0;0;0;0;102,4051;158,7572;77,07594;158,3509;241,0246;124,2775;204,5332;305,0637;167,6595;0;0;0;0;0;0;0;0;0;4,829317;-21,66956;21,49254;4,59127;-75,0026;20,39551;0;0;0;0;0;0;0;0;0;12,35694;-18,46701;47,43486;34,22096;-100,2637;122,0378;12,28065;11,88222;9,170064;10,91393;42,42625;27,53975;4,708317;1,386492;-10,53388;3,580531;3,504702;3,731716;-20,00735;36,40657;3,571441;3,794573;-12,07378;83,49284;50,92828;46,67813;-13,36859;83,17056;27,55672;25,94552;2,633514;-65,74677;0;0,008476;1,425247;-0,026236;0;0,003147;14,19365;30,79284;0,00329;-0,003104;0;0;10,54916;9,490584;0;0;24,60743;22,11376;5420,173;-987,2316;0,149345;0,000429;568,1751;-9,843921;0;0,188828;1453,271;1744,656;0,592232;-0,372505;0;0;316,4612;284,7107;0;0;527,2613;473,9158
139;2316,667;00:00:02:317;0;0;0;-3,519914;0,050068;3,621712;-4,887236;-2,968752;7,035031;-5,750554;-5,523403;10,10112;-6,343055;-7,462161;12,47635;-2,370207;0;3,621712;-2,370207;0,05009;11,17456;-1,432127;-0,262035;16,15923;-0,934004;-0,59298;18,79778;-0,539965;-0,995288;20,87823;-0,895299;-0,03505;3,621712;-0,101118;0,01504;11,13133;1,506815;-3,210771;15,46039;2,342724;-5,112766;17,70011;2,995843;-6,804094;19,44019;0,443679;-0,000078;3,621712;1,958848;0,050012;10,3956;1,956898;-4,900703;10,96029;1,432917;-6,888641;9,063389;0,712575;-6,822856;6,62514;1,743431;-0,000171;3,621712;3,958467;0,049919;9,102249;3,988765;-3,889036;9,573995;3,761599;-5,784312;8,876933;3,243698;-7,346103;7,262093;0;0;0;-30,98856;-33,18401;113,2891;-26,204;-33,18402;113,2891;-25,04047;-32,90955;113,697;-25,04046;-32,90955;113,697;-0,379977;0;0;3,464468;10,67644;-0,307284;7,108191;10,63695;0,442664;11,02113;10,45387;1,432746;10,97894;10,49822;1,200708;-0,380045;6,036885;0;35,27065;19,73062;0,978012;38,27823;20,94416;-0,644233;41,61141;22,15987;-1,895089;41,67744;22,01516;-1,719481;-0,413454;12,60826;0;83,34498;12,07381;-1,420641;134,3453;14,03063;-1,435148;-178,0214;16,40808;1,754755;-178,101;16,41723;1,473154;-0,485496;22,00679;0;82,97962;13,36752;-1,190102;110,8044;15,03487;-1,205819;137,5841;18,41993;0,731922;137,5147;18,22842;0,511386;0;0;0;0;0;0;1,5724;2,999559;3,337965;3,289618;5,726337;6,142973;4,619747;7,840186;8,237599;0;0;0;0;0;0;0,749465;-0,004085;-0,140369;1,147667;-0,006233;-0,215292;1,462888;-0,007913;-0,274926;0;0;0;0;0;0;-1,790631;-1,614891;-0,526518;-2,748973;-2,451204;-0,872791;-3,522813;-3,101617;-1,208961;0;0;0;0;0;0;0;0;0;-0,026777;0,120655;-0,119135;-0,025151;0,416949;-0,111938;0;0;0;0;0;0;0;0;0;-0,132009;0,200965;-0,507161;-0,363462;1,086473;-1,296937;0;0;0;0;0;0;94,34402;179,9735;200,2778;197,377;343,5802;368,5784;277,1848;470,4111;494,256;0;0;0;0;0;0;44,9679;-0,245087;-8,422134;68,86001;-0,374001;-12,91752;87,77327;-0,474751;-16,49558;0;0;0;0;0;0;-107,4379;-96,89346;-31,59105;-164,9384;-147,0722;-52,36745;-211,3688;-186,097;-72,53765;0;0;0;0;0;0;0;0;0;-1,606643;7,239281;-7,148086;-1,509078;25,01696;-6,71625;0;0;0;0;0;0;0;0;0;-7,920562;12,05787;-30,42966;-21,8077;65,18839;-77,81624;12,08668;11,66804;9,188433;10,91365;41,4903;26,83028;4,784546;1,386351;-10,67691;3,583045;3,504702;3,731664;-19,70512;36,69174;3,571441;3,794573;-12,07378;83,49284;50,98689;46,73084;-13,36859;83,17056;27,82036;26,18246;-56,15753;-42,56824;4,573745;-0,008476;-8,581753;0,150876;0;-0,003147;18,13351;17,11052;0;0;0;0;3,516769;3,162689;0;0;15,81859;14,21596;-3527,462;1390,711;274,4247;-1,017094;-600,42;10,6267;0;-0,377655;236,3915;-820,9395;-0,197411;0,186253;0;0;-421,9436;-379,6737;0;0;-527,33;-473,8677
140;2333,333;00:00:02:333;0;0;0;-3,519914;0,050068;3,621712;-4,860689;-2,994675;7,022515;-5,701067;-5,57052;10,07723;-6,276031;-7,525259;12,44365;-2,370207;0;3,621712;-2,370207;0,05009;11,17456;-1,431664;-0,262037;16,15915;-0,933295;-0,592984;18,79765;-0,539061;-0,995292;20,87806;-0,895299;-0,03505;3,621712;-0,101118;0,01504;11,13133;1,5203;-3,216183;15,45132;2,363135;-5,120979;17,68605;3,021587;-6,814484;19,422;0,443679;-0,000078;3,621712;1,958848;0,050012;10,3956;1,956898;-4,900703;10,96029;1,432694;-6,887635;9,062396;0,712366;-6,819382;6,624211;1,743431;-0,000171;3,621712;3,958467;0,049919;9,102249;3,988765;-3,889036;9,573995;3,761355;-5,783937;8,875995;3,243027;-7,34408;7,259699;0;0;0;-30,96503;-33,52524;113,605;-26,18048;-33,52525;113,605;-25,01993;-33,25092;114,0146;-25,01993;-33,25092;114,0146;-0,379977;0;0;3,464528;10,68174;-0,306957;7,108318;10,64225;0,443004;11,02135;10,45918;1,433102;10,97915;10,50352;1,20106;-0,380045;6,036885;0;35,34534;19,91743;0,990858;38,34781;21,13288;-0,631737;41,67712;22,34997;-1,882688;41,74371;22,20506;-1,707022;-0,413454;12,60826;0;83,34498;12,07381;-1,420641;134,3746;14,03062;-1,435146;-177,9655;16,4065;1,756008;-178,045;16,41591;1,474418;-0,485496;22,00679;0;82,97962;13,36752;-1,190102;110,8336;15,03487;-1,205828;137,6402;18,41897;0,733742;137,5708;18,22767;0,513008;0;0;0;0;0;0;1,59283;-1,555391;-0,750974;2,969183;-2,827026;-1,433775;4,021436;-3,785848;-1,96208;0;0;0;0;0;0;0,027794;-0,000145;-0,005186;0,042552;-0,000224;-0,008047;0,054248;-0,000285;-0,010282;0;0;0;0;0;0;0,809111;-0,324748;-0,544488;1,22463;-0,492811;-0,843287;1,544684;-0,623435;-1,091301;0;0;0;0;0;0;0;0;0;-0,013366;0,060394;-0,059545;-0,012517;0,208408;-0,055701;0;0;0;0;0;0;0;0;0;-0,014663;0,022486;-0,056326;-0,040255;0,12137;-0,143632;0;0;0;0;0;0;1,225769;-273,297;-245,3363;-19,22608;-513,2017;-454,6049;-35,89868;-697,562;-611,9808;0;0;0;0;0;0;-43,30024;0,23637;8,110998;-66,30688;0,360589;12,43472;-84,51841;0,457652;15,87868;0;0;0;0;0;0;155,9845;77,40855;-1,078248;238,4162;117,5035;1,770258;304,0498;148,6909;7,059574;0;0;0;0;0;0;0;0;0;0,804663;-3,615617;3,575384;0,758059;-12,5125;3,374218;0;0;0;0;0;0;0;0;0;7,040798;-10,70872;27,05008;19,39237;-57,9062;69,1983;12,11167;11,64682;9,121503;10,8406;41,83813;26,51698;4,784546;1,38621;-10,68222;3,5831;3,504702;3,731716;-19,89109;36,79544;3,571496;3,794625;-12,07378;83,49284;51,01618;46,75719;-13,36859;83,17056;27,84966;26,20878;20,8699;-18,79852;0;-0,008469;-0,318432;0,003276;0;0,003147;-11,15787;6,221694;0,00329;0,003104;0;0;1,757583;1,581344;0;0;1,757583;1,579628;4621,646;1426,183;-274,4247;0,000429;495,7992;-8,856009;0;0,377655;-1757,483;-653,3295;0,197411;0,186253;0;0;-105,5511;-94,88066;0;0;-843,6606;-758,1802
141;2350;00:00:02:350;0;0;0;-3,519914;0,050068;3,621712;-4,860689;-2,994675;7,022515;-5,701067;-5,57052;10,07723;-6,276031;-7,525259;12,44365;-2,370207;0;3,621712;-2,370207;0,05009;11,17456;-1,431664;-0,262037;16,15915;-0,933295;-0,592984;18,79765;-0,539061;-0,995292;20,87806;-0,895299;-0,03505;3,621712;-0,101118;0,01504;11,13133;1,5203;-3,216183;15,45132;2,363135;-5,120979;17,68605;3,021587;-6,814484;19,422;0,443679;-0,000078;3,621712;1,958848;0,050012;10,3956;1,956898;-4,900703;10,96029;1,432694;-6,887635;9,062396;0,712366;-6,819382;6,624211;1,743431;-0,000171;3,621712;3,958467;0,049919;9,102249;3,988765;-3,889036;9,573995;3,761355;-5,783937;8,875995;3,243027;-7,34408;7,259699;0;0;0;-30,96503;-33,52524;113,605;-26,18048;-33,52525;113,605;-25,01993;-33,25092;114,0146;-25,01993;-33,25092;114,0146;-0,379977;0;0;3,464528;10,68174;-0,306957;7,108318;10,64225;0,443004;11,02135;10,45918;1,433102;10,97915;10,50352;1,20106;-0,380045;6,036885;0;35,34534;19,91743;0,990858;38,34781;21,13288;-0,631737;41,67712;22,34997;-1,882688;41,74371;22,20506;-1,707022;-0,413454;12,60826;0;83,34498;12,07381;-1,420641;134,3746;14,03062;-1,435146;-177,9655;16,4065;1,756008;-178,045;16,41591;1,474418;-0,485496;22,00679;0;82,97962;13,36752;-1,190102;110,8336;15,03487;-1,205828;137,6402;18,41897;0,733742;137,5708;18,22767;0,513008;0;0;0;0;0;0;0;0;0;0;0;0;0;0;0;0;0;0;0;0;0;0;0;0;0;0;0;0;0;0;0;0;0;0;0;0;0;0;0;0;0;0;0;0;0;0;0;0;0;0;0;0;0;0;0;0;0;0;0;0;0;0;0;0;0;0;0;0;0;0;0;0;0;0;0;0;0;0;0;0;0;-95,56979;93,32343;45,05842;-178,151;169,6215;86,02647;-241,2861;227,1509;117,7248;0;0;0;0;0;0;-1,667663;0,008717;0,311136;-2,553127;0,013411;0,482798;-3,254861;0,017099;0,616908;0;0;0;0;0;0;-48,54664;19,48491;32,6693;-73,47776;29,56867;50,59719;-92,68104;37,40608;65,47807;0;0;0;0;0;0;0;0;0;0,801981;-3,623664;3,572702;0,751019;-12,50446;3,342032;0;0;0;0;0;0;0;0;0;0,879764;-1,349151;3,379583;2,415329;-7,282197;8,617936;12,11167;11,64682;9,121503;10,8406;41,83813;26,51698;4,784546;1,38621;-10,68222;3,5831;3,504702;3,731716;-19,89109;36,79544;3,571496;3,794625;-12,07378;83,49284;51,01618;46,75719;-13,36859;83,17056;27,84966;26,20878;20,8699;-18,79852;0;-0,008469;-0,318432;0,003276;0;0,003147;-11,15787;6,221694;0,00329;0,003104;0;0;1,757583;1,581344;0;0;1,757583;1,579628;4621,646;1426,183;-274,4247;0,000429;495,7992;-8,856009;0;0,377655;-1757,483;-653,3295;0,197411;0,186253;0;0;-105,5511;-94,88066;0;0;-843,6606;-758,1802
142;2366,667;00:00:02:367;0;0;0;-3,519914;0,050068;3,621712;-4,846112;-2,95627;7,062165;-5,668214;-5,497311;10,15081;-6,229003;-7,425127;12,54259;-2,370207;0;3,621712;-2,370207;0,05009;11,17456;-1,440257;-0,261991;16,16076;-0,946453;-0,592913;18,80012;-0,555834;-0,995202;20,88122;-0,895299;-0,03505;3,621712;-0,101118;0,01504;11,13133;1,496013;-3,2335;15,44738;2,325931;-5,147259;17,67929;2,974025;-6,847731;19,41232;0,443679;-0,000078;3,621712;1,958848;0,050012;10,3956;1,956898;-4,900703;10,96029;1,432472;-6,886628;9,061403;0,712159;-6,815907;6,623286;1,743431;-0,000171;3,621712;3,958467;0,049919;9,102249;3,988765;-3,889036;9,573995;3,761599;-5,784312;8,876933;3,243698;-7,346103;7,262093;0;0;0;-30,33814;-33,07975;113,1932;-25,4774;-33,07976;113,1932;-24,31523;-32,80966;113,6047;-24,31522;-32,80966;113,6047;-0,379977;0;0;3,463409;10,58334;-0,313017;7,105892;10,54388;0,436703;11,0172;10,36085;1,426498;10,97539;10,40518;1,194525;-0,380045;6,036885;0;35,55027;19,65728;0,972979;38,56216;20,87829;-0,642156;41,89922;22,0998;-1,885935;41,96476;21,95427;-1,711186;-0,413454;12,60826;0;83,34498;12,07381;-1,420641;134,4039;14,03062;-1,435147;-177,9095;16,40491;1,757262;-177,989;16,41459;1,475684;-0,485496;22,00679;0;82,97962;13,36752;-1,190102;110,8044;15,03487;-1,205819;137,5841;18,41993;0,731922;137,5147;18,22842;0,511386;0;0;0;0;0;0;0,874579;2,304308;2,37903;1,971222;4,392564;4,415139;2,821684;6,007924;5,93622;0;0;0;0;0;0;-0,515593;0,002791;0,096738;-0,789525;0,004261;0,148594;-1,006387;0,005409;0,189722;0;0;0;0;0;0;-1,457222;-1,039021;-0,236571;-2,232224;-1,576781;-0,405997;-2,853736;-1,994803;-0,580788;0;0;0;0;0;0;0;0;0;-0,013366;0,060394;-0,059545;-0,012453;0,208497;-0,055522;0;0;0;0;0;0;0;0;0;0,014663;-0,022486;0,056326;0,040255;-0,12137;0,143632;0;0;0;0;0;0;52,47474;138,2585;142,7418;118,2733;263,5538;264,9083;169,301;360,4754;356,1732;0;0;0;0;0;0;-30,93559;0,16747;5,804299;-47,3715;0,255648;8,915661;-60,38322;0,324547;11,38329;0;0;0;0;0;0;-87,4333;-62,34124;-14,19425;-133,9334;-94,60687;-24,35982;-171,2242;-119,6882;-34,84725;0;0;0;0;0;0;0;0;0;-0,801981;3,623664;-3,572702;-0,747163;12,50982;-3,331304;0;0;0;0;0;0;0;0;0;0,879764;-1,349151;3,379583;2,415329;-7,282197;8,617936;11,96084;11,4988;9,142701;10,84536;41,14761;26,08027;4,860751;1,386351;-10,58381;3,581405;3,504702;3,731664;-19,63199;36,96756;3,571441;3,794625;-12,07378;83,49284;51,0455;46,78356;-13,36859;83,17056;27,82036;26,18246;-41,43127;-26,20239;4,572315;0,008469;5,904521;-0,101666;0;-0,003147;15,54611;10,32715;-0,00329;0;0;0;1,758957;1,581802;0;0;-1,757583;-1,579628;-3738,07;-444,2321;274,3389;1,016235;373,3772;-6,296538;0;-0,377655;1602,239;246,3272;-0,394821;-0,186253;0;0;0,082397;0,027466;0;0;-210,91;-189,5553
143;2383,333;00:00:02:383;0;0;0;-3,519914;0,050068;3,621712;-4,822777;-2,96592;7,062636;-5,624559;-5,514166;10,15069;-6,169771;-7,447262;12,5418;-2,370207;0;3,621712;-2,370207;0,05009;11,17456;-1,458128;-0,261891;16,16407;-0,973819;-0,592761;18,80519;-0,590716;-0,995009;20,8877;-0,895299;-0,03505;3,621712;-0,101118;0,01504;11,13133;1,494062;-3,261605;15,4268;2,3225;-5,189901;17,64672;2,969015;-6,901663;19,3692;0,443679;-0,000078;3,621712;1,958848;0,050012;10,3956;1,956898;-4,900703;10,96029;1,432027;-6,884614;9,059421;0,711745;-6,808958;6,621442;1,743431;-0,000171;3,621712;3,958467;0,049919;9,102249;3,988765;-3,889036;9,573995;3,761844;-5,784686;8,877872;3,244369;-7,348123;7,264488;0;0;0;-30,16441;-33,22289;113,3249;-25,30367;-33,2229;113,3249;-24,14325;-32,95383;113,7381;-24,14325;-32,95384;113,7381;-0,379977;0;0;3,46112;10,37881;-0,325602;7,100883;10,33939;0,423627;11,00861;10,15648;1,412799;10,96764;10,20078;1,18097;-0,380045;6,036885;0;35,90321;19,71287;0,976795;38,9161;20,94321;-0,630906;42,25454;22,17184;-1,867117;42,31995;22,02531;-1,693259;-0,413454;12,60826;0;83,34498;12,07381;-1,420641;134,4625;14,03062;-1,435146;-177,7976;16,40175;1,759765;-177,8771;16,41195;1,478212;-0,485496;22,00679;0;82,97962;13,36752;-1,190102;110,7751;15,03487;-1,205823;137,5279;18,42089;0,730105;137,4586;18,22917;0,509764;0;0;0;0;0;0;1,400113;-0,578988;0,028253;2,619311;-1,011327;-0,007465;3,553927;-1,32814;-0,047117;0;0;0;0;0;0;-1,072235;0,005978;0,198484;-1,64192;0,009122;0,304252;-2,092905;0,011584;0,388473;0;0;0;0;0;0;-0,117056;-1,686282;-1,234352;-0,20586;-2,558514;-1,954078;-0,300631;-3,235906;-2,587616;0;0;0;0;0;0;0;0;0;-0,026694;0,120878;-0,118956;-0,024808;0,416994;-0,110641;0;0;0;0;0;0;0;0;0;0,014663;-0,022396;0,056326;0,040278;-0,121191;0,143722;0;0;0;0;0;0;31,53204;-172,9978;-141,0466;38,88532;-324,2334;-265,3563;43,93459;-440,1638;-359,0002;0;0;0;0;0;0;-33,39853;0,191191;6,104707;-51,14369;0,29169;9,33945;-65,19108;0,37048;11,9251;0;0;0;0;0;0;80,40993;-38,83571;-59,8669;121,5818;-58,90398;-92,88488;153,1863;-74,46617;-120,4097;0;0;0;0;0;0;0;0;0;-0,799634;3,629028;-3,564655;-0,741296;12,50982;-3,307164;0;0;0;0;0;0;0;0;0;0;0,005364;0;0,001341;0,010729;0,005364;11,93362;11,42053;9,100183;10,79286;41,23473;25,73856;4,860671;1,386351;-10,3793;3,577905;3,504702;3,731664;-19,6872;37,33689;3,571441;3,794573;-12,07378;83,49284;51,1041;46,83627;-13,36859;83,17056;27,79108;26,15614;5,227203;-20,50255;-0,004835;0;12,27053;-0,210042;0;0;-3,312607;22,16034;0;-0,003104;0;0;3,516083;3,162689;0;0;-1,757011;-1,578712;2799,508;341,9906;-274,629;-0,508118;381,9602;-6,502532;0;0,188828;-1131,523;709,9913;0,197411;-0,186253;0;0;105,4275;94,8532;0;0;0,034332;0,054932
144;2400;00:00:02:400;0;0;0;-3,519914;0,050068;3,621712;-4,827377;-2,949631;7,075107;-5,632977;-5,483984;10,17358;-6,181066;-7,406473;12,57258;-2,370207;0;3,621712;-2,370207;0,05009;11,17456;-1,469084;-0,261828;16,16606;-0,990596;-0,592665;18,80825;-0,612101;-0,994887;20,8916;-0,895299;-0,03505;3,621712;-0,101118;0,01504;11,13133;1,482569;-3,308308;15,39506;2,304255;-5,260742;17,59631;2,944783;-6,991235;19,30223;0,443679;-0,000078;3,621712;1,958848;0,050012;10,3956;1,956898;-4,900703;10,96029;1,431138;-6,880579;9,055463;0,710927;-6,795046;6,617789;1,743431;-0,000171;3,621712;3,958467;0,049919;9,102249;3,988765;-3,889036;9,573995;3,762577;-5,785806;8,880689;3,246385;-7,35417;7,271683;0;0;0;-30,0329;-33,02203;113,1402;-25,17216;-33,02204;113,1403;-24,01042;-32,75378;113,5532;-24,01042;-32,75379;113,5532;-0,379977;0;0;3,459741;10,25347;-0,333305;7,097836;10,21408;0,415628;11,00337;10,03125;1,404424;10,96292;10,07552;1,172683;-0,380045;6,036885;0;36,48906;19,70249;0,976083;39,50672;20,94823;-0,618036;42,84997;22,18871;-1,840604;42,91481;22,04051;-1,668375;-0,413454;12,60826;0;83,34498;12,07381;-1,420641;134,5797;14,03062;-1,435146;-177,5737;16,39541;1,764762;-177,6532;16,40667;1,48326;-0,485496;22,00679;0;82,97962;13,36752;-1,190102;110,6871;15,03487;-1,205825;137,3593;18,42375;0,724645;137,2902;18,23143;0,504894;0;0;0;0;0;0;-0,275999;0,977319;0,748247;-0,50506;1,810893;1,373559;-0,677705;2,447337;1,846522;0;0;0;0;0;0;-0,657376;0,00378;0,119537;-1,00665;0,005772;0,183553;-1,283146;0,007331;0,234425;0;0;0;0;0;0;-0,689585;-2,802171;-1,904636;-1,094743;-4,250452;-3,024637;-1,453869;-5,374342;-4,018127;0;0;0;0;0;0;0;0;0;-0,053309;0,242114;-0,23751;-0,04907;0,834659;-0,219181;0;0;0;0;0;0;0;0;0;0,043988;-0,067212;0,168979;0,120968;-0,362858;0,431702;0;0;0;0;0;0;-100,5667;93,37841;43,19965;-187,4622;169,3332;82,86147;-253,8979;226,5286;113,6184;0;0;0;0;0;0;24,89157;-0,131847;-4,736782;38,1162;-0,200998;-7,241963;48,58553;-0,255145;-9,242891;0;0;0;0;0;0;-34,35172;-66,95329;-40,21703;-53,33304;-101,5162;-64,23354;-69,19427;-128,3061;-85,83067;0;0;0;0;0;0;0;0;0;-1,59692;7,27415;-7,113217;-1,455769;25,05988;-6,512403;0;0;0;0;0;0;0;0;0;1,759529;-2,688914;6,759167;4,841386;-14,50002;17,27879;11,88815;11,34644;9,128686;10,81568;40,97834;25,7368;4,860711;1,386351;-10,25396;3,57577;3,504758;3,731716;-19,67665;37,93451;3,571387;3,794573;-12,07378;83,49284;51,22131;46,94173;-13,36859;83,17056;27,70318;26,07714;-15,38292;-0,105286;0,002432;0;7,520599;-0,128088;0,003347;0,003147;0,632744;35,85709;-0,00329;0;0;0;7,032852;6,327438;0;0;-5,273895;-4,740142;-1236,607;1223,836;0,43602;0;-284,9956;4,917239;0,200844;0,188828;236,721;821,8049;-0,197411;0,186253;0;0;211,0061;189,8849;0;0;-211,013;-189,6858
145;2416,667;00:00:02:417;0;0;0;-3,519914;0,050068;3,621712;-4,826841;-2,952239;7,073043;-5,632003;-5,488827;10,1698;-6,179766;-7,413022;12,5675;-2,370207;0;3,621712;-2,370207;0,05009;11,17456;-1,469218;-0,261827;16,16608;-0,990801;-0,592664;18,80829;-0,612362;-0,994886;20,89165;-0,895299;-0,03505;3,621712;-0,101118;0,01504;11,13133;1,481692;-3,334214;15,37507;2,302484;-5,300026;17,56471;2,941913;-7,04089;19,26046;0,443679;-0,000078;3,621712;1,958848;0,050012;10,3956;1,956898;-4,900703;10,96029;1,430252;-6,876534;9,051512;0,710121;-6,78113;6,614181;1,743431;-0,000171;3,621712;3,958467;0,049919;9,102249;3,988765;-3,889036;9,573995;3,762821;-5,786178;8,881627;3,247058;-7,356182;7,274085;0;0;0;-30,05625;-33,05393;113,1695;-25,19551;-33,05394;113,1695;-24,03399;-32,78553;113,5825;-24,03398;-32,78553;113,5825;-0,379977;0;0;3,459724;10,25195;-0,333399;7,097801;10,21256;0,41553;11,00331;10,02972;1,404323;10,96286;10,074;1,172581;-0,380045;6,036885;0;36,81881;19,76914;0,98066;39,83704;21,02347;-0,60651;43,18134;22,27049;-1,822014;43,24609;22,12138;-1,650615;-0,413454;12,60826;0;83,34498;12,07381;-1,420641;134,6969;14,03063;-1,435147;-177,3498;16,38906;1,769744;-177,4293;16,40137;1,488299;-0,485496;22,00679;0;82,97962;13,36752;-1,190102;110,6578;15,03487;-1,205826;137,3031;18,42471;0,722824;137,2341;18,23217;0,503273;0;0;0;0;0;0;0,032187;-0,156485;-0,123829;0,058383;-0,290528;-0,226736;0,077963;-0,392944;-0,304431;0;0;0;0;0;0;-0,008013;0,000043;0,001431;-0,012266;0,000064;0,002235;-0,015635;0,000084;0,002861;0;0;0;0;0;0;-0,052594;-1,554385;-1,199573;-0,106238;-2,357058;-1,895785;-0,17222;-2,979308;-2,506077;0;0;0;0;0;0;0;0;0;-0,053175;0,242695;-0,237018;-0,048361;0,834972;-0,216499;0;0;0;0;0;0;0;0;0;0,01464;-0,022329;0,056326;0,04039;-0,120699;0,144124;0;0;0;0;0;0;18,49115;-68,02819;-52,32453;33,80656;-126,0853;-96,0177;45,34005;-170,4168;-129,0571;0;0;0;0;0;0;38,96176;-0,224216;-7,086395;59,66305;-0,342485;-10,87904;76,05067;-0,434853;-13,89384;0;0;0;0;0;0;38,21946;74,86715;42,30379;59,31034;113,6036;67,73113;76,89892;143,702;90,72302;0;0;0;0;0;0;0;0;0;0,008047;0,034869;0,029504;0,04258;0,018775;0,160933;0;0;0;0;0;0;0;0;0;-1,76087;2,692937;-6,759167;-4,834681;14,52952;-17,25465;11,89453;11,31986;9,127534;10,8115;41,01995;25,74035;4,860671;1,386351;-10,25243;3,57566;3,504702;3,731716;-19,74289;38,28133;3,571387;3,794573;-12,07378;83,49284;51,33854;47,04717;-13,36859;83,17056;27,67389;26,05083;2,496414;0,21286;-0,002432;0;0,09201;-0,006566;-0,003347;0;-3,97419;20,80879;0;0;0;0;7,033309;6,326751;0;0;-1,757355;-1,578941;1072,76;19,08874;-0,291824;0;-445,7153;7,291317;-0,401688;-0,188828;-276,416;-902,8977;0,197411;0;0;0;0,027466;-0,041199;0;0;210,9924;189,6721
146;2433,333;00:00:02:433;0;0;0;-3,519914;0,050068;3,621712;-4,828276;-2,954029;7,070941;-5,634719;-5,492239;10,16604;-6,183472;-7,417695;12,5625;-2,370207;0;3,621712;-2,370207;0,05009;11,17456;-1,475881;-0,261788;16,16728;-1,001003;-0,592604;18,81013;-0,625367;-0,99481;20,894;-0,895299;-0,03505;3,621712;-0,101118;0,01504;11,13133;1,47304;-3,349106;15,3665;2,289088;-5,322605;17,55099;2,924587;-7,069427;19,24209;0,443679;-0,000078;3,621712;1,958848;0,050012;10,3956;1,956898;-4,900703;10,96029;1,430031;-6,875519;9,050526;0,709922;-6,777652;6,613286;1,743431;-0,000171;3,621712;3,958467;0,049919;9,102249;3,988765;-3,889036;9,573995;3,762821;-5,786178;8,881627;3,247058;-7,356182;7,274085;0;0;0;-30,0943;-33,07369;113,1876;-25,23356;-33,0737;113,1876;-24,07208;-32,80507;113,6005;-24,07208;-32,80507;113,6005;-0,379977;0;0;3,458894;10,17576;-0,338079;7,095959;10,13638;0,410672;11,00013;9,953593;1,399239;10,96;9,997855;1,16755;-0,380045;6,036885;0;37,0048;19,70255;0,976086;40,02645;20,96175;-0,606035;43,37376;22,21253;-1,816559;43,43813;22,06289;-1,645773;-0,413454;12,60826;0;83,34498;12,07381;-1,420641;134,7262;14,03063;-1,435148;-177,2939;16,38747;1,770988;-177,3733;16,40004;1,489557;-0,485496;22,00679;0;82,97962;13,36752;-1,190102;110,6578;15,03487;-1,205826;137,3031;18,42471;0,722824;137,2341;18,23217;0,503273;0;0;0;0;0;0;-0,086099;-0,107367;-0,126109;-0,162944;-0,204742;-0,225887;-0,22231;-0,28038;-0,300139;0;0;0;0;0;0;-0,399755;0,002344;0,072062;-0,612147;0,003576;0,110507;-0,780288;0,004537;0,140995;0;0;0;0;0;0;-0,519153;-0,893511;-0,514269;-0,803746;-1,354761;-0,823081;-1,039557;-1,712233;-1,102388;0;0;0;0;0;0;0;0;0;-0,013271;0,060841;-0,059187;-0,011975;0,208721;-0,053689;0;0;0;0;0;0;0;0;0;0;0;0;0;0;0;0;0;0;0;0;0;-7,097124;2,947076;-0,136793;-13,27962;5,147158;0,050962;-18,0164;6,753803;0,257492;0;0;0;0;0;0;-23,50453;0,13805;4,237889;-35,99289;0,210721;6,49631;-45,87918;0,267215;8,288024;0;0;0;0;0;0;-27,99354;39,65244;41,11826;-41,85051;60,1378;64,36227;-52,04021;76,02451;84,22135;0;0;0;0;0;0;0;0;0;2,394207;-10,91122;10,66983;2,18315;-37,57506;9,768604;0;0;0;0;0;0;0;0;0;-0,878423;1,339763;-3,379583;-2,423375;7,241963;-8,64744;11,89789;11,30022;9,128071;10,81231;41,05414;25,77275;4,860711;1,38621;-10,17626;3,574401;3,504646;3,731664;-19,67654;38,46141;3,571441;3,794573;-12,07378;83,49284;51,36784;47,07354;-13,36859;83,17056;27,67389;26,05083;2,051239;1,943893;0,002432;-0,008469;4,570026;-0,075588;-0,003347;-0,003147;3,980827;10,80482;0,00329;0;0;0;1,758041;1,582031;0;0;0;0;-26,71049;103,862;0,291824;-0,508118;268,6809;-4,14133;0;-0,188828;477,301;-600,238;0,197411;0;0;0;-316,5161;-284,6832;0;0;105,4413;94,73647
147;2450;00:00:02:450;0;0;0;-3,519914;0,050068;3,621712;-4,828276;-2,954029;7,070941;-5,634719;-5,492239;10,16604;-6,183472;-7,417695;12,5625;-2,370207;0;3,621712;-2,370207;0,05009;11,17456;-1,475881;-0,261788;16,16728;-1,001003;-0,592604;18,81013;-0,625367;-0,99481;20,894;-0,895299;-0,03505;3,621712;-0,101118;0,01504;11,13133;1,47304;-3,349106;15,3665;2,289088;-5,322605;17,55099;2,924587;-7,069427;19,24209;0,443679;-0,000078;3,621712;1,958848;0,050012;10,3956;1,956898;-4,900703;10,96029;1,430031;-6,875519;9,050526;0,709922;-6,777652;6,613286;1,743431;-0,000171;3,621712;3,958467;0,049919;9,102249;3,988765;-3,889036;9,573995;3,762821;-5,786178;8,881627;3,247058;-7,356182;7,274085;0;0;0;-30,0943;-33,07369;113,1876;-25,23356;-33,0737;113,1876;-24,07208;-32,80507;113,6005;-24,07208;-32,80507;113,6005;-0,379977;0;0;3,458894;10,17576;-0,338079;7,095959;10,13638;0,410672;11,00013;9,953593;1,399239;10,96;9,997855;1,16755;-0,380045;6,036885;0;37,0048;19,70255;0,976086;40,02645;20,96175;-0,606035;43,37376;22,21253;-1,816559;43,43813;22,06289;-1,645773;-0,413454;12,60826;0;83,34498;12,07381;-1,420641;134,7262;14,03063;-1,435148;-177,2939;16,38747;1,770988;-177,3733;16,40004;1,489557;-0,485496;22,00679;0;82,97962;13,36752;-1,190102;110,6578;15,03487;-1,205826;137,3031;18,42471;0,722824;137,2341;18,23217;0,503273;0;0;0;0;0;0;0;0;0;0;0;0;0;0;0;0;0;0;0;0;0;0;0;0;0;0;0;0;0;0;0;0;0;0;0;0;0;0;0;0;0;0;0;0;0;0;0;0;0;0;0;0;0;0;0;0;0;0;0;0;0;0;0;0;0;0;0;0;0;0;0;0;0;0;0;0;0;0;0;0;0;5,165934;6,441996;7,566511;9,77665;12,28452;13,5532;13,33862;16,82281;18,00835;0;0;0;0;0;0;23,98532;-0,140648;-4,32372;36,72882;-0,214577;-6,630421;46,81728;-0,272244;-8,459685;0;0;0;0;0;0;31,14916;53,61065;30,85613;48,22477;81,28568;49,38483;62,37342;102,734;66,14326;0;0;0;0;0;0;0;0;0;0,796281;-3,650486;3,551244;0,718497;-12,52323;3,221333;0;0;0;0;0;0;0;0;0;0;0;0;0;0;0;11,89789;11,30022;9,128071;10,81231;41,05414;25,77275;4,860711;1,38621;-10,17626;3,574401;3,504646;3,731664;-19,67654;38,46141;3,571441;3,794573;-12,07378;83,49284;51,36784;47,07354;-13,36859;83,17056;27,67389;26,05083;2,051239;1,943893;0,002432;-0,008469;4,570026;-0,075588;-0,003347;-0,003147;3,980827;10,80482;0,00329;0;0;0;1,758041;1,582031;0;0;0;0;-26,71049;103,862;0,291824;-0,508118;268,6809;-4,14133;0;-0,188828;477,301;-600,238;0,197411;0;0;0;-316,5161;-284,6832;0;0;105,4413;94,73647
148;2466,667;00:00:02:467;0;0;0;-3,519914;0,050068;3,621712;-4,850492;-2,974738;7,044241;-5,676675;-5,53202;10,11836;-6,240661;-7,472343;12,49924;-2,370207;0;3,621712;-2,370207;0,05009;11,17456;-1,486151;-0,261727;16,16912;-1,016731;-0,592511;18,81294;-0,645415;-0,994691;20,89759;-0,895299;-0,03505;3,621712;-0,101118;0,01504;11,13133;1,47149;-3,371182;15,34944;2,286355;-5,356072;17,52404;2,920587;-7,111715;19,20645;0,443679;-0,000078;3,621712;1,958848;0,050012;10,3956;1,956898;-4,900703;10,96029;1,429589;-6,873494;9,048554;0,709525;-6,77069;6,611505;1,743431;-0,000171;3,621712;3,958467;0,049919;9,102249;3,988765;-3,889036;9,573995;3,762821;-5,786178;8,881627;3,247058;-7,356182;7,274085;0;0;0;-30,60575;-33,2966;113,393;-25,74501;-33,29662;113,393;-24,58386;-33,02489;113,804;-24,58386;-33,02489;113,804;-0,379977;0;0;3,457629;10,05834;-0,345287;7,093136;10,01899;0,403193;10,99525;9,836264;1,391415;10,9556;9,880509;1,159806;-0,380045;6,036885;0;37,28724;19,75051;0,979381;40,30969;21,01702;-0,596619;43,65814;22,27336;-1,800949;43,72239;22,12292;-1,630894;-0,413454;12,60826;0;83,34498;12,07381;-1,420641;134,7849;14,03063;-1,435148;-177,182;16,38428;1,773472;-177,2614;16,39738;1,492072;-0,485496;22,00679;0;82,97962;13,36752;-1,190102;110,6578;15,03487;-1,205826;137,3031;18,42471;0,722824;137,2341;18,23217;0,503273;0;0;0;0;0;0;-1,332991;-1,242556;-1,602039;-2,517342;-2,386831;-2,860576;-3,43135;-3,278866;-3,79537;0;0;0;0;0;0;-0,61626;0,003673;0,109971;-0,943674;0,005607;0,168622;-1,202881;0,007125;0,215471;0;0;0;0;0;0;-0,092983;-1,324587;-1,022994;-0,163972;-2,008036;-1,617193;-0,240013;-2,53728;-2,137989;0;0;0;0;0;0;0;0;0;-0,026526;0,121549;-0,118285;-0,023827;0,417665;-0,106886;0;0;0;0;0;0;0;0;0;0;0;0;0;0;0;0;0;0;0;0;0;-79,97944;-74,55333;-96,12232;-151,0405;-143,2098;-171,6345;-205,881;-196,732;-227,7222;0;0;0;0;0;0;-36,97559;0,22036;6,598234;-56,62042;0,33645;10,11729;-72,17287;0,427477;12,92825;0;0;0;0;0;0;-5,578994;-79,47518;-61,37967;-9,838341;-120,4821;-97,03159;-14,40078;-152,2368;-128,2793;0;0;0;0;0;0;0;0;0;-1,591556;7,292925;-7,097124;-1,429617;25,05988;-6,413162;0;0;0;0;0;0;0;0;0;0;0;0;0;0;0;11,99162;11,35981;9,135801;10,83202;41,47001;26,24463;4,860751;1,386351;-10,05884;3,572428;3,504702;3,731664;-19,72419;38,75686;3,571387;3,794625;-12,07378;83,49284;51,42644;47,12627;-13,36859;83,17056;27,67389;26,05083;24,95201;28,31291;0,002403;0,008469;7,045269;-0,118361;0,003347;0;-2,858734;17,72713;-0,00329;0,003104;0;0;3,516083;3,164062;0;0;0;0;1374,046;1582,141;-0,001717;1,016235;148,5145;-2,566337;0,401688;0,188828;-410,3736;415,3382;-0,394821;0,186253;0;0;105,4825;94,92186;0;0;0;0
149;2483,333;00:00:02:483;0;0;0;-3,519914;0,050068;3,621712;-4,847433;-2,979209;7,041473;-5,670993;-5,540218;10,11319;-6,232979;-7,483368;12,49224;-2,370207;0;3,621712;-2,370207;0,05009;11,17456;-1,503627;-0,26162;16,17219;-1,043491;-0,592347;18,81765;-0,679525;-0,994483;20,9036;-0,895299;-0,03505;3,621712;-0,101118;0,01504;11,13133;1,472603;-3,37483;15,3461;2,287983;-5,361602;17,51878;2,922557;-7,118701;19,19954;0,443679;-0,000078;3,621712;1,958848;0,050012;10,3956;1,956898;-4,900703;10,96029;1,430031;-6,875519;9,050526;0,709922;-6,777652;6,613286;1,743431;-0,000171;3,621712;3,958467;0,049919;9,102249;3,988765;-3,889036;9,573995;3,762821;-5,786178;8,881627;3,247058;-7,356182;7,274085;0;0;0;-30,62043;-33,35388;113,4459;-25,75971;-33,35389;113,446;-24,59899;-33,08208;113,8571;-24,599;-33,08208;113,8572;-0,379977;0;0;3,45551;9,858656;-0,357532;7,088372;9,819352;0,390493;10,987;9,636736;1,37814;10,94816;9,680948;1,146663;-0,380045;6,036885;0;37,33472;19,77635;0,981155;40,3568;21,04408;-0,593997;43,70503;22,30134;-1,79745;43,76931;22,15078;-1,627494;-0,413454;12,60826;0;83,34498;12,07381;-1,420641;134,7262;14,03063;-1,435148;-177,2939;16,38747;1,770988;-177,3733;16,40004;1,489557;-0,485496;22,00679;0;82,97962;13,36752;-1,190102;110,6578;15,03487;-1,205826;137,3031;18,42471;0,722824;137,2341;18,23217;0,503273;0;0;0;0;0;0;0,183553;-0,268277;-0,166073;0,340909;-0,491895;-0,310063;0,460915;-0,661522;-0,420079;0;0;0;0;0;0;-1,04852;0,006435;0,184178;-1,605609;0,009824;0,282526;-2,046626;0,012483;0,360757;0;0;0;0;0;0;0,066798;-0,218846;-0,200808;0,097655;-0,331745;-0,315517;0,118218;-0,41914;-0,414491;0;0;0;0;0;0;0;0;0;0,026526;-0,121549;0,118285;0,023827;-0,417665;0,106886;0;0;0;0;0;0;0;0;0;0;0;0;0;0;0;0;0;0;0;0;0;90,99258;58,45673;86,15791;171,4951;113,6961;153,0307;233,5359;157,0406;202,5175;0;0;0;0;0;0;-25,93562;0,16571;4,452466;-39,71614;0,252966;6,834268;-50,62468;0,32153;8,717177;0;0;0;0;0;0;9,586884;66,34443;49,33118;15,69763;100,5775;78,10056;21,49388;127,0884;103,4099;0;0;0;0;0;0;0;0;0;3,183112;-14,58585;14,19425;2,859234;-50,11976;12,82632;0;0;0;0;0;0;0;0;0;0;0;0;0;0;0;11,98739;11,35538;9,124912;10,82203;41,53501;26,21576;4,860711;1,386351;-9,859157;3,569028;3,504702;3,731664;-19,74989;38,80918;3,571441;3,794625;-12,07378;83,49284;51,36784;47,07354;-13,36859;83,17056;27,67389;26,05083;3,900375;-1,732178;-0,002403;0;11,98082;-0,203977;0;0;-1,54232;3,139343;0,00329;0;0;0;-3,516083;-3,164062;0;0;0;0;-1263,098;-1802,705;-0,288391;-0,508118;296,133;-5,136966;-0,200844;0;78,98483;-875,267;0,394821;-0,186253;0;0;-421,9299;-379,6874;0;0;0;0
150;2500;00:00:02:500;0;0;0;-3,519914;0,050068;3,621712;-4,845045;-2,988147;7,034464;-5,666628;-5,556792;10,10033;-6,227128;-7,505777;12,47495;-2,370207;0;3,621712;-2,370207;0,05009;11,17456;-1,524103;-0,261489;16,1757;-1,074846;-0,592148;18,82304;-0,719493;-0,99423;20,91049;-0,895299;-0,03505;3,621712;-0,101118;0,01504;11,13133;1,469384;-3,371219;15,3502;2,283156;-5,356127;17,52519;2,916537;-7,111785;19,20791;0,443679;-0,000078;3,621712;1,958848;0,050012;10,3956;1,956898;-4,900703;10,96029;1,430695;-6,878556;9,053486;0,710523;-6,788091;6,615979;1,743431;-0,000171;3,621712;3,958467;0,049919;9,102249;3,988765;-3,889036;9,573995;3,762821;-5,786178;8,881627;3,247058;-7,356182;7,274085;0;0;0;-30,69599;-33,4642;113,5482;-25,83526;-33,46421;113,5483;-24,67526;-33,19195;113,9595;-24,67525;-33,19195;113,9595;-0,379977;0;0;3,453087;9,624835;-0,371853;7,082852;9,585584;0,375652;10,9774;9,403098;1,362642;10,93952;9,447272;1,131316;-0,380045;6,036885;0;37,28661;19,72324;0,977506;40,30986;20,98974;-0,59822;43,65893;22,2461;-1,802312;43,72309;22,09566;-1,63229;-0,413454;12,60826;0;83,34498;12,07381;-1,420641;134,6383;14,03062;-1,435148;-177,4618;16,39223;1,767254;-177,5412;16,40402;1,48578;-0,485496;22,00679;0;82,97962;13,36752;-1,190102;110,6578;15,03487;-1,205826;137,3031;18,42471;0,722824;137,2341;18,23217;0,503273;0;0;0;0;0;0;0,143319;-0,536241;-0,420526;0,261873;-0,994474;-0,771761;0,351079;-1,344547;-1,037344;0;0;0;0;0;0;-1,228558;0,007822;0,210911;-1,881301;0,011939;0,323564;-2,398051;0,015171;0,413239;0;0;0;0;0;0;-0,193164;0,216678;0,246137;-0,289589;0,328459;0,38445;-0,361249;0,414982;0,501662;0;0;0;0;0;0;0;0;0;0,039831;-0,182167;0,177607;0,03607;-0,62634;0,161603;0;0;0;0;0;0;0;0;0;0;0;0;0;0;0;0;0;0;0;0;0;-2,413988;-16,07783;-15,26713;-4,742145;-30,15473;-27,70185;-6,590186;-40,98146;-37,03593;0;0;0;0;0;0;-10,80226;0,083232;1,603962;-16,54151;0,126902;2,462268;-21,08551;0,161268;3,148915;0;0;0;0;0;0;-15,59771;26,13142;26,81673;-23,23463;39,6122;41,99802;-28,76803;50,04734;54,96919;0;0;0;0;0;0;0;0;0;0,798292;-3,637075;3,559291;0,73459;-12,52055;3,283023;0;0;0;0;0;0;0;0;0;0;0;0;0;0;0;11,99552;11,36198;9,108988;10,80887;41,67718;26,2206;4,860751;1,38621;-9,625349;3,565021;3,504646;3,731664;-19,69704;38,75214;3,571441;3,794625;-12,07378;83,49284;51,27993;46,99445;-13,36859;83,17056;27,67389;26,05083;8,529968;0,290451;0,002403;-0,008469;14,02845;-0,240426;-0,003347;0;3,171158;-3,42247;0;0;0;0;-5,274353;-4,745407;0;0;0;0;277,7756;121,3577;0,288391;-0,508118;122,858;-2,186966;-0,200844;0;282,8087;-393,7087;-0,197411;0;0;0;-105,4962;-94,88065;0;0;0;0
151;2516,667;00:00:02:517;0;0;0;-3,519914;0,050068;3,621712;-4,845045;-2,988147;7,034464;-5,666628;-5,556792;10,10033;-6,227128;-7,505777;12,47495;-2,370207;0;3,621712;-2,370207;0,05009;11,17456;-1,524103;-0,261489;16,1757;-1,074846;-0,592148;18,82304;-0,719493;-0,99423;20,91049;-0,895299;-0,03505;3,621712;-0,101118;0,01504;11,13133;1,469384;-3,371219;15,3502;2,283156;-5,356127;17,52519;2,916537;-7,111785;19,20791;0,443679;-0,000078;3,621712;1,958848;0,050012;10,3956;1,956898;-4,900703;10,96029;1,430695;-6,878556;9,053486;0,710523;-6,788091;6,615979;1,743431;-0,000171;3,621712;3,958467;0,049919;9,102249;3,988765;-3,889036;9,573995;3,762821;-5,786178;8,881627;3,247058;-7,356182;7,274085;0;0;0;-30,69599;-33,4642;113,5482;-25,83526;-33,46421;113,5483;-24,67526;-33,19195;113,9595;-24,67525;-33,19195;113,9595;-0,379977;0;0;3,453087;9,624835;-0,371853;7,082852;9,585584;0,375652;10,9774;9,403098;1,362642;10,93952;9,447272;1,131316;-0,380045;6,036885;0;37,28661;19,72324;0,977506;40,30986;20,98974;-0,59822;43,65893;22,2461;-1,802312;43,72309;22,09566;-1,63229;-0,413454;12,60826;0;83,34498;12,07381;-1,420641;134,6383;14,03062;-1,435148;-177,4618;16,39223;1,767254;-177,5412;16,40402;1,48578;-0,485496;22,00679;0;82,97962;13,36752;-1,190102;110,6578;15,03487;-1,205826;137,3031;18,42471;0,722824;137,2341;18,23217;0,503273;0;0;0;0;0;0;0;0;0;0;0;0;0;0;0;0;0;0;0;0;0;0;0;0;0;0;0;0;0;0;0;0;0;0;0;0;0;0;0;0;0;0;0;0;0;0;0;0;0;0;0;0;0;0;0;0;0;0;0;0;0;0;0;0;0;0;0;0;0;0;0;0;0;0;0;0;0;0;0;0;0;-8,59916;32,17443;25,23154;-15,71238;59,66842;46,30565;-21,06473;80,67279;62,24065;0;0;0;0;0;0;73,71346;-0,469303;-12,65466;112,8781;-0,716317;-19,41383;143,8831;-0,910275;-24,79434;0;0;0;0;0;0;11,58982;-13,00067;-14,76824;17,37535;-19,70753;-23,06699;21,67493;-24,89894;-30,09975;0;0;0;0;0;0;0;0;0;-2,389848;10,93;-10,65641;-2,164207;37,58043;-9,696184;0;0;0;0;0;0;0;0;0;0;0;0;0;0;0;11,99552;11,36198;9,108988;10,80887;41,67718;26,2206;4,860751;1,38621;-9,625349;3,565021;3,504646;3,731664;-19,69704;38,75214;3,571441;3,794625;-12,07378;83,49284;51,27993;46,99445;-13,36859;83,17056;27,67389;26,05083;8,529968;0,290451;0,002403;-0,008469;14,02845;-0,240426;-0,003347;0;3,171158;-3,42247;0;0;0;0;-5,274353;-4,745407;0;0;0;0;277,7756;121,3577;0,288391;-0,508118;122,858;-2,186966;-0,200844;0;282,8087;-393,7087;-0,197411;0;0;0;-105,4962;-94,88065;0;0;0;0
152;2533,333;00:00:02:533;0;0;0;-3,519914;0,050068;3,621712;-4,866318;-2,993031;7,021762;-5,706616;-5,566991;10,07808;-6,281508;-7,520283;12,44572;-2,370207;0;3,621712;-2,370207;0,05009;11,17456;-1,543101;-0,261364;16,17889;-1,103938;-0,591957;18,82793;-0,756576;-0,993987;20,91673;-0,895299;-0,03505;3,621712;-0,101118;0,01504;11,13133;1,454623;-3,365963;15,35987;2,260832;-5,348162;17,54014;2,888402;-7,101721;19,22722;0,443679;-0,000078;3,621712;1,958848;0,050012;10,3956;1,956898;-4,900703;10,96029;1,430695;-6,878556;9,053486;0,710523;-6,788091;6,615979;1,743431;-0,000171;3,621712;3,958467;0,049919;9,102249;3,988765;-3,889036;9,573995;3,762821;-5,786178;8,881627;3,247058;-7,356182;7,274085;0;0;0;-31,01487;-33,49918;113,5808;-26,15414;-33,49919;113,5808;-24,99343;-33,22501;113,9904;-24,99343;-33,22502;113,9904;-0,379977;0;0;3,450896;9,408039;-0,385113;7,077795;9,368833;0,361922;10,96856;9,186463;1,348317;10,93157;9,230606;1,117129;-0,380045;6,036885;0;37,21149;19,5154;0,963254;40,24026;20,78003;-0,61206;43,59351;22,03506;-1,815998;43,65706;21,88481;-1,646043;-0,413454;12,60826;0;83,34498;12,07381;-1,420641;134,6383;14,03062;-1,435148;-177,4618;16,39223;1,767254;-177,5412;16,40402;1,48578;-0,485496;22,00679;0;82,97962;13,36752;-1,190102;110,6578;15,03487;-1,205826;137,3031;18,42471;0,722824;137,2341;18,23217;0,503273;0;0;0;0;0;0;-1,276418;-0,293065;-0,76215;-2,399236;-0,611901;-1,334756;-3,262863;-0,870332;-1,75412;0;0;0;0;0;0;-1,139877;0,007524;0,191152;-1,745515;0,011489;0,293165;-2,22497;0,014596;0,374436;0;0;0;0;0;0;-0,885621;0,315338;0,580341;-1,33945;0,477947;0,897378;-1,688093;0,60381;1,158893;0;0;0;0;0;0;0;0;0;0;0;0;0;0;0;0;0;0;0;0;0;0;0;0;0;0;0;0;0;0;0;0;0;0;0;0;-76,5851;-17,58389;-45,72898;-143,9541;-36,71407;-80,08539;-195,7717;-52,21993;-105,2472;0;0;0;0;0;0;-68,39263;0,451449;11,46912;-104,7309;0,689328;17,58992;-133,4982;0,875741;22,46618;0;0;0;0;0;0;-53,13724;18,9203;34,82043;-80,36702;28,67683;53,84266;-101,2856;36,22859;69,53358;0;0;0;0;0;0;0;0;0;0;0;0;0;0;0;0;0;0;0;0;0;0;0;0;0;0;0;0;0;0;12,03642;11,41277;9,132933;10,8428;41,82905;26,60336;4,860711;1,38621;-9,408553;3,561285;3,504646;3,731664;-19,49012;38,6447;3,571441;3,794573;-12,07378;83,49284;51,27993;46,99445;-13,36859;83,17056;27,67389;26,05083;9,112244;22,9652;-0,002403;0;13,00775;-0,22419;0;0;12,41489;-6,446685;0;-0,003104;0;0;0;0;0;0;0;0;34,93652;1360,485;-0,288391;0,508118;-61,24191;0,974178;0,200844;0;554,6241;-181,4529;0;-0,186253;0;0;316,4612;284,7244;0;0;0;0
153;2550;00:00:02:550;0;0;0;-3,519914;0,050068;3,621712;-4,866318;-2,993031;7,021762;-5,706616;-5,566991;10,07808;-6,281508;-7,520283;12,44572;-2,370207;0;3,621712;-2,370207;0,05009;11,17456;-1,543101;-0,261364;16,17889;-1,103938;-0,591957;18,82793;-0,756576;-0,993987;20,91673;-0,895299;-0,03505;3,621712;-0,101118;0,01504;11,13133;1,454623;-3,365963;15,35987;2,260832;-5,348162;17,54014;2,888402;-7,101721;19,22722;0,443679;-0,000078;3,621712;1,958848;0,050012;10,3956;1,956898;-4,900703;10,96029;1,430695;-6,878556;9,053486;0,710523;-6,788091;6,615979;1,743431;-0,000171;3,621712;3,958467;0,049919;9,102249;3,988765;-3,889036;9,573995;3,762821;-5,786178;8,881627;3,247058;-7,356182;7,274085;0;0;0;-31,01487;-33,49918;113,5808;-26,15414;-33,49919;113,5808;-24,99343;-33,22501;113,9904;-24,99343;-33,22502;113,9904;-0,379977;0;0;3,450896;9,408039;-0,385113;7,077795;9,368833;0,361922;10,96856;9,186463;1,348317;10,93157;9,230606;1,117129;-0,380045;6,036885;0;37,21149;19,5154;0,963254;40,24026;20,78003;-0,61206;43,59351;22,03506;-1,815998;43,65706;21,88481;-1,646043;-0,413454;12,60826;0;83,34498;12,07381;-1,420641;134,6383;14,03062;-1,435148;-177,4618;16,39223;1,767254;-177,5412;16,40402;1,48578;-0,485496;22,00679;0;82,97962;13,36752;-1,190102;110,6578;15,03487;-1,205826;137,3031;18,42471;0,722824;137,2341;18,23217;0,503273;0;0;0;0;0;0;0;0;0;0;0;0;0;0;0;0;0;0;0;0;0;0;0;0;0;0;0;0;0;0;0;0;0;0;0;0;0;0;0;0;0;0;0;0;0;0;0;0;0;0;0;0;0;0;0;0;0;0;0;0;0;0;0;0;0;0;0;0;0;0;0;0;0;0;0;0;0;0;0;0;0;76,5851;17,58389;45,72898;143,9541;36,71407;80,08539;195,7717;52,21993;105,2472;0;0;0;0;0;0;68,39263;-0,451449;-11,46912;104,7309;-0,689328;-17,58992;133,4982;-0,875741;-22,46618;0;0;0;0;0;0;53,13724;-18,9203;-34,82043;80,36702;-28,67683;-53,84266;101,2856;-36,22859;-69,53358;0;0;0;0;0;0;0;0;0;0;0;0;0;0;0;0;0;0;0;0;0;0;0;0;0;0;0;0;0;0;12,03642;11,41277;9,132933;10,8428;41,82905;26,60336;4,860711;1,38621;-9,408553;3,561285;3,504646;3,731664;-19,49012;38,6447;3,571441;3,794573;-12,07378;83,49284;51,27993;46,99445;-13,36859;83,17056;27,67389;26,05083;9,112244;22,9652;-0,002403;0;13,00775;-0,22419;0;0;12,41489;-6,446685;0;-0,003104;0;0;0;0;0;0;0;0;34,93652;1360,485;-0,288391;0,508118;-61,24191;0,974178;0,200844;0;554,6241;-181,4529;0;-0,186253;0;0;316,4612;284,7244;0;0;0;0
154;2566,667;00:00:02:567;0;0;0;-3,519914;0,050068;3,621712;-4,872067;-2,998896;7,014217;-5,717484;-5,578242;10,06458;-6,29633;-7,535729;12,42778;-2,370207;0;3,621712;-2,370207;0,05009;11,17456;-1,538888;-0,261392;16,17819;-1,097487;-0,592;18,82686;-0,748353;-0,994042;20,91536;-0,895299;-0,03505;3,621712;-0,101118;0,01504;11,13133;1,450352;-3,360524;15,36578;2,254438;-5,339916;17,54938;2,880437;-7,091305;19,2393;0,443679;-0,000078;3,621712;1,958848;0,050012;10,3956;1,956898;-4,900703;10,96029;1,430695;-6,878556;9,053486;0,710523;-6,788091;6,615979;1,743431;-0,000171;3,621712;3,958467;0,049919;9,102249;3,988765;-3,889036;9,573995;3,762821;-5,786178;8,881627;3,247058;-7,356182;7,274085;0;0;0;-31,15514;-33,56364;113,6407;-26,2944;-33,56366;113,6408;-25,13379;-33,28865;114,0499;-25,13381;-33,28865;114,0499;-0,379977;0;0;3,451377;9,456102;-0,382175;7,078912;9,416886;0,364963;10,97052;9,234491;1,351489;10,93333;9,27864;1,12027;-0,380045;6,036885;0;37,13952;19,44345;0,95833;40,16985;20,70625;-0,617922;43,52417;21,95991;-1,822892;43,58756;21,80985;-1,652832;-0,413454;12,60826;0;83,34498;12,07381;-1,420641;134,6383;14,03062;-1,435148;-177,4618;16,39223;1,767254;-177,5412;16,40402;1,48578;-0,485496;22,00679;0;82,97962;13,36752;-1,190102;110,6578;15,03487;-1,205826;137,3031;18,42471;0,722824;137,2341;18,23217;0,503273;0;0;0;0;0;0;-0,344954;-0,351917;-0,452667;-0,652134;-0,67509;-0,810161;-0,889331;-0,926793;-1,076102;0;0;0;0;0;0;0,252765;-0,001693;-0,042021;0,387071;-0,002582;-0,064462;0,493381;-0,00328;-0,082254;0;0;0;0;0;0;-0,256296;0,326335;0,354588;-0,383668;0,494711;0,554413;-0,47788;0,624999;0,724643;0;0;0;0;0;0;0;0;0;0;0;0;0;0;0;0;0;0;0;0;0;0;0;0;0;0;0;0;0;0;0;0;0;0;0;0;-20,69726;-21,11502;-27,16005;-39,12806;-40,50537;-48,60967;-53,35987;-55,60755;-64,56612;0;0;0;0;0;0;15,16588;-0,101589;-2,521276;23,22424;-0,154898;-3,867745;29,60287;-0,196807;-4,935264;0;0;0;0;0;0;-15,37777;19,58012;21,27528;-23,02006;29,68266;33,26475;-28,67281;37,49996;43,4786;0;0;0;0;0;0;0;0;0;0;0;0;0;0;0;0;0;0;0;0;0;0;0;0;0;0;0;0;0;0;12,06701;11,4371;9,134113;10,84754;41,94715;26,73081;4,860751;1,38621;-9,456628;3,562164;3,504702;3,731664;-19,41851;38,5607;3,571441;3,794573;-12,07378;83,49284;51,27993;46,99445;-13,36859;83,17056;27,67389;26,05083;7,086181;7,647056;0,002403;0;-2,884483;0,052772;0,003347;0;4,296684;-5,039749;0;0;0;0;0;0;0;0;0;0;-121,5637;-919,0886;0,288391;0;-953,5342;16,61768;0,200844;0;-487,0925;84,41619;0;0,186253;0;0;0;0;0;0;0;0
155;2583,333;00:00:02:583;0;0;0;-3,519914;0,050068;3,621712;-4,874022;-3,002091;7,010562;-5,721197;-5,584313;10,05801;-6,301403;-7,544028;12,41902;-2,370207;0;3,621712;-2,370207;0,05009;11,17456;-1,534268;-0,261423;16,17741;-1,090413;-0,592046;18,82567;-0,739336;-0,994101;20,91385;-0,895299;-0,03505;3,621712;-0,101118;0,01504;11,13133;1,45393;-3,358628;15,36598;2,259904;-5,337041;17,54977;2,887404;-7,08767;19,23992;0,443679;-0,000078;3,621712;1,958848;0,050012;10,3956;1,956898;-4,900703;10,96029;1,430695;-6,878556;9,053486;0,710523;-6,788091;6,615979;1,743431;-0,000171;3,621712;3,958467;0,049919;9,102249;3,988765;-3,889036;9,573995;3,762821;-5,786178;8,881627;3,247058;-7,356182;7,274085;0;0;0;-31,21719;-33,60009;113,6747;-26,35645;-33,60011;113,6747;-25,19596;-33,32474;114,0837;-25,19596;-33,32474;114,0837;-0,379977;0;0;3,451908;9,50881;-0,378951;7,080139;9,469584;0,368301;10,97266;9,28716;1,35497;10,93526;9,331319;1,123719;-0,380045;6,036885;0;37,117;19,48404;0,961107;40,14597;20,74624;-0,616092;43,4992;21,99942;-1,821963;43,56274;21,84943;-1,651786;-0,413454;12,60826;0;83,34498;12,07381;-1,420641;134,6383;14,03062;-1,435148;-177,4618;16,39223;1,767254;-177,5412;16,40402;1,48578;-0,485496;22,00679;0;82,97962;13,36752;-1,190102;110,6578;15,03487;-1,205826;137,3031;18,42471;0,722824;137,2341;18,23217;0,503273;0;0;0;0;0;0;-0,117302;-0,191711;-0,219315;-0,222713;-0,364244;-0,394598;-0,304341;-0,497907;-0,525534;0;0;0;0;0;0;0,277167;-0,001838;-0,046313;0,424421;-0,002811;-0,071079;0,541002;-0,003571;-0,090748;0;0;0;0;0;0;0,214711;0,113793;0,011981;0,327989;0,172533;0,023335;0,418045;0,218064;0,037283;0;0;0;0;0;0;0;0;0;0;0;0;0;0;0;0;0;0;0;0;0;0;0;0;0;0;0;0;0;0;0;0;0;0;0;0;13,65915;9,612365;14,00113;25,7653;18,65074;24,93381;35,09938;25,73311;33,03408;0;0;0;0;0;0;1,464151;-0,008717;-0,257492;2,240987;-0,013746;-0,396967;2,857223;-0,017434;-0,50962;0;0;0;0;0;0;28,26043;-12,75256;-20,55645;42,69942;-19,33068;-31,86464;53,75549;-24,41614;-41,24164;0;0;0;0;0;0;0;0;0;0;0;0;0;0;0;0;0;0;0;0;0;0;0;0;0;0;0;0;0;0;12,08305;11,45282;9,133121;10,84799;42,0077;26,78056;4,860711;1,386351;-9,509319;3,563044;3,504702;3,731611;-19,45893;38,54369;3,571387;3,794625;-12,07378;83,49284;51,27993;46,99445;-13,36859;83,17056;27,67389;26,05083;3,632812;2,985306;-0,002403;0,008469;-3,161487;0,052757;0;-0,003147;-2,425232;-1,020813;-0,00329;0,003104;0;0;0;0;0;0;0;0;-207,2021;-279,705;-0,288391;0,508118;-16,62025;-0,000858;-0,200844;-0,188828;-403,3149;241,1361;-0,197411;0,186253;0;0;0;0;0;0;0;0
156;2600;00:00:02:600;0;0;0;-3,519914;0,050068;3,621712;-4,874022;-3,002091;7,010562;-5,721197;-5,584313;10,05801;-6,301403;-7,544028;12,41902;-2,370207;0;3,621712;-2,370207;0,05009;11,17456;-1,534268;-0,261423;16,17741;-1,090413;-0,592046;18,82567;-0,739336;-0,994101;20,91385;-0,895299;-0,03505;3,621712;-0,101118;0,01504;11,13133;1,45393;-3,358628;15,36598;2,259904;-5,337041;17,54977;2,887404;-7,08767;19,23992;0,443679;-0,000078;3,621712;1,958848;0,050012;10,3956;1,956898;-4,900703;10,96029;1,430695;-6,878556;9,053486;0,710523;-6,788091;6,615979;1,743431;-0,000171;3,621712;3,958467;0,049919;9,102249;3,988765;-3,889036;9,573995;3,762821;-5,786178;8,881627;3,247058;-7,356182;7,274085;0;0;0;-31,21719;-33,60009;113,6747;-26,35645;-33,60011;113,6747;-25,19596;-33,32474;114,0837;-25,19596;-33,32474;114,0837;-0,379977;0;0;3,451908;9,50881;-0,378951;7,080139;9,469584;0,368301;10,97266;9,28716;1,35497;10,93526;9,331319;1,123719;-0,380045;6,036885;0;37,117;19,48404;0,961107;40,14597;20,74624;-0,616092;43,4992;21,99942;-1,821963;43,56274;21,84943;-1,651786;-0,413454;12,60826;0;83,34498;12,07381;-1,420641;134,6383;14,03062;-1,435148;-177,4618;16,39223;1,767254;-177,5412;16,40402;1,48578;-0,485496;22,00679;0;82,97962;13,36752;-1,190102;110,6578;15,03487;-1,205826;137,3031;18,42471;0,722824;137,2341;18,23217;0,503273;0;0;0;0;0;0;0;0;0;0;0;0;0;0;0;0;0;0;0;0;0;0;0;0;0;0;0;0;0;0;0;0;0;0;0;0;0;0;0;0;0;0;0;0;0;0;0;0;0;0;0;0;0;0;0;0;0;0;0;0;0;0;0;0;0;0;0;0;0;0;0;0;0;0;0;0;0;0;0;0;0;7,038116;11,50265;13,15892;13,36277;21,85464;23,67586;18,26048;29,87444;31,53205;0;0;0;0;0;0;-16,63003;0,110306;2,778768;-25,46523;0,168644;4,264711;-32,46009;0,214241;5,444883;0;0;0;0;0;0;-12,88265;-6,827562;-0,718832;-19,67937;-10,35198;-1,400113;-25,08268;-13,08382;-2,236962;0;0;0;0;0;0;0;0;0;0;0;0;0;0;0;0;0;0;0;0;0;0;0;0;0;0;0;0;0;0;12,08305;11,45282;9,133121;10,84799;42,0077;26,78056;4,860711;1,386351;-9,509319;3,563044;3,504702;3,731611;-19,45893;38,54369;3,571387;3,794625;-12,07378;83,49284;51,27993;46,99445;-13,36859;83,17056;27,67389;26,05083;0;0;0;0;0;0;0;0;0;0;0;0;0;0;0;0;0;0;0;0;-217,9687;-179,1183;0,144196;-0,508118;189,6892;-3,165435;0;0,188828;145,5139;61,24878;0,197411;-0,186253;0;0;0;0;0;0;0;0
157;2616,667;00:00:02:617;0;0;0;-3,519914;0,050068;3,621712;-4,885904;-3,020565;6,989037;-5,743748;-5,61945;10,01928;-6,332216;-7,592086;12,36746;-2,370207;0;3,621712;-2,370207;0,05009;11,17456;-1,532285;-0,261436;16,17708;-1,087376;-0,592067;18,82516;-0,735464;-0,994127;20,9132;-0,895299;-0,03505;3,621712;-0,101118;0,01504;11,13133;1,463488;-3,358466;15,36259;2,274422;-5,336796;17,54462;2,905789;-7,087359;19,23339;0,443679;-0,000078;3,621712;1,958848;0,050012;10,3956;1,956898;-4,900703;10,96029;1,430473;-6,877545;9,052499;0,710322;-6,78461;6,615078;1,743431;-0,000171;3,621712;3,958467;0,049919;9,102249;3,988765;-3,889036;9,573995;3,762821;-5,786178;8,881627;3,247058;-7,356182;7,274085;0;0;0;-31,58506;-33,81076;113,8718;-26,72432;-33,81078;113,8718;-25,56444;-33,5332;114,2796;-25,56446;-33,53321;114,2796;-0,379977;0;0;3,452137;9,53145;-0,377567;7,080667;9,492215;0,369734;10,97359;9,309779;1,356466;10,93609;9,353942;1,1252;-0,380045;6,036885;0;37,11982;19,6074;0,969558;40,14519;20,86963;-0,608865;43,49559;22,12276;-1,815808;43,55954;21,97278;-1,645472;-0,413454;12,60826;0;83,34498;12,07381;-1,420641;134,6676;14,03063;-1,435147;-177,4058;16,39064;1,7685;-177,4853;16,40269;1,487041;-0,485496;22,00679;0;82,97962;13,36752;-1,190102;110,6578;15,03487;-1,205826;137,3031;18,42471;0,722824;137,2341;18,23217;0,503273;0;0;0;0;0;0;-0,712931;-1,108389;-1,291484;-1,353085;-2,108194;-2,323419;-1,848802;-2,883464;-3,093749;0;0;0;0;0;0;0,119017;-0,000788;-0,020027;0,182256;-0,001201;-0,030667;0,232324;-0,001526;-0,038981;0;0;0;0;0;0;0,573456;0,009701;-0,20358;0,87107;0,014707;-0,309259;1,103081;0,018686;-0,391781;0;0;0;0;0;0;0;0;0;-0,013277;0,060618;-0,059232;-0,012067;0,20881;-0,054047;0;0;0;0;0;0;0;0;0;0;0;0;0;0;0;0;0;0;0;0;0;-42,77586;-66,50335;-77,48901;-81,18509;-126,4916;-139,4051;-110,9281;-173,0078;-185,6249;0;0;0;0;0;0;7,141046;-0,047274;-1,201629;10,93536;-0,072084;-1,839995;13,93944;-0,09153;-2,338886;0;0;0;0;0;0;34,40737;0,582039;-12,21478;52,26418;0,882447;-18,55552;66,18484;1,121163;-23,50688;0;0;0;0;0;0;0;0;0;-0,796616;3,637075;-3,553926;-0,724029;12,5286;-3,242791;0;0;0;0;0;0;0;0;0;0;0;0;0;0;0;12,16085;11,52113;9,129035;10,85176;42,36139;27,08047;4,860751;1,38621;-9,531948;3,563428;3,504646;3,731664;-19,58176;38,56474;3,571496;3,794625;-12,07378;83,49284;51,30924;47,02081;-13,36859;83,17056;27,67389;26,05083;21,22169;17,99469;0,002403;-0,008469;-1,357727;0,023074;-0,003347;0,003147;-7,369766;1,26297;0,00658;0;0;0;1,758499;1,581802;0;0;0;0;1273,302;1079,681;0,144196;-0,508118;-81,46362;1,384449;-0,200844;0,188828;-442,1859;75,77819;0,394821;0;0;0;105,5099;94,90813;0;0;0;0
158;2633,333;00:00:02:633;0;0;0;-3,519914;0,050068;3,621712;-4,883906;-3,020635;6,989783;-5,739996;-5,619479;10,02056;-6,327119;-7,592062;12,36912;-2,370207;0;3,621712;-2,370207;0,05009;11,17456;-1,534197;-0,261423;16,1774;-1,090304;-0,592047;18,82565;-0,739197;-0,994102;20,91382;-0,895299;-0,03505;3,621712;-0,101118;0,01504;11,13133;1,466469;-3,358415;15,36153;2,27895;-5,336719;17,543;2,911523;-7,087263;19,23134;0,443679;-0,000078;3,621712;1,958848;0,050012;10,3956;1,956898;-4,900703;10,96029;1,430252;-6,876533;9,051513;0,710121;-6,781132;6,614181;1,743431;-0,000171;3,621712;3,958467;0,049919;9,102249;3,988765;-3,889036;9,573995;3,762821;-5,786178;8,881627;3,247058;-7,356182;7,274085;0;0;0;-31,56118;-33,81373;113,8746;-26,70044;-33,81374;113,8746;-25,54068;-33,53632;114,2826;-25,54067;-33,53631;114,2826;-0,379977;0;0;3,451915;9,509622;-0,378902;7,080157;9,470394;0,368352;10,9727;9,28797;1,355024;10,93529;9,33213;1,123772;-0,380045;6,036885;0;37,12072;19,6459;0,972198;40,14495;20,90812;-0,606609;43,49447;22,16125;-1,813888;43,55854;22,01127;-1,643504;-0,413454;12,60826;0;83,34498;12,07381;-1,420641;134,6969;14,03063;-1,435147;-177,3499;16,38906;1,769744;-177,4293;16,40137;1,488299;-0,485496;22,00679;0;82,97962;13,36752;-1,190102;110,6578;15,03487;-1,205826;137,3031;18,42471;0,722824;137,2341;18,23217;0,503273;0;0;0;0;0;0;0,119917;-0,004236;0,044748;0,225082;-0,001788;0,076622;0,305861;0,001431;0,099465;0;0;0;0;0;0;-0,114754;0,000761;0,019312;-0,175718;0,001162;0,029594;-0,223987;0,001481;0,037551;0;0;0;0;0;0;0,178859;0,00304;-0,063747;0,271663;0,004604;-0,096917;0,344038;0,005767;-0,122756;0;0;0;0;0;0;0;0;0;-0,013271;0,060752;-0,059143;-0,012028;0,208721;-0,053868;0;0;0;0;0;0;0;0;0;0;0;0;0;0;0;0;0;0;0;0;0;49,97089;66,24921;80,1739;94,69001;126,3843;144,0024;129,2798;173,0937;191,5929;0;0;0;0;0;0;-14,02628;0,092955;2,360343;-21,47846;0,141822;3,615617;-27,37864;0,180379;4,591941;0;0;0;0;0;0;-23,67585;-0,399649;8,389949;-35,9644;-0,606179;12,74049;-45,54256;-0,775158;16,14153;0;0;0;0;0;0;0;0;0;0,000335;0,008047;0,005364;0,002347;-0,005364;0,010729;0;0;0;0;0;0;0;0;0;0;0;0;0;0;0;12,15607;11,51944;9,126866;10,84804;42,35573;27,04684;4,860751;1,386351;-9,510145;3,563044;3,504646;3,731664;-19,62009;38,57134;3,571387;3,794676;-12,07378;83,49284;51,33853;47,04717;-13,36859;83,17056;27,67389;26,05083;-0,339661;-2,01828;0;0,008469;1,308174;-0,023074;0;0;-2,29969;0,396194;-0,00658;0,00309;0;0;1,757583;1,581573;0;0;0;0;-1293,681;-1200,778;-0,144196;1,016235;159,9541;-2,768898;0,200844;-0,188828;304,2045;-52,00652;-0,789642;0,185394;0;0;-0,054932;-0,013733;0;0;0;0
159;2650;00:00:02:650;0;0;0;-3,519914;0,050068;3,621712;-4,902508;-3,033369;6,97051;-5,775092;-5,644244;9,986203;-6,374933;-7,626267;12,32358;-2,370207;0;3,621712;-2,370207;0,05009;11,17456;-1,532528;-0,261434;16,17712;-1,087747;-0,592064;18,82522;-0,735937;-0,994124;20,91328;-0,895299;-0,03505;3,621712;-0,101118;0,01504;11,13133;1,459683;-3,37505;15,35072;2,26836;-5,361936;17,52581;2,89771;-7,119123;19,20844;0,443679;-0,000078;3,621712;1,958848;0,050012;10,3956;1,956898;-4,900703;10,96029;1,430252;-6,876533;9,051513;0,710121;-6,781132;6,614181;1,743431;-0,000171;3,621712;3,958467;0,049919;9,102249;3,988765;-3,889036;9,573995;3,762821;-5,786178;8,881627;3,247058;-7,356182;7,274085;0;0;0;-31,94596;-33,94875;114,0016;-27,08522;-33,94876;114,0016;-25,92534;-33,66906;114,408;-25,92536;-33,66907;114,408;-0,379977;0;0;3,452109;9,528678;-0,377736;7,080602;9,489446;0,369559;10,97347;9,307013;1,356283;10,93598;9,351172;1,125018;-0,380045;6,036885;0;37,33085;19,60903;0,969672;40,35781;20,87672;-0,603811;43,70985;22,13404;-1,805806;43,77361;21,98347;-1,636063;-0,413454;12,60826;0;83,34498;12,07381;-1,420641;134,6969;14,03063;-1,435147;-177,3499;16,38906;1,769744;-177,4293;16,40137;1,488299;-0,485496;22,00679;0;82,97962;13,36752;-1,190102;110,6578;15,03487;-1,205826;137,3031;18,42471;0,722824;137,2341;18,23217;0,503273;0;0;0;0;0;0;-1,116112;-0,764016;-1,15639;-2,10569;-1,485854;-2,061322;-2,868846;-2,052292;-2,73259;0;0;0;0;0;0;0,100192;-0,000664;-0,016809;0,153422;-0,001014;-0,025839;0,195567;-0,001296;-0,032902;0;0;0;0;0;0;-0,407148;-0,998095;-0,648201;-0,635393;-1,513012;-1,031846;-0,828758;-1,91161;-1,374274;0;0;0;0;0;0;0;0;0;0;0;0;0;0;0;0;0;0;0;0;0;0;0;0;0;0;0;0;0;0;0;0;0;0;0;0;-74,16173;-45,58682;-72,06826;-139,8463;-89,04396;-128,2766;-190,4824;-123,2234;-169,9233;0;0;0;0;0;0;12,89673;-0,085495;-2,167224;19,74843;-0,13059;-3,325939;25,1732;-0,166632;-4,22716;0;0;0;0;0;0;-35,1604;-60,06807;-35,0672;-54,42336;-91,05696;-56,09571;-70,36774;-115,0426;-75,09111;0;0;0;0;0;0;0;0;0;0,796281;-3,645122;3,548562;0,721682;-12,52323;3,232062;0;0;0;0;0;0;0;0;0;0;0;0;0;0;0;12,22974;11,5603;9,13835;10,86982;42,6376;27,43392;4,860671;1,386351;-9,529205;3,563373;3,504702;3,731716;-19,58332;38,78031;3,571496;3,794625;-12,07378;83,49284;51,33853;47,04717;-13,36859;83,17056;27,67389;26,05083;16,91231;23,22487;-0,004835;0;-1,143608;0,019784;0,003347;0,003147;2,206192;12,53837;0,00658;-0,00309;0;0;0;0;0;0;0;0;1035,118;1514,589;-0,290108;-0,508118;-147,1069;2,571487;0,200844;0,188828;270,3529;728,5308;0,789642;-0,370789;0;0;-105,455;-94,89439;0;0;0;0
160;2666,667;00:00:02:667;0;0;0;-3,519914;0,050068;3,621712;-4,902508;-3,033369;6,97051;-5,775092;-5,644244;9,986203;-6,374933;-7,626267;12,32358;-2,370207;0;3,621712;-2,370207;0,05009;11,17456;-1,532528;-0,261434;16,17712;-1,087747;-0,592064;18,82522;-0,735937;-0,994124;20,91328;-0,895299;-0,03505;3,621712;-0,101118;0,01504;11,13133;1,459683;-3,37505;15,35072;2,26836;-5,361936;17,52581;2,89771;-7,119123;19,20844;0,443679;-0,000078;3,621712;1,958848;0,050012;10,3956;1,956898;-4,900703;10,96029;1,430252;-6,876533;9,051513;0,710121;-6,781132;6,614181;1,743431;-0,000171;3,621712;3,958467;0,049919;9,102249;3,988765;-3,889036;9,573995;3,762821;-5,786178;8,881627;3,247058;-7,356182;7,274085;0;0;0;-31,94596;-33,94875;114,0016;-27,08522;-33,94876;114,0016;-25,92534;-33,66906;114,408;-25,92536;-33,66907;114,408;-0,379977;0;0;3,452109;9,528678;-0,377736;7,080602;9,489446;0,369559;10,97347;9,307013;1,356283;10,93598;9,351172;1,125018;-0,380045;6,036885;0;37,33085;19,60903;0,969672;40,35781;20,87672;-0,603811;43,70985;22,13404;-1,805806;43,77361;21,98347;-1,636063;-0,413454;12,60826;0;83,34498;12,07381;-1,420641;134,6969;14,03063;-1,435147;-177,3499;16,38906;1,769744;-177,4293;16,40137;1,488299;-0,485496;22,00679;0;82,97962;13,36752;-1,190102;110,6578;15,03487;-1,205826;137,3031;18,42471;0,722824;137,2341;18,23217;0,503273;0;0;0;0;0;0;0;0;0;0;0;0;0;0;0;0;0;0;0;0;0;0;0;0;0;0;0;0;0;0;0;0;0;0;0;0;0;0;0;0;0;0;0;0;0;0;0;0;0;0;0;0;0;0;0;0;0;0;0;0;0;0;0;0;0;0;0;0;0;0;0;0;0;0;0;0;0;0;0;0;0;66,9667;45,84096;69,38337;126,3414;89,15125;123,6793;172,1307;123,1375;163,9554;0;0;0;0;0;0;-6,0115;0,039814;1,00851;-9,205339;0,060853;1,550317;-11,73399;0,077784;1,974106;0;0;0;0;0;0;24,42889;59,88567;38,89202;38,12357;90,78069;61,91074;49,72547;114,6966;82,45646;0;0;0;0;0;0;0;0;0;0;0;0;0;0;0;0;0;0;0;0;0;0;0;0;0;0;0;0;0;0;12,22974;11,5603;9,13835;10,86982;42,6376;27,43392;4,860671;1,386351;-9,529205;3,563373;3,504702;3,731716;-19,58332;38,78031;3,571496;3,794625;-12,07378;83,49284;51,33853;47,04717;-13,36859;83,17056;27,67389;26,05083;16,91231;23,22487;-0,004835;0;-1,143608;0,019784;0,003347;0,003147;2,206192;12,53837;0,00658;-0,00309;0;0;0;0;0;0;0;0;1035,118;1514,589;-0,290108;-0,508118;-147,1069;2,571487;0,200844;0,188828;270,3529;728,5308;0,789642;-0,370789;0;0;-105,455;-94,89439;0;0;0;0
161;2683,333;00:00:02:683;0;0;0;-3,519914;0,050068;3,621712;-4,90759;-3,036586;6,965439;-5,784678;-5,650523;9,977172;-6,387991;-7,634953;12,31161;-2,370207;0;3,621712;-2,370207;0,05009;11,17456;-1,531642;-0,26144;16,17697;-1,086391;-0,592073;18,825;-0,734208;-0,994135;20,91299;-0,895299;-0,03505;3,621712;-0,101118;0,01504;11,13133;1,45772;-3,376916;15,34995;2,265347;-5,364764;17,52454;2,893849;-7,122697;19,20671;0,443679;-0,000078;3,621712;1,958848;0,050012;10,3956;1,956898;-4,900703;10,96029;1,430252;-6,876533;9,051513;0,710121;-6,781132;6,614181;1,743431;-0,000171;3,621712;3,958467;0,049919;9,102249;3,988765;-3,889036;9,573995;3,762821;-5,786178;8,881627;3,247058;-7,356182;7,274085;0;0;0;-32,04835;-33,98266;114,0336;-27,18761;-33,98267;114,0336;-26,02769;-33,70238;114,4395;-26,02769;-33,70238;114,4395;-0,379977;0;0;3,452212;9,538787;-0,377118;7,080838;9,499556;0,370199;10,97389;9,317115;1,356951;10,93636;9,361277;1,12568;-0,380045;6,036885;0;37,35384;19,58929;0,968316;40,38157;20,85758;-0,604418;43,73424;22,11537;-1,805687;43,79791;21,96473;-1,636037;-0,413454;12,60826;0;83,34498;12,07381;-1,420641;134,6969;14,03063;-1,435147;-177,3499;16,38906;1,769744;-177,4293;16,40137;1,488299;-0,485496;22,00679;0;82,97962;13,36752;-1,190102;110,6578;15,03487;-1,205826;137,3031;18,42471;0,722824;137,2341;18,23217;0,503273;0;0;0;0;0;0;-0,304922;-0,193052;-0,304252;-0,575177;-0,376783;-0,541896;-0,783518;-0,521198;-0,718206;0;0;0;0;0;0;0,053152;-0,000352;-0,008941;0,081399;-0,000534;-0,013679;0,103746;-0,000676;-0,017345;0;0;0;0;0;0;-0,117805;-0,11196;-0,046492;-0,180781;-0,169694;-0,075817;-0,231653;-0,214443;-0,103533;0;0;0;0;0;0;0;0;0;0;0;0;0;0;0;0;0;0;0;0;0;0;0;0;0;0;0;0;0;0;0;0;0;0;0;0;-18,29535;-11,58312;-18,25511;-34,51064;-22,607;-32,51373;-47,01107;-31,27187;-43,09237;0;0;0;0;0;0;3,189147;-0,021122;-0,536442;4,883966;-0,032019;-0,820756;6,224736;-0,040568;-1,040697;0;0;0;0;0;0;-7,068291;-6,717592;-2,789497;-10,84685;-10,18166;-4,549026;-13,89921;-12,86656;-6,211996;0;0;0;0;0;0;0;0;0;0;0;0;0;0;0;0;0;0;0;0;0;0;0;0;0;0;0;0;0;0;12,24947;11,574;9,14182;10,87605;42,71065;27,53889;4,860671;1,386351;-9,539308;3,563593;3,504646;3,731664;-19,56366;38,80084;3,571496;3,794625;-12,07378;83,49284;51,33853;47,04717;-13,36859;83,17056;27,67389;26,05083;4,382629;6,29837;0;0;-0,606136;0,013189;-0,003347;-0,003147;1,179771;1,231842;0;0;0;0;0;0;0;0;0;0;-751,7806;-1015,59;0,290108;0;32,2483;-0,395679;-0,401688;-0,377655;-61,58524;-678,392;-0,394821;0,185394;0;0;0;0;0;0;0;0
162;2700;00:00:02:700;0;0;0;-3,519914;0,050068;3,621712;-4,916891;-3,046677;6,95221;-5,80228;-5,669879;9,953439;-6,41201;-7,661528;12,28005;-2,370207;0;3,621712;-2,370207;0,05009;11,17456;-1,530693;-0,261446;16,17681;-1,084938;-0,592082;18,82475;-0,732357;-0,994147;20,91267;-0,895299;-0,03505;3,621712;-0,101118;0,01504;11,13133;1,461731;-3,384172;15,34262;2,271313;-5,375762;17,51305;2,901225;-7,136593;19,19167;0,443679;-0,000078;3,621712;1,958848;0,050012;10,3956;1,956898;-4,900703;10,96029;1,430031;-6,875519;9,050526;0,709922;-6,777652;6,613286;1,743431;-0,000171;3,621712;3,958467;0,049919;9,102249;3,988765;-3,889036;9,573995;3,762821;-5,786178;8,881627;3,247058;-7,356182;7,274085;0;0;0;-32,28773;-34,09603;114,1407;-27,42698;-34,09604;114,1407;-26,26725;-33,81433;114,5458;-26,26724;-33,81433;114,5458;-0,379977;0;0;3,452321;9,549613;-0,376456;7,081091;9,510377;0,370885;10,97433;9,327929;1,357666;10,93676;9,372094;1,126389;-0,380045;6,036885;0;37,44933;19,66402;0,973442;40,47561;20,93475;-0,597823;43,82733;22,19436;-1,797528;43,89115;22,04346;-1,628048;-0,413454;12,60826;0;83,34498;12,07381;-1,420641;134,7262;14,03063;-1,435148;-177,2939;16,38747;1,770988;-177,3733;16,40004;1,489557;-0,485496;22,00679;0;82,97962;13,36752;-1,190102;110,6578;15,03487;-1,205826;137,3031;18,42471;0,722824;137,2341;18,23217;0,503273;0;0;0;0;0;0;-0,558078;-0,60543;-0,793755;-1,056164;-1,161352;-1,423985;-1,441106;-1,594439;-1,89355;0;0;0;0;0;0;0,056913;-0,000369;-0,009567;0,087144;-0,000564;-0,014663;0,111088;-0,000721;-0,018775;0;0;0;0;0;0;0,240695;-0,435367;-0,439882;0,357986;-0,659913;-0,689238;0,44252;-0,833765;-0,902831;0;0;0;0;0;0;0;0;0;-0,013283;0,060797;-0,059232;-0,011975;0,20881;-0,053689;0;0;0;0;0;0;0;0;0;0;0;0;0;0;0;0;0;0;0;0;0;-15,18935;-24,7427;-29,37019;-28,85922;-47,0741;-52,92535;-39,45528;-64,39447;-70,52063;0;0;0;0;0;0;0,225641;-0,001006;-0,037551;0,344664;-0,001844;-0,059009;0,440553;-0,002682;-0,085831;0;0;0;0;0;0;21,50997;-19,40444;-23,60344;32,32598;-29,4131;-36,80527;40,45039;-37,15932;-47,95789;0;0;0;0;0;0;0;0;0;-0,796951;3,647804;-3,553926;-0,718497;12,5286;-3,221333;0;0;0;0;0;0;0;0;0;0;0;0;0;0;0;12,29775;11,60958;9,144142;10,8835;42,91711;27,75563;4,860751;1,38621;-9,55012;3,563758;3,504702;3,731716;-19,63803;38,90934;3,571441;3,794573;-12,07378;83,49284;51,36784;47,07354;-13,36859;83,17056;27,67389;26,05083;12,38777;13,00449;0,004835;-0,008469;-0,648766;0,009885;0,003347;0,003147;-4,462509;6,510086;-0,00329;-0,003104;0;0;1,75827;1,582031;0;0;0;0;480,3084;402,3673;0,290108;-0,508118;-2,557754;-0,198269;0,401688;0,377655;-338,5368;316,6946;-0,197411;-0,186253;0;0;105,4962;94,92186;0;0;0;0
163;2716,667;00:00:02:717;0;0;0;-3,519914;0,050068;3,621712;-4,913983;-3,049355;6,950937;-5,796855;-5,674739;9,951;-6,404659;-7,668033;12,2767;-2,370207;0;3,621712;-2,370207;0,05009;11,17456;-1,537335;-0,261403;16,17793;-1,095109;-0,592015;18,82646;-0,745322;-0,994062;20,91485;-0,895299;-0,03505;3,621712;-0,101118;0,01504;11,13133;1,461866;-3,396966;15,33221;2,271296;-5,395154;17,49663;2,900887;-7,161088;19,16999;0,443679;-0,000078;3,621712;1,958848;0,050012;10,3956;1,956898;-4,900703;10,96029;1,42981;-6,874508;9,04954;0,709723;-6,774171;6,612393;1,743431;-0,000171;3,621712;3,958467;0,049919;9,102249;3,988765;-3,889036;9,573995;3,762821;-5,786178;8,881627;3,247058;-7,356182;7,274085;0;0;0;-32,28437;-34,13147;114,1743;-27,42364;-34,13149;114,1743;-26,2642;-33,8498;114,5796;-26,26419;-33,8498;114,5796;-0,379977;0;0;3,451555;9,473818;-0,381091;7,079326;9,434601;0,366085;10,97124;9,252194;1,352659;10,93398;9,29635;1,12143;-0,380045;6,036885;0;37,61441;19,7059;0,976318;40,64074;20,98087;-0,591486;43,99285;22,2437;-1,787671;44,05664;22,09234;-1,618603;-0,413454;12,60826;0;83,34498;12,07381;-1,420641;134,7556;14,03063;-1,435148;-177,2379;16,38587;1,77223;-177,3174;16,39871;1,490815;-0,485496;22,00679;0;82,97962;13,36752;-1,190102;110,6578;15,03487;-1,205826;137,3031;18,42471;0,722824;137,2341;18,23217;0,503273;0;0;0;0;0;0;0,1745;-0,160687;-0,076354;0,325531;-0,291623;-0,146315;0,441045;-0,390351;-0,200585;0;0;0;0;0;0;-0,398515;0,002629;0,066787;-0,610253;0,004015;0,10246;-0,777874;0,005107;0,130713;0;0;0;0;0;0;0,008058;-0,767648;-0,624597;-0,001028;-1,163453;-0,985444;-0,020251;-1,469716;-1,300514;0;0;0;0;0;0;0;0;0;-0,01326;0,060707;-0,059143;-0,011936;0,208855;-0,053555;0;0;0;0;0;0;0;0;0;0;0;0;0;0;0;0;0;0;0;0;0;43,95469;26,68462;43,04409;82,9017;52,18371;76,6602;112,929;72,24529;101,5779;0;0;0;0;0;0;-27,32567;0,179876;4,581212;-41,8438;0,274759;7,027388;-53,33773;0,349693;8,969305;0;0;0;0;0;0;-13,95821;-19,93686;-11,08288;-21,54082;-30,2124;-17,77231;-27,76623;-38,1571;-23,86093;0;0;0;0;0;0;0;0;0;0,001341;-0,005364;0,005364;0,002347;0,002682;0,008047;0;0;0;0;0;0;0;0;0;0;0;0;0;0;0;12,29584;11,5917;9,137715;10,87562;42,95273;27,72087;4,860711;1,38621;-9,47434;3,562439;3,504702;3,731716;-19,67967;39,08397;3,571441;3,794573;-12,07378;83,49284;51,39713;47,0999;-13,36859;83,17056;27,67389;26,05083;2,13707;-2,086029;-0,002403;0;4,546795;-0,079122;0;0;-2,498474;10,47775;0;0;0;0;1,757583;1,581573;0;0;0;0;-615,0421;-905,4313;-0,434303;0,508118;311,7336;-5,340384;-0,200844;-0,188828;117,8421;238,06;0,197411;0,186253;0;0;-0,041199;-0,027466;0;0;0;0
164;2733,333;00:00:02:733;0;0;0;-3,519914;0,050068;3,621712;-4,911176;-3,058871;6,94323;-5,791713;-5,6924;9,936833;-6,397756;-7,691917;12,25765;-2,370207;0;3,621712;-2,370207;0,05009;11,17456;-1,539881;-0,261386;16,17835;-1,099008;-0,59199;18,82711;-0,750291;-0,994029;20,91569;-0,895299;-0,03505;3,621712;-0,101118;0,01504;11,13133;1,462431;-3,413368;15,31862;2,271869;-5,420009;17,47521;2,901205;-7,192482;19,14174;0,443679;-0,000078;3,621712;1,958848;0,050012;10,3956;1,956898;-4,900703;10,96029;1,429589;-6,873494;9,048554;0,709525;-6,77069;6,611505;1,743431;-0,000171;3,621712;3,958467;0,049919;9,102249;3,988765;-3,889036;9,573995;3,762821;-5,786178;8,881627;3,247058;-7,356182;7,274085;0;0;0;-32,36686;-34,25012;114,287;-27,50612;-34,25013;114,287;-26,34743;-33,96795;114,6923;-26,34742;-33,96795;114,6923;-0,379977;0;0;3,451264;9,444771;-0,382868;7,07865;9,405556;0,364246;10,97006;9,223167;1,350741;10,93291;9,267314;1,119529;-0,380045;6,036885;0;37,82678;19,76537;0,980401;40,85306;21,04578;-0,582982;44,20552;22,31272;-1,774673;44,26931;22,1608;-1,606129;-0,413454;12,60826;0;83,34498;12,07381;-1,420641;134,7849;14,03063;-1,435148;-177,182;16,38428;1,773472;-177,2614;16,39738;1,492072;-0,485496;22,00679;0;82,97962;13,36752;-1,190102;110,6578;15,03487;-1,205826;137,3031;18,42471;0,722824;137,2341;18,23217;0,503273;0;0;0;0;0;0;0,16842;-0,570975;-0,462413;0,308521;-1,059607;-0,849992;0,414223;-1,433059;-1,143336;0;0;0;0;0;0;-0,152769;0,001017;0,025481;-0,233933;0,001551;0,039071;-0,298195;0,001973;0,049978;0;0;0;0;0;0;0,03393;-0,984102;-0,815034;0,034377;-1,491308;-1,285404;0,019044;-1,883581;-1,695156;0;0;0;0;0;0;0;0;0;-0,013266;0,060841;-0,059143;-0,011891;0,20881;-0,053331;0;0;0;0;0;0;0;0;0;0;0;0;0;0;0;0;0;0;0;0;0;-0,36478;-24,61731;-23,16355;-1,02058;-46,079;-42,22065;-1,609325;-62,56252;-56,5651;0;0;0;0;0;0;14,74477;-0,096727;-2,478361;22,57917;-0,147857;-3,803372;28,78077;-0,18809;-4,844069;0;0;0;0;0;0;1,552328;-12,98725;-11,42621;2,124309;-19,67132;-17,99762;2,357661;-24,83188;-23,67854;0;0;0;0;0;0;0;0;0;-0,000335;0,008047;0;0,002682;-0,002682;0,013411;0;0;0;0;0;0;0;0;0;0;0;0;0;0;0;12,31735;11,58062;9,123652;10,86145;43,10661;27,72705;4,860751;1,386351;-9,445292;3,561944;3,504702;3,731664;-19,73881;39,30943;3,571496;3,794573;-12,07378;83,49284;51,42644;47,12627;-13,36859;83,17056;27,67389;26,05083;9,232635;0,370789;0,002403;0,008469;1,742935;-0,029683;0;-0,003147;-3,548355;13,52714;0,00329;0;0;0;1,758499;1,582489;0;0;0;0;425,7339;147,409;0,288391;0,508118;-168,2316;2,966308;0;-0,188828;-62,99286;182,9635;0,197411;0;0;0;0,054932;0,054932;0;0;0;0
165;2750;00:00:02:750;0;0;0;-3,519914;0,050068;3,621712;-4,911656;-3,062201;6,939909;-5,79266;-5,698656;9,930798;-6,399073;-7,700426;12,24957;-2,370207;0;3,621712;-2,370207;0,05009;11,17456;-1,540943;-0,261378;16,17853;-1,100634;-0,591979;18,82738;-0,752365;-0,994015;20,91603;-0,895299;-0,03505;3,621712;-0,101118;0,01504;11,13133;1,460722;-3,420676;15,31327;2,269147;-5,431082;17,46672;2,897577;-7,206467;19,13049;0,443679;-0,000078;3,621712;1,958848;0,050012;10,3956;1,956898;-4,900703;10,96029;1,429589;-6,873494;9,048554;0,709525;-6,77069;6,611505;1,743431;-0,000171;3,621712;3,958467;0,049919;9,102249;3,988765;-3,889036;9,573995;3,762821;-5,786178;8,881627;3,247058;-7,356182;7,274085;0;0;0;-32,41416;-34,29021;114,3252;-27,55342;-34,29023;114,3252;-26,3949;-34,00778;114,7304;-26,3949;-34,00779;114,7304;-0,379977;0;0;3,451141;9,432651;-0,383608;7,078366;9,393439;0,363479;10,96956;9,211057;1,349941;10,93247;9,255203;1,118737;-0,380045;6,036885;0;37,92057;19,76642;0,980473;40,94757;21,04924;-0,580685;44,30077;22,31801;-1,770153;44,36447;22,16582;-1,601875;-0,413454;12,60826;0;83,34498;12,07381;-1,420641;134,7849;14,03063;-1,435148;-177,182;16,38428;1,773472;-177,2614;16,39738;1,492072;-0,485496;22,00679;0;82,97962;13,36752;-1,190102;110,6578;15,03487;-1,205826;137,3031;18,42471;0,722824;137,2341;18,23217;0,503273;0;0;0;0;0;0;-0,028834;-0,199791;-0,199288;-0,05684;-0,375353;-0,362143;-0,079036;-0,510514;-0,484541;0;0;0;0;0;0;-0,063725;0,00043;0,01055;-0,097593;0,000659;0,016272;-0,124399;0,000838;0,020742;0;0;0;0;0;0;-0,102527;-0,438452;-0,321329;-0,163347;-0,664406;-0,509173;-0,217661;-0,839129;-0,674754;0;0;0;0;0;0;0;0;0;0;0;0;0;0;0;0;0;0;0;0;0;0;0;0;0;0;0;0;0;0;0;0;0;0;0;0;-11,83525;22,27105;15,78748;-21,92169;41,05522;29,27094;-29,59549;55,35275;39,52771;0;0;0;0;0;0;5,342624;-0,035204;-0,895858;8,180401;-0,053477;-1,367926;10,42776;-0,068061;-1,754165;0;0;0;0;0;0;-8,187442;32,73904;29,62231;-11,86341;49,61416;46,57387;-14,2023;62,66712;61,2241;0;0;0;0;0;0;0;0;0;0,795946;-3,650486;3,548562;0,713468;-12,5286;3,199875;0;0;0;0;0;0;0;0;0;0;0;0;0;0;0;12,32756;11,57665;9,120547;10,85918;43,16581;27,75453;4,860751;1,38621;-9,433172;3,561724;3,504646;3,731664;-19,73982;39,4052;3,571441;3,794573;-12,07378;83,49284;51,42644;47,12627;-13,36859;83,17056;27,67389;26,05083;3,552017;1,649094;0;-0,008469;0,727158;-0,013204;-0,003347;0;-0,060654;5,746536;-0,00329;0;0;0;0;0;0;0;0;0;-340,837;76,6983;-0,144196;-1,016235;-60,94665;0,988769;-0,200844;0,188828;209,2621;-466,8365;-0,394821;0;0;0;-105,5099;-94,94933;0;0;0;0
166;2766,667;00:00:02:767;0;0;0;-3,519914;0,050068;3,621712;-4,911656;-3,062201;6,939909;-5,79266;-5,698656;9,930798;-6,399073;-7,700426;12,24957;-2,370207;0;3,621712;-2,370207;0,05009;11,17456;-1,540943;-0,261378;16,17853;-1,100634;-0,591979;18,82738;-0,752365;-0,994015;20,91603;-0,895299;-0,03505;3,621712;-0,101118;0,01504;11,13133;1,460722;-3,420676;15,31327;2,269147;-5,431082;17,46672;2,897577;-7,206467;19,13049;0,443679;-0,000078;3,621712;1,958848;0,050012;10,3956;1,956898;-4,900703;10,96029;1,429589;-6,873494;9,048554;0,709525;-6,77069;6,611505;1,743431;-0,000171;3,621712;3,958467;0,049919;9,102249;3,988765;-3,889036;9,573995;3,762821;-5,786178;8,881627;3,247058;-7,356182;7,274085;0;0;0;-32,41416;-34,29021;114,3252;-27,55342;-34,29023;114,3252;-26,3949;-34,00778;114,7304;-26,3949;-34,00779;114,7304;-0,379977;0;0;3,451141;9,432651;-0,383608;7,078366;9,393439;0,363479;10,96956;9,211057;1,349941;10,93247;9,255203;1,118737;-0,380045;6,036885;0;37,92057;19,76642;0,980473;40,94757;21,04924;-0,580685;44,30077;22,31801;-1,770153;44,36447;22,16582;-1,601875;-0,413454;12,60826;0;83,34498;12,07381;-1,420641;134,7849;14,03063;-1,435148;-177,182;16,38428;1,773472;-177,2614;16,39738;1,492072;-0,485496;22,00679;0;82,97962;13,36752;-1,190102;110,6578;15,03487;-1,205826;137,3031;18,42471;0,722824;137,2341;18,23217;0,503273;0;0;0;0;0;0;0;0;0;0;0;0;0;0;0;0;0;0;0;0;0;0;0;0;0;0;0;0;0;0;0;0;0;0;0;0;0;0;0;0;0;0;0;0;0;0;0;0;0;0;0;0;0;0;0;0;0;0;0;0;0;0;0;0;0;0;0;0;0;0;0;0;0;0;0;0;0;0;0;0;0;1,730025;11,98746;11,95729;3,410428;22,52117;21,72857;4,742145;30,63082;29,07246;0;0;0;0;0;0;3,823488;-0,025816;-0,633001;5,855597;-0,039563;-0,976324;7,463916;-0,050291;-1,244545;0;0;0;0;0;0;6,151646;26,30711;19,27971;9,80079;39,86433;30,55036;13,05968;50,34774;40,48526;0;0;0;0;0;0;0;0;0;0;0;0;0;0;0;0;0;0;0;0;0;0;0;0;0;0;0;0;0;0;12,32756;11,57665;9,120547;10,85918;43,16581;27,75453;4,860751;1,38621;-9,433172;3,561724;3,504646;3,731664;-19,73982;39,4052;3,571441;3,794573;-12,07378;83,49284;51,42644;47,12627;-13,36859;83,17056;27,67389;26,05083;3,552017;1,649094;0;-0,008469;0,727158;-0,013204;-0,003347;0;-0,060654;5,746536;-0,00329;0;0;0;0;0;0;0;0;0;-340,837;76,6983;-0,144196;-1,016235;-60,94665;0,988769;-0,200844;0,188828;209,2621;-466,8365;-0,394821;0;0;0;-105,5099;-94,94933;0;0;0;0
167;2783,333;00:00:02:783;0;0;0;-3,519914;0,050068;3,621712;-4,919695;-3,065947;6,933003;-5,807809;-5,706084;9,918537;-6,419699;-7,710772;12,23335;-2,370207;0;3,621712;-2,370207;0,05009;11,17456;-1,538941;-0,261392;16,1782;-1,097569;-0,591999;18,82687;-0,748457;-0,994041;20,91538;-0,895299;-0,03505;3,621712;-0,101118;0,01504;11,13133;1,456466;-3,433463;15,30432;2,262461;-5,450458;17,45252;2,888796;-7,230936;19,11163;0,443679;-0,000078;3,621712;1,958848;0,050012;10,3956;1,956898;-4,900703;10,96029;1,429368;-6,872481;9,04757;0,709327;-6,76721;6,610618;1,743431;-0,000171;3,621712;3,958467;0,049919;9,102249;3,988765;-3,889036;9,573995;3,762821;-5,786178;8,881627;3,247058;-7,356182;7,274085;0;0;0;-32,56108;-34,32801;114,3612;-27,70034;-34,32803;114,3612;-26,54165;-34,04472;114,7657;-26,54164;-34,04473;114,7657;-0,379977;0;0;3,45137;9,455494;-0,382212;7,078896;9,416279;0,364925;10,97049;9,233882;1,351449;10,9333;9,278034;1,120231;-0,380045;6,036885;0;38,08434;19,75185;0,979471;41,11308;21,03887;-0,577621;44,46793;22,31084;-1,763049;44,53144;22,1582;-1,59526;-0,413454;12,60826;0;83,34498;12,07381;-1,420641;134,8141;14,03063;-1,435148;-177,126;16,38269;1,774712;-177,2054;16,39606;1,493327;-0,485496;22,00679;0;82,97962;13,36752;-1,190102;110,6578;15,03487;-1,205826;137,3031;18,42471;0,722824;137,2341;18,23217;0,503273;0;0;0;0;0;0;-0,482351;-0,224769;-0,414312;-0,908911;-0,445716;-0,735641;-1,237571;-0,620753;-0,973463;0;0;0;0;0;0;0,120124;-0,000799;-0,019938;0,18396;-0,001224;-0,030667;0,234492;-0,001559;-0,03916;0;0;0;0;0;0;-0,255391;-0,767268;-0,536889;-0,401124;-1,162559;-0,852138;-0,526853;-1,468152;-1,131713;0;0;0;0;0;0;0;0;0;-0,013238;0,060752;-0,059053;-0,011844;0,20881;-0,053197;0;0;0;0;0;0;0;0;0;0;0;0;0;0;0;0;0;0;0;0;0;-28,94103;-13,48615;-24,85871;-54,53467;-26,74297;-44,13842;-74,25426;-37,24515;-58,40778;0;0;0;0;0;0;7,20743;-0,047944;-1,196265;11,03762;-0,073425;-1,839995;14,06953;-0,093542;-2,349615;0;0;0;0;0;0;-15,32346;-46,03609;-32,21333;-24,06746;-69,75352;-51,12827;-31,61117;-88,0891;-67,90279;0;0;0;0;0;0;0;0;0;-0,794269;3,645122;-3,543198;-0,710618;12,5286;-3,191829;0;0;0;0;0;0;0;0;0;0;0;0;0;0;0;12,35537;11,584;9,12844;10,87043;43,25975;27,91524;4,860751;1,38621;-9,456003;3,562164;3,504646;3,731664;-19,72527;39,5699;3,571496;3,794676;-12,07378;83,49284;51,45575;47,15261;-13,36859;83,17056;27,67389;26,05083;5,636901;9,642791;0;0;-1,369858;0,026393;0;0;0,873299;9,881972;0,00329;0,006194;0;0;1,758728;1,5802;0;0;0;0;125,0931;479,6218;0;0,508118;-125,8209;2,375793;0,200844;0;56,03713;248,1262;0,394821;0,371647;0;0;105,5237;94,812;0;0;0;0
168;2800;00:00:02:800;0;0;0;-3,519914;0,050068;3,621712;-4,919687;-3,06776;6,9313;-5,807818;-5,709478;9,91543;-6,419729;-7,71538;12,22919;-2,370207;0;3,621712;-2,370207;0,05009;11,17456;-1,535487;-0,261415;16,17762;-1,092279;-0,592034;18,82598;-0,741714;-0,994085;20,91425;-0,895299;-0,03505;3,621712;-0,101118;0,01504;11,13133;1,459269;-3,435231;15,30181;2,266684;-5,453135;17,44862;2,894096;-7,234315;19,10657;0,443679;-0,000078;3,621712;1,958848;0,050012;10,3956;1,956898;-4,900703;10,96029;1,429368;-6,872481;9,04757;0,709327;-6,76721;6,610618;1,743431;-0,000171;3,621712;3,958467;0,049919;9,102249;3,988765;-3,889036;9,573995;3,762821;-5,786178;8,881627;3,247058;-7,356182;7,274085;0;0;0;-32,58357;-34,35015;114,3823;-27,72284;-34,35016;114,3823;-26,56427;-34,06671;114,7868;-26,56426;-34,06672;114,7867;-0,379977;0;0;3,451767;9,494903;-0,379802;7,079815;9,455681;0,36742;10,9721;9,273264;1,354051;10,93475;9,317423;1,122809;-0,380045;6,036885;0;38,10878;19,79437;0,982394;41,13647;21,082;-0,574557;44,49057;22,35442;-1,759791;44,55417;22,20171;-1,592019;-0,413454;12,60826;0;83,34498;12,07381;-1,420641;134,8141;14,03063;-1,435148;-177,126;16,38269;1,774712;-177,2054;16,39606;1,493327;-0,485496;22,00679;0;82,97962;13,36752;-1,190102;110,6578;15,03487;-1,205826;137,3031;18,42471;0,722824;137,2341;18,23217;0,503273;0;0;0;0;0;0;0,000492;-0,108808;-0,102237;-0,000581;-0,203624;-0,186414;-0,001788;-0,276491;-0,249803;0;0;0;0;0;0;0,207245;-0,001379;-0,0346;0,31735;-0,002101;-0,053018;0,404522;-0,002671;-0,06786;0;0;0;0;0;0;0,168163;-0,106037;-0,150472;0,253379;-0,16062;-0,233799;0,317976;-0,202775;-0,303537;0;0;0;0;0;0;0;0;0;0;0;0;0;0;0;0;0;0;0;0;0;0;0;0;0;0;0;0;0;0;0;0;0;0;0;0;28,97054;6,957649;18,7245;54,4998;14,5255;32,95361;74,14697;20,65569;43,41959;0;0;0;0;0;0;5,227291;-0,034785;-0,879764;8,003376;-0,052638;-1,341105;10,20178;-0,06672;-1,721978;0;0;0;0;0;0;25,41326;39,67389;23,18501;39,27022;60,11634;37,10031;50,68972;75,9226;49,69059;0;0;0;0;0;0;0;0;0;0,794269;-3,645122;3,543198;0,710618;-12,5286;3,191829;0;0;0;0;0;0;0;0;0;0;0;0;0;0;0;12,36309;11,5878;9,126377;10,86871;43,29111;27,9257;4,860711;1,386492;-9,495417;3,562769;3,504646;3,731664;-19,76759;39,60123;3,571441;3,794573;-12,07378;83,49284;51,45575;47,15261;-13,36859;83,17056;27,67389;26,05083;1,88118;0,627251;-0,002403;0,016944;-2,364807;0,036278;0;0;-2,539215;1,879806;-0,00329;-0,006194;0;0;0;0;0;0;0;0;-225,3433;-540,9324;-0,144196;1,016665;-59,69695;0,59309;0;0;-204,7508;-480,1299;-0,394821;-0,743294;0;0;-105,5237;-94,812;0;0;0;0
169;2816,667;00:00:02:817;0;0;0;-3,519914;0,050068;3,621712;-4,931012;-3,091016;6,904392;-5,824448;-5,75293;9,868927;-6,440516;-7,774414;12,16797;-2,370207;0;3,621712;-2,370207;0,05009;11,17456;-1,531678;-0,26144;16,17698;-1,086447;-0,592073;18,825;-0,73428;-0,994134;20,913;-0,895299;-0,03505;3,621712;-0,101118;0,01504;11,13133;1,459281;-3,43523;15,30181;2,266703;-5,453134;17,44861;2,894119;-7,234314;19,10657;0,443679;-0,000078;3,621712;1,958848;0,050012;10,3956;1,956898;-4,900703;10,96029;1,429368;-6,872481;9,04757;0,709327;-6,76721;6,610618;1,743431;-0,000171;3,621712;3,958467;0,049919;9,102249;3,988765;-3,889036;9,573995;3,762821;-5,786178;8,881627;3,247058;-7,356182;7,274085;0;0;0;-33,01787;-34,62359;114,6444;-28,08096;-34,62362;114,6445;-26,92347;-34,33809;115,0481;-26,92348;-34,33809;115,0481;-0,379977;0;0;3,452207;9,53837;-0,377143;7,080828;9,499136;0,370173;10,97387;9,316699;1,356924;10,93634;9,360861;1,125653;-0,380045;6,036885;0;38,10878;19,79453;0,982404;41,13647;21,08216;-0,574551;44,49056;22,35457;-1,759787;44,55416;22,20187;-1,592012;-0,413454;12,60826;0;83,34498;12,07381;-1,420641;134,8141;14,03063;-1,435148;-177,126;16,38269;1,774712;-177,2054;16,39606;1,493327;-0,485496;22,00679;0;82,97962;13,36752;-1,190102;110,6578;15,03487;-1,205826;137,3031;18,42471;0,722824;137,2341;18,23217;0,503273;0;0;0;0;0;0;-0,679493;-1,395319;-1,614466;-0,997782;-2,607107;-2,790168;-1,247227;-3,541991;-3,672838;0;0;0;0;0;0;0,22853;-0,001513;-0,038356;0,349956;-0,002313;-0,05883;0,446074;-0,002934;-0,074923;0;0;0;0;0;0;0,000738;0,000045;-0,000268;0,001118;0,000067;-0,000447;0,001408;0,000089;-0,000447;0;0;0;0;0;0;0;0;0;0;0;0;0;0;0;0;0;0;0;0;0;0;0;0;0;0;0;0;0;0;0;0;0;0;0;0;-40,79908;-77,19061;-90,73376;-59,83203;-144,2089;-156,2252;-74,72633;-195,93;-205,3821;0;0;0;0;0;0;1,277065;-0,008047;-0,225306;1,956336;-0,01274;-0,348687;2,493113;-0,015758;-0,423789;0;0;0;0;0;0;-10,04554;6,364882;9,01222;-15,1357;9,641199;14,00113;-18,99406;12,17186;18,18537;0;0;0;0;0;0;0;0;0;0;0;0;0;0;0;0;0;0;0;0;0;0;0;0;0;0;0;0;0;0;12,45025;11,64351;9,11147;10,86159;43,73726;28,26104;4,936974;1,386351;-9,538896;3,563593;3,504702;3,731716;-19,76775;39,60126;3,571441;3,794573;-12,07378;83,49284;51,45575;47,15261;-13,36859;83,17056;27,67389;26,05083;26,76887;20,12077;4,575748;-0,008476;-2,608738;0,049453;0,003347;0,003147;-0,009842;0,001602;0;0;0;0;0;0;0;0;0;0;1493,261;1169,611;274,6891;-1,525211;-14,63585;0,790501;0,200844;0,188828;151,7624;-112,6922;0,197411;0,371647;0;0;0;0;0;0;0;0
170;2833,333;00:00:02:833;0;0;0;-3,519914;0,050068;3,621712;-4,931012;-3,091016;6,904392;-5,824448;-5,75293;9,868927;-6,440516;-7,774414;12,16797;-2,370207;0;3,621712;-2,370207;0,05009;11,17456;-1,531678;-0,26144;16,17698;-1,086447;-0,592073;18,825;-0,73428;-0,994134;20,913;-0,895299;-0,03505;3,621712;-0,101118;0,01504;11,13133;1,459281;-3,43523;15,30181;2,266703;-5,453134;17,44861;2,894119;-7,234314;19,10657;0,443679;-0,000078;3,621712;1,958848;0,050012;10,3956;1,956898;-4,900703;10,96029;1,429368;-6,872481;9,04757;0,709327;-6,76721;6,610618;1,743431;-0,000171;3,621712;3,958467;0,049919;9,102249;3,988765;-3,889036;9,573995;3,762821;-5,786178;8,881627;3,247058;-7,356182;7,274085;0;0;0;-33,01787;-34,62359;114,6444;-28,08096;-34,62362;114,6445;-26,92347;-34,33809;115,0481;-26,92348;-34,33809;115,0481;-0,379977;0;0;3,452207;9,53837;-0,377143;7,080828;9,499136;0,370173;10,97387;9,316699;1,356924;10,93634;9,360861;1,125653;-0,380045;6,036885;0;38,10878;19,79453;0,982404;41,13647;21,08216;-0,574551;44,49056;22,35457;-1,759787;44,55416;22,20187;-1,592012;-0,413454;12,60826;0;83,34498;12,07381;-1,420641;134,8141;14,03063;-1,435148;-177,126;16,38269;1,774712;-177,2054;16,39606;1,493327;-0,485496;22,00679;0;82,97962;13,36752;-1,190102;110,6578;15,03487;-1,205826;137,3031;18,42471;0,722824;137,2341;18,23217;0,503273;0;0;0;0;0;0;0;0;0;0;0;0;0;0;0;0;0;0;0;0;0;0;0;0;0;0;0;0;0;0;0;0;0;0;0;0;0;0;0;0;0;0;0;0;0;0;0;0;0;0;0;0;0;0;0;0;0;0;0;0;0;0;0;0;0;0;0;0;0;0;0;0;0;0;0;0;0;0;0;0;0;40,76957;83,71911;96,86797;59,8669;156,4264;167,41;74,83362;212,5195;220,3703;0;0;0;0;0;0;-13,71179;0,090776;2,301335;-20,99734;0,138804;3,529787;-26,76442;0,17602;4,495381;0;0;0;0;0;0;-0,044256;-0,002682;0,016093;-0,067055;-0,004023;0,026822;-0,08449;-0,005364;0,026822;0;0;0;0;0;0;0;0;0;0;0;0;0;0;0;0;0;0;0;0;0;0;0;0;0;0;0;0;0;0;12,45025;11,64351;9,11147;10,86159;43,73726;28,26104;4,936974;1,386351;-9,538896;3,563593;3,504702;3,731716;-19,76775;39,60126;3,571441;3,794573;-12,07378;83,49284;51,45575;47,15261;-13,36859;83,17056;27,67389;26,05083;0;0;0;0;0;0;0;0;0;0;0;0;0;0;0;0;0;0;0;0;-1606,132;-1207,246;-274,5449;0,508547;156,5243;-2,967166;-0,200844;-0,188828;0,590515;-0,09613;0;0;0;0;0;0;0;0;0;0
171;2850;00:00:02:850;0;0;0;-3,519914;0,050068;3,621712;-4,931012;-3,091016;6,904392;-5,824448;-5,75293;9,868927;-6,440516;-7,774414;12,16797;-2,370207;0;3,621712;-2,370207;0,05009;11,17456;-1,531678;-0,26144;16,17698;-1,086447;-0,592073;18,825;-0,73428;-0,994134;20,913;-0,895299;-0,03505;3,621712;-0,101118;0,01504;11,13133;1,459281;-3,43523;15,30181;2,266703;-5,453134;17,44861;2,894119;-7,234314;19,10657;0,443679;-0,000078;3,621712;1,958848;0,050012;10,3956;1,956898;-4,900703;10,96029;1,429368;-6,872481;9,04757;0,709327;-6,76721;6,610618;1,743431;-0,000171;3,621712;3,958467;0,049919;9,102249;3,988765;-3,889036;9,573995;3,762821;-5,786178;8,881627;3,247058;-7,356182;7,274085;0;0;0;-33,01787;-34,62359;114,6444;-28,08096;-34,62362;114,6445;-26,92347;-34,33809;115,0481;-26,92348;-34,33809;115,0481;-0,379977;0;0;3,452207;9,53837;-0,377143;7,080828;9,499136;0,370173;10,97387;9,316699;1,356924;10,93634;9,360861;1,125653;-0,380045;6,036885;0;38,10878;19,79453;0,982404;41,13647;21,08216;-0,574551;44,49056;22,35457;-1,759787;44,55416;22,20187;-1,592012;-0,413454;12,60826;0;83,34498;12,07381;-1,420641;134,8141;14,03063;-1,435148;-177,126;16,38269;1,774712;-177,2054;16,39606;1,493327;-0,485496;22,00679;0;82,97962;13,36752;-1,190102;110,6578;15,03487;-1,205826;137,3031;18,42471;0,722824;137,2341;18,23217;0,503273;0;0;0;0;0;0;0;0;0;0;0;0;0;0;0;0;0;0;0;0;0;0;0;0;0;0;0;0;0;0;0;0;0;0;0;0;0;0;0;0;0;0;0;0;0;0;0;0;0;0;0;0;0;0;0;0;0;0;0;0;0;0;0;0;0;0;0;0;0;0;0;0;0;0;0;0;0;0;0;0;0;0;0;0;0;0;0;0;0;0;0;0;0;0;0;0;0;0;0;0;0;0;0;0;0;0;0;0;0;0;0;0;0;0;0;0;0;0;0;0;0;0;0;0;0;0;0;0;0;0;0;0;0;0;0;0;0;0;0;0;0;0;0;0;0;0;0;0;0;0;12,45025;11,64351;9,11147;10,86159;43,73726;28,26104;4,936974;1,386351;-9,538896;3,563593;3,504702;3,731716;-19,76775;39,60126;3,571441;3,794573;-12,07378;83,49284;51,45575;47,15261;-13,36859;83,17056;27,67389;26,05083;0;0;0;0;0;0;0;0;0;0;0;0;0;0;0;0;0;0;0;0;0;0;0;0;0;0;0;0;0;0;0;0;0;0;0;0;0;0;0;0
172;2866,667;00:00:02:867;0;0;0;-3,519914;0,050068;3,621712;-4,931012;-3,091016;6,904392;-5,824448;-5,75293;9,868927;-6,440516;-7,774414;12,16797;-2,370207;0;3,621712;-2,370207;0,05009;11,17456;-1,531678;-0,26144;16,17698;-1,086447;-0,592073;18,825;-0,73428;-0,994134;20,913;-0,895299;-0,03505;3,621712;-0,101118;0,01504;11,13133;1,459281;-3,43523;15,30181;2,266703;-5,453134;17,44861;2,894119;-7,234314;19,10657;0,443679;-0,000078;3,621712;1,958848;0,050012;10,3956;1,956898;-4,900703;10,96029;1,429368;-6,872481;9,04757;0,709327;-6,76721;6,610618;1,743431;-0,000171;3,621712;3,958467;0,049919;9,102249;3,988765;-3,889036;9,573995;3,762821;-5,786178;8,881627;3,247058;-7,356182;7,274085;0;0;0;-33,01787;-34,62359;114,6444;-28,08096;-34,62362;114,6445;-26,92347;-34,33809;115,0481;-26,92348;-34,33809;115,0481;-0,379977;0;0;3,452207;9,53837;-0,377143;7,080828;9,499136;0,370173;10,97387;9,316699;1,356924;10,93634;9,360861;1,125653;-0,380045;6,036885;0;38,10878;19,79453;0,982404;41,13647;21,08216;-0,574551;44,49056;22,35457;-1,759787;44,55416;22,20187;-1,592012;-0,413454;12,60826;0;83,34498;12,07381;-1,420641;134,8141;14,03063;-1,435148;-177,126;16,38269;1,774712;-177,2054;16,39606;1,493327;-0,485496;22,00679;0;82,97962;13,36752;-1,190102;110,6578;15,03487;-1,205826;137,3031;18,42471;0,722824;137,2341;18,23217;0,503273;0;0;0;0;0;0;0;0;0;0;0;0;0;0;0;0;0;0;0;0;0;0;0;0;0;0;0;0;0;0;0;0;0;0;0;0;0;0;0;0;0;0;0;0;0;0;0;0;0;0;0;0;0;0;0;0;0;0;0;0;0;0;0;0;0;0;0;0;0;0;0;0;0;0;0;0;0;0;0;0;0;0;0;0;0;0;0;0;0;0;0;0;0;0;0;0;0;0;0;0;0;0;0;0;0;0;0;0;0;0;0;0;0;0;0;0;0;0;0;0;0;0;0;0;0;0;0;0;0;0;0;0;0;0;0;0;0;0;0;0;0;0;0;0;0;0;0;0;0;0;12,45025;11,64351;9,11147;10,86159;43,73726;28,26104;4,936974;1,386351;-9,538896;3,563593;3,504702;3,731716;-19,76775;39,60126;3,571441;3,794573;-12,07378;83,49284;51,45575;47,15261;-13,36859;83,17056;27,67389;26,05083;0;0;0;0;0;0;0;0;0;0;0;0;0;0;0;0;0;0;0;0;0;0;0;0;0;0;0;0;0;0;0;0;0;0;0;0;0;0;0;0
173;2883,333;00:00:02:883;0;0;0;-3,519914;0,050068;3,621712;-4,951714;-3,088534;6,897794;-5,868262;-5,750047;9,855626;-6,50209;-7,771516;12,14985;-2,370207;0;3,621712;-2,370207;0,05009;11,17456;-1,506315;-0,261603;16,17265;-1,047608;-0,592321;18,81837;-0,684773;-0,994451;20,90452;-0,895299;-0,03505;3,621712;-0,101118;0,01504;11,13133;1,470022;-3,438671;15,29492;2,282945;-5,458347;17,43798;2,914583;-7,240896;19,09286;0,443679;-0,000078;3,621712;1,958848;0,050012;10,3956;1,956898;-4,900703;10,96029;1,429368;-6,872481;9,04757;0,709327;-6,76721;6,610618;1,743431;-0,000171;3,621712;3,958467;0,049919;9,102249;3,988765;-3,889036;9,573995;3,762821;-5,786178;8,881627;3,247058;-7,356182;7,274085;0;0;0;-33,24667;-34,5742;114,5969;-28,38594;-34,57421;114,5969;-27,227;-34,28693;114,9985;-27,22699;-34,28693;114,9984;-0,379977;0;0;3,455189;9,827944;-0,359415;7,087643;9,788648;0,388542;10,98573;9,606049;1,376102;10,94703;9,650259;1,144645;-0,380045;6,036885;0;38,15921;19,94694;0,992889;41,18288;21,23581;-0,564458;44,53394;22,50908;-1,749894;44,598;22,35626;-1,582057;-0,413454;12,60826;0;83,34498;12,07381;-1,420641;134,8141;14,03063;-1,435148;-177,126;16,38269;1,774712;-177,2054;16,39606;1,493327;-0,485496;22,00679;0;82,97962;13,36752;-1,190102;110,6578;15,03487;-1,205826;137,3031;18,42471;0,722824;137,2341;18,23217;0,503273;0;0;0;0;0;0;-1,242109;0,148885;-0,395849;-2,628833;0,172958;-0,798047;-3,694474;0,173852;-1,087189;0;0;0;0;0;0;1,521779;-0,00978;-0,259727;2,33032;-0,014931;-0,398397;2,970412;-0,018977;-0,508815;0;0;0;0;0;0;0,644457;-0,206485;-0,413239;0,974536;-0,312768;-0,637919;1,227826;-0,394911;-0,822634;0;0;0;0;0;0;0;0;0;0;0;0;0;0;0;0;0;0;0;0;0;0;0;0;0;0;0;0;0;0;0;0;0;0;0;0;-74,5265;8,933096;-23,75096;-157,73;10,37747;-47,88279;-221,6685;10,43111;-65,23131;0;0;0;0;0;0;91,30675;-0,586817;-15,58363;139,8192;-0,895858;-23,90384;178,2247;-1,138597;-30,5289;0;0;0;0;0;0;38,66739;-12,38912;-24,79434;58,47215;-18,76607;-38,27512;73,66954;-23,69463;-49,35801;0;0;0;0;0;0;0;0;0;0;0;0;0;0;0;0;0;0;0;0;0;0;0;0;0;0;0;0;0;0;12,50656;11,71156;9,148567;10,90832;43,77221;28,60756;4,860711;1,38621;-9,828454;3,56848;3,504702;3,731664;-19,91946;39,67582;3,571387;3,794625;-12,07378;83,49284;51,45575;47,15261;-13,36859;83,17056;27,67389;26,05083;2,097244;20,79105;-4,575748;-0,008469;-17,3735;0,293198;0;-0,003147;-9,102631;4,473953;-0,00329;0,003104;0;0;0;0;0;0;0;0;125,8346;1247,463;-274,5449;-0,508118;-1042,41;17,59186;0;-0,188828;-546,1578;268,4372;-0,197411;0,186253;0;0;0;0;0;0;0;0
174;2900;00:00:02:900;0;0;0;-3,519914;0,050068;3,621712;-4,956824;-3,088506;6,895583;-5,877862;-5,750262;9,851801;-6,515142;-7,771976;12,14485;-2,370207;0;3,621712;-2,370207;0,05009;11,17456;-1,509915;-0,26158;16,17327;-1,05312;-0,592287;18,81932;-0,6918;-0,994407;20,90574;-0,895299;-0,03505;3,621712;-0,101118;0,01504;11,13133;1,470127;-3,442293;15,29187;2,28304;-5,463834;17,43318;2,914611;-7,247826;19,08652;0,443679;-0,000078;3,621712;1,958848;0,050012;10,3956;1,956898;-4,900703;10,96029;1,429368;-6,872481;9,04757;0,709327;-6,76721;6,610618;1,743431;-0,000171;3,621712;3,958467;0,049919;9,102249;3,988765;-3,889036;9,573995;3,762821;-5,786178;8,881627;3,247058;-7,356182;7,274085;0;0;0;-33,31076;-34,56929;114,5922;-28,45003;-34,56931;114,5922;-27,29082;-34,28165;114,9933;-27,29082;-34,28164;114,9933;-0,379977;0;0;3,45476;9,786831;-0,361934;7,08667;9,747543;0,385931;10,98405;9,56497;1,373375;10,9455;9,609171;1,141944;-0,380045;6,036885;0;38,20643;19,96024;0,993807;41,23008;21,2503;-0,562551;44,58123;22,52448;-1,746978;44,64527;22,37154;-1,579262;-0,413454;12,60826;0;83,34498;12,07381;-1,420641;134,8141;14,03063;-1,435148;-177,126;16,38269;1,774712;-177,2054;16,39606;1,493327;-0,485496;22,00679;0;82,97962;13,36752;-1,190102;110,6578;15,03487;-1,205826;137,3031;18,42471;0,722824;137,2341;18,23217;0,503273;0;0;0;0;0;0;-0,306599;0,001721;-0,13268;-0,576027;-0,012919;-0,229552;-0,783116;-0,027627;-0,299916;0;0;0;0;0;0;-0,215979;0,001355;0,037372;-0,330733;0,002068;0,05731;-0,421587;0,002632;0,073135;0;0;0;0;0;0;0,006326;-0,217304;-0,182837;0,0057;-0,329264;-0,288159;0,001699;-0,415787;-0,379801;0;0;0;0;0;0;0;0;0;0;0;0;0;0;0;0;0;0;0;0;0;0;0;0;0;0;0;0;0;0;0;0;0;0;0;0;56,13058;-8,82983;15,79016;123,1684;-11,15262;34,10965;174,6815;-12,08872;47,23637;0;0;0;0;0;0;-104,2655;0,668121;17,82596;-159,6632;1,01991;27,34244;-203,52;1,296513;34,91699;0;0;0;0;0;0;-38,28786;-0,649095;13,82411;-58,13017;-0,989735;20,9856;-73,56762;-1,252591;26,56996;0;0;0;0;0;0;0;0;0;0;0;0;0;0;0;0;0;0;0;0;0;0;0;0;0;0;0;0;0;0;12,51399;11,721;9,155888;10,91778;43,79128;28,69681;4,860711;1,386351;-9,787335;3,567766;3,504702;3,731716;-19,93268;39,72596;3,571496;3,794625;-12,07378;83,49284;51,45575;47,15261;-13,36859;83,17056;27,67389;26,05083;1,144409;5,354805;0;0,008469;2,467117;-0,042801;0;0,003147;-0,79319;3,008194;0,00658;0;0;0;0;0;0;0;0;0;-57,17011;-926,1748;274,5449;1,016235;1190,437;-20,15991;0;0,377655;498,5664;-87,94556;0,592232;-0,186253;0;0;0;0;0;0;0;0
175;2916,667;00:00:02:917;0;0;0;-3,519914;0,050068;3,621712;-4,956824;-3,088506;6,895583;-5,877862;-5,750262;9,851801;-6,515142;-7,771976;12,14485;-2,370207;0;3,621712;-2,370207;0,05009;11,17456;-1,509915;-0,26158;16,17327;-1,05312;-0,592287;18,81932;-0,6918;-0,994407;20,90574;-0,895299;-0,03505;3,621712;-0,101118;0,01504;11,13133;1,470127;-3,442293;15,29187;2,28304;-5,463834;17,43318;2,914611;-7,247826;19,08652;0,443679;-0,000078;3,621712;1,958848;0,050012;10,3956;1,956898;-4,900703;10,96029;1,429368;-6,872481;9,04757;0,709327;-6,76721;6,610618;1,743431;-0,000171;3,621712;3,958467;0,049919;9,102249;3,988765;-3,889036;9,573995;3,762821;-5,786178;8,881627;3,247058;-7,356182;7,274085;0;0;0;-33,31076;-34,56929;114,5922;-28,45003;-34,56931;114,5922;-27,29082;-34,28165;114,9933;-27,29082;-34,28164;114,9933;-0,379977;0;0;3,45476;9,786831;-0,361934;7,08667;9,747543;0,385931;10,98405;9,56497;1,373375;10,9455;9,609171;1,141944;-0,380045;6,036885;0;38,20643;19,96024;0,993807;41,23008;21,2503;-0,562551;44,58123;22,52448;-1,746978;44,64527;22,37154;-1,579262;-0,413454;12,60826;0;83,34498;12,07381;-1,420641;134,8141;14,03063;-1,435148;-177,126;16,38269;1,774712;-177,2054;16,39606;1,493327;-0,485496;22,00679;0;82,97962;13,36752;-1,190102;110,6578;15,03487;-1,205826;137,3031;18,42471;0,722824;137,2341;18,23217;0,503273;0;0;0;0;0;0;0;0;0;0;0;0;0;0;0;0;0;0;0;0;0;0;0;0;0;0;0;0;0;0;0;0;0;0;0;0;0;0;0;0;0;0;0;0;0;0;0;0;0;0;0;0;0;0;0;0;0;0;0;0;0;0;0;0;0;0;0;0;0;0;0;0;0;0;0;0;0;0;0;0;0;18,39593;-0,103265;7,960795;34,5616;0,775158;13,77314;46,98693;1,657605;17,99494;0;0;0;0;0;0;12,95876;-0,081304;-2,242326;19,84398;-0,124052;-3,438591;25,29524;-0,157915;-4,388093;0;0;0;0;0;0;-0,379533;13,03822;10,97023;-0,341982;19,75581;17,28952;-0,101924;24,94722;22,78804;0;0;0;0;0;0;0;0;0;0;0;0;0;0;0;0;0;0;0;0;0;0;0;0;0;0;0;0;0;0;12,51399;11,721;9,155888;10,91778;43,79128;28,69681;4,860711;1,386351;-9,787335;3,567766;3,504702;3,731716;-19,93268;39,72596;3,571496;3,794625;-12,07378;83,49284;51,45575;47,15261;-13,36859;83,17056;27,67389;26,05083;1,144409;5,354805;0;0,008469;2,467117;-0,042801;0;0,003147;-0,79319;3,008194;0,00658;0;0;0;0;0;0;0;0;0;-57,17011;-926,1748;274,5449;1,016235;1190,437;-20,15991;0;0,377655;498,5664;-87,94556;0,592232;-0,186253;0;0;0;0;0;0;0;0
176;2933,333;00:00:02:933;0;0;0;-3,519914;0,050068;3,621712;-4,962021;-3,084604;6,897037;-5,887574;-5,743228;9,854662;-6,528312;-7,762593;12,14882;-2,370207;0;3,621712;-2,370207;0,05009;11,17456;-1,512014;-0,261567;16,17364;-1,056334;-0,592267;18,81987;-0,695896;-0,994381;20,90644;-0,895299;-0,03505;3,621712;-0,101118;0,01504;11,13133;1,470652;-3,442285;15,29168;2,283837;-5,463821;17,43289;2,915619;-7,247809;19,08616;0,443679;-0,000078;3,621712;1,958848;0,050012;10,3956;1,956898;-4,900703;10,96029;1,429368;-6,872481;9,04757;0,709327;-6,76721;6,610618;1,743431;-0,000171;3,621712;3,958467;0,049919;9,102249;3,988765;-3,889036;9,573995;3,762821;-5,786178;8,881627;3,247058;-7,356182;7,274085;0;0;0;-33,32697;-34,51689;114,5418;-28,46624;-34,5169;114,5419;-27,30652;-34,22915;114,9426;-27,30652;-34,22915;114,9426;-0,379977;0;0;3,45451;9,76286;-0,363402;7,086103;9,723577;0,384409;10,98306;9,541017;1,371785;10,94461;9,585212;1,14037;-0,380045;6,036885;0;38,20659;19,96712;0,994281;41,23005;21,25718;-0,562143;44,58104;22,53136;-1,746633;44,6451;22,37841;-1,578907;-0,413454;12,60826;0;83,34498;12,07381;-1,420641;134,8141;14,03063;-1,435148;-177,126;16,38269;1,774712;-177,2054;16,39606;1,493327;-0,485496;22,00679;0;82,97962;13,36752;-1,190102;110,6578;15,03487;-1,205826;137,3031;18,42471;0,722824;137,2341;18,23217;0,503273;0;0;0;0;0;0;-0,311852;0,234112;0,087216;-0,58271;0,422046;0,171706;-0,790179;0,562996;0,238091;0;0;0;0;0;0;-0,125935;0,0008;0,021726;-0,192845;0,001221;0,033259;-0,245813;0,001548;0,042468;0;0;0;0;0;0;0,031494;0,000514;-0,011444;0,04781;0,000782;-0,017345;0,060484;0,000983;-0,021994;0;0;0;0;0;0;0;0;0;0;0;0;0;0;0;0;0;0;0;0;0;0;0;0;0;0;0;0;0;0;0;0;0;0;0;0;-18,71109;14,04673;5,232989;-34,96259;25,32273;10,30236;-47,41072;33,77974;14,28544;0;0;0;0;0;0;-7,556118;0,048028;1,303553;-11,57071;0,073258;1,995563;-14,7488;0,092871;2,548098;0;0;0;0;0;0;1,889616;0,030845;-0,686645;2,868622;0,046939;-1,040697;3,629028;0,059009;-1,319647;0;0;0;0;0;0;0;0;0;0;0;0;0;0;0;0;0;0;0;0;0;0;0;0;0;0;0;0;0;0;12,51087;11,72943;9,167655;10,93097;43,74297;28,76364;4,860711;1,386351;-9,763379;3,567382;3,504758;3,731664;-19,93953;39,72718;3,571387;3,794676;-12,07378;83,49284;51,45575;47,15261;-13,36859;83,17056;27,67389;26,05083;-2,898559;4,010124;0;0;1,437378;-0,023046;0,003347;-0,003147;-0,410957;0,073013;-0,00658;0,00309;0;0;0;0;0;0;0;0;-242,5781;-80,68082;0;-0,508118;-61,78435;1,185322;0,200844;-0,377655;22,93396;-176,1108;-0,789642;0,185394;0;0;0;0;0;0;0;0
177;2950;00:00:02:950;0;0;0;-3,519914;0,050068;3,621712;-4,973212;-3,085253;6,891464;-5,908611;-5,745034;9,84495;-6,556921;-7,765411;12,13609;-2,370207;0;3,621712;-2,370207;0,05009;11,17456;-1,509284;-0,261584;16,17316;-1,052155;-0,592293;18,81915;-0,690569;-0,994414;20,90552;-0,895299;-0,03505;3,621712;-0,101118;0,01504;11,13133;1,463267;-3,449652;15,28833;2,272497;-5,474983;17,42745;2,901085;-7,261902;19,07877;0,443679;-0,000078;3,621712;1,958848;0,050012;10,3956;1,956898;-4,900703;10,96029;1,429368;-6,872481;9,04757;0,709327;-6,76721;6,610618;1,743431;-0,000171;3,621712;3,958467;0,049919;9,102249;3,988765;-3,889036;9,573995;3,762821;-5,786178;8,881627;3,247058;-7,356182;7,274085;0;0;0;-33,47676;-34,51512;114,5402;-28,61602;-34,51513;114,5402;-27,45579;-34,22651;114,94;-27,45578;-34,22652;114,94;-0,379977;0;0;3,454835;9,79403;-0,361492;7,086838;9,754741;0,386387;10,98434;9,572162;1,373851;10,94577;9,616364;1,142417;-0,380045;6,036885;0;38,29865;19,89416;0,989257;41,32496;21,18659;-0,564187;44,67837;22,46262;-1,745793;44,74212;22,30941;-1,578431;-0,413454;12,60826;0;83,34498;12,07381;-1,420641;134,8141;14,03063;-1,435148;-177,126;16,38269;1,774712;-177,2054;16,39606;1,493327;-0,485496;22,00679;0;82,97962;13,36752;-1,190102;110,6578;15,03487;-1,205826;137,3031;18,42471;0,722824;137,2341;18,23217;0,503273;0;0;0;0;0;0;-0,671424;-0,038959;-0,334382;-1,26218;-0,108317;-0,582755;-1,716569;-0,169069;-0,764072;0;0;0;0;0;0;0,163766;-0,001037;-0,028253;0,25077;-0,001581;-0,043273;0,319663;-0,002012;-0,055343;0;0;0;0;0;0;-0,443101;-0,442073;-0,200808;-0,680387;-0,669703;-0,326246;-0,872031;-0,845566;-0,44319;0;0;0;0;0;0;0;0;0;0;0;0;0;0;0;0;0;0;0;0;0;0;0;0;0;0;0;0;0;0;0;0;0;0;0;0;-21,57434;-16,38427;-25,29591;-40,76823;-31,82172;-45,26764;-55,58342;-43,92385;-60,12976;0;0;0;0;0;0;17,38205;-0,110222;-2,998709;26,6169;-0,168141;-4,591941;33,9286;-0,213571;-5,868673;0;0;0;0;0;0;-28,47567;-26,55521;-11,36184;-43,69184;-40,22911;-18,53406;-55,95088;-50,79299;-25,27177;0;0;0;0;0;0;0;0;0;0;0;0;0;0;0;0;0;0;0;0;0;0;0;0;0;0;0;0;0;0;12,53649;11,74344;9,182896;10,95101;43,79764;28,9636;4,860751;1,386351;-9,794544;3,567876;3,504646;3,731664;-19,86688;39,80984;3,571441;3,794625;-12,07378;83,49284;51,45575;47,15261;-13,36859;83,17056;27,67389;26,05083;3,280105;11,99764;0,002403;0;-1,869907;0,029626;-0,006695;0;4,35894;4,959869;0,00329;-0,00309;0;0;0;0;0;0;0;0;370,7198;479,251;0,144196;0;-198,4371;3,160285;-0,602531;0,188828;286,1938;293,2113;0,592232;-0,370789;0;0;0;0;0;0;0;0
178;2966,667;00:00:02:967;0;0;0;-3,519914;0,050068;3,621712;-4,973212;-3,085253;6,891464;-5,908611;-5,745034;9,84495;-6,556921;-7,765411;12,13609;-2,370207;0;3,621712;-2,370207;0,05009;11,17456;-1,509284;-0,261584;16,17316;-1,052155;-0,592293;18,81915;-0,690569;-0,994414;20,90552;-0,895299;-0,03505;3,621712;-0,101118;0,01504;11,13133;1,463267;-3,449652;15,28833;2,272497;-5,474983;17,42745;2,901085;-7,261902;19,07877;0,443679;-0,000078;3,621712;1,958848;0,050012;10,3956;1,956898;-4,900703;10,96029;1,429368;-6,872481;9,04757;0,709327;-6,76721;6,610618;1,743431;-0,000171;3,621712;3,958467;0,049919;9,102249;3,988765;-3,889036;9,573995;3,762821;-5,786178;8,881627;3,247058;-7,356182;7,274085;0;0;0;-33,47676;-34,51512;114,5402;-28,61602;-34,51513;114,5402;-27,45579;-34,22651;114,94;-27,45578;-34,22652;114,94;-0,379977;0;0;3,454835;9,79403;-0,361492;7,086838;9,754741;0,386387;10,98434;9,572162;1,373851;10,94577;9,616364;1,142417;-0,380045;6,036885;0;38,29865;19,89416;0,989257;41,32496;21,18659;-0,564187;44,67837;22,46262;-1,745793;44,74212;22,30941;-1,578431;-0,413454;12,60826;0;83,34498;12,07381;-1,420641;134,8141;14,03063;-1,435148;-177,126;16,38269;1,774712;-177,2054;16,39606;1,493327;-0,485496;22,00679;0;82,97962;13,36752;-1,190102;110,6578;15,03487;-1,205826;137,3031;18,42471;0,722824;137,2341;18,23217;0,503273;0;0;0;0;0;0;0;0;0;0;0;0;0;0;0;0;0;0;0;0;0;0;0;0;0;0;0;0;0;0;0;0;0;0;0;0;0;0;0;0;0;0;0;0;0;0;0;0;0;0;0;0;0;0;0;0;0;0;0;0;0;0;0;0;0;0;0;0;0;0;0;0;0;0;0;0;0;0;0;0;0;40,28543;2,337545;20,06292;75,73082;6,498992;34,96527;102,9941;10,14411;45,84431;0;0;0;0;0;0;-9,825936;0,062194;1,695156;-15,04619;0,094883;2,596378;-19,1798;0,120699;3,320575;0;0;0;0;0;0;26,58606;26,52436;12,04848;40,82322;40,18217;19,57476;52,32185;50,73398;26,59142;0;0;0;0;0;0;0;0;0;0;0;0;0;0;0;0;0;0;0;0;0;0;0;0;0;0;0;0;0;0;12,53649;11,74344;9,182896;10,95101;43,79764;28,9636;4,860751;1,386351;-9,794544;3,567876;3,504646;3,731664;-19,86688;39,80984;3,571441;3,794625;-12,07378;83,49284;51,45575;47,15261;-13,36859;83,17056;27,67389;26,05083;3,280105;11,99764;0,002403;0;-1,869907;0,029626;-0,006695;0;4,35894;4,959869;0,00329;-0,00309;0;0;0;0;0;0;0;0;370,7198;479,251;0,144196;0;-198,4371;3,160285;-0,602531;0,188828;286,1938;293,2113;0,592232;-0,370789;0;0;0;0;0;0;0;0
179;2983,333;00:00:02:983;0;0;0;-3,519914;0,050068;3,621712;-4,975376;-3,087695;6,888157;-5,912712;-5,749721;9,839005;-6,562521;-7,771849;12,12817;-2,370207;0;3,621712;-2,370207;0,05009;11,17456;-1,509497;-0,261583;16,1732;-1,05248;-0,592291;18,81921;-0,690983;-0,994412;20,90559;-0,895299;-0,03505;3,621712;-0,101118;0,01504;11,13133;1,462072;-3,462323;15,27819;2,270458;-5,494178;17,41144;2,898181;-7,286135;19,05762;0,443679;-0,000078;3,621712;1,958848;0,050012;10,3956;1,956898;-4,900703;10,96029;1,429368;-6,872481;9,04757;0,709327;-6,76721;6,610618;1,743431;-0,000171;3,621712;3,958467;0,049919;9,102249;3,988765;-3,889036;9,573995;3,762821;-5,786178;8,881627;3,247058;-7,356182;7,274085;0;0;0;-33,53512;-34,54321;114,5671;-28,67439;-34,54322;114,5671;-27,51419;-34,25427;114,9668;-27,51418;-34,25427;114,9668;-0,379977;0;0;3,45481;9,791608;-0,361641;7,086784;9,752317;0,386234;10,98424;9,569741;1,373691;10,94568;9,613942;1,142258;-0,380045;6,036885;0;38,46336;19,92038;0,99106;41,49026;21,217;-0,558688;44,84443;22,49618;-1,736581;44,9081;22,34253;-1,569658;-0,413454;12,60826;0;83,34498;12,07381;-1,420641;134,8141;14,03063;-1,435148;-177,126;16,38269;1,774712;-177,2054;16,39606;1,493327;-0,485496;22,00679;0;82,97962;13,36752;-1,190102;110,6578;15,03487;-1,205826;137,3031;18,42471;0,722824;137,2341;18,23217;0,503273;0;0;0;0;0;0;-0,129864;-0,146493;-0,198394;-0,246093;-0,28123;-0,356689;-0,335947;-0,386283;-0,474796;0;0;0;0;0;0;-0,012735;0,000078;0,002146;-0,019496;0,00012;0,003397;-0,024855;0,000151;0,004292;0;0;0;0;0;0;-0,071704;-0,760227;-0,608504;-0,122376;-1,151673;-0,960946;-0,174254;-1,453981;-1,2694;0;0;0;0;0;0;0;0;0;0;0;0;0;0;0;0;0;0;0;0;0;0;0;0;0;0;0;0;0;0;0;0;0;0;0;0;-7,791816;-8,789598;-11,90364;-14,76556;-16,87377;-21,40134;-20,1568;-23,17697;-28,48774;0;0;0;0;0;0;-0,764094;0,004694;0,128746;-1,169778;0,007208;0,203848;-1,491308;0,009052;0,257492;0;0;0;0;0;0;-4,302262;-45,61364;-36,51022;-7,342546;-69,1004;-57,65676;-10,45525;-87,23884;-76,16399;0;0;0;0;0;0;0;0;0;0;0;0;0;0;0;0;0;0;0;0;0;0;0;0;0;0;0;0;0;0;12,54798;11,73703;9,183272;10,95275;43,84888;29,0168;4,860671;1,386351;-9,792115;3,567821;3,504702;3,731716;-19,89293;39,98163;3,571387;3,794625;-12,07378;83,49284;51,45575;47,15261;-13,36859;83,17056;27,67389;26,05083;3,074112;3,191757;-0,004835;0;0,145741;-0,00329;0,003347;0,003147;-1,562462;10,30723;-0,00329;0;0;0;0;0;0;0;0;0;-12,35962;-528,353;-0,434303;0;120,9389;-1,974964;0,602531;0,188828;-355,2841;320,8419;-0,394821;0,185394;0;0;0;0;0;0;0;0
180;3000;00:00:03:000;0;0;0;-3,519914;0,050068;3,621712;-4,979737;-3,097705;6,87656;-5,921047;-5,768705;9,818018;-6,573947;-7,79778;12,10015;-2,370207;0;3,621712;-2,370207;0,05009;11,17456;-1,506527;-0,261602;16,17269;-1,047932;-0,592319;18,81842;-0,685186;-0,994448;20,90459;-0,895299;-0,03505;3,621712;-0,101118;0,01504;11,13133;1,455519;-3,475056;15,26995;2,260285;-5,513464;17,39831;2,884987;-7,310482;19,04011;0,443679;-0,000078;3,621712;1,958848;0,050012;10,3956;1,956898;-4,900703;10,96029;1,429368;-6,872481;9,04757;0,709327;-6,76721;6,610618;1,743431;-0,000171;3,621712;3,958467;0,049919;9,102249;3,988765;-3,889036;9,573995;3,762821;-5,786178;8,881627;3,247058;-7,356182;7,274085;0;0;0;-33,71792;-34,66241;114,6818;-28,85718;-34,66241;114,6818;-27,69734;-34,37243;115,0809;-27,69735;-34,37242;115,0809;-0,379977;0;0;3,455163;9,825531;-0,359563;7,087584;9,786234;0,388388;10,98564;9,603638;1,375941;10,94693;9,647845;1,144486;-0,380045;6,036885;0;38,62643;19,87631;0,988028;41,65595;21,17709;-0,557315;45,01246;22,45946;-1,730874;45,07581;22,30534;-1,564485;-0,413454;12,60826;0;83,34498;12,07381;-1,420641;134,8141;14,03063;-1,435148;-177,126;16,38269;1,774712;-177,2054;16,39606;1,493327;-0,485496;22,00679;0;82,97962;13,36752;-1,190102;110,6578;15,03487;-1,205826;137,3031;18,42471;0,722824;137,2341;18,23217;0,503273;0;0;0;0;0;0;-0,261672;-0,600636;-0,695854;-0,500098;-1,139045;-1,259252;-0,685573;-1,55586;-1,681522;0;0;0;0;0;0;0,178199;-0,001118;-0,030756;0,272881;-0,001704;-0,047386;0,347827;-0,002163;-0,06026;0;0;0;0;0;0;-0,39319;-0,764005;-0,494421;-0,610359;-1,157194;-0,787765;-0,791654;-1,46082;-1,050174;0;0;0;0;0;0;0;0;0;0;0;0;0;0;0;0;0;0;0;0;0;0;0;0;0;0;0;0;0;0;0;0;0;0;0;0;-7,908493;-27,24856;-29,84762;-15,24031;-51,4689;-54,15379;-20,97755;-70,17462;-72,40354;0;0;0;0;0;0;11,45605;-0,071749;-1,974106;17,54265;-0,109468;-3,046989;22,3609;-0,138804;-3,873109;0;0;0;0;0;0;-19,2891;-0,226647;6,844997;-29,27899;-0,331253;10,39087;-37,04399;-0,410378;13,15355;0;0;0;0;0;0;0;0;0;0;0;0;0;0;0;0;0;0;0;0;0;0;0;0;0;0;0;0;0;0;12,58893;11,74189;9,178404;10,95162;44,0419;29,15661;4,860751;1,386069;-9,826033;3,568425;3,504702;3,731664;-19,84901;40,14092;3,571496;3,794676;-12,07378;83,49284;51,45575;47,15261;-13,36859;83,17056;27,67389;26,05083;11,58142;8,388634;0,004835;-0,016937;-2,035046;0,036221;0;-0,003147;2,634887;9,557647;0,00658;0,00309;0;0;0;0;0;0;0;0;510,4385;311,8126;0,580215;-1,016235;-130,8472;2,370643;-0,200844;-0,377655;251,8409;-44,97528;0,592232;0,185394;0;0;0;0;0;0;0;0
181;3016,667;00:00:03:017;0;0;0;-3,519914;0,050068;3,621712;-4,979737;-3,097705;6,87656;-5,921047;-5,768705;9,818018;-6,573947;-7,79778;12,10015;-2,370207;0;3,621712;-2,370207;0,05009;11,17456;-1,506527;-0,261602;16,17269;-1,047932;-0,592319;18,81842;-0,685186;-0,994448;20,90459;-0,895299;-0,03505;3,621712;-0,101118;0,01504;11,13133;1,455519;-3,475056;15,26995;2,260285;-5,513464;17,39831;2,884987;-7,310482;19,04011;0,443679;-0,000078;3,621712;1,958848;0,050012;10,3956;1,956898;-4,900703;10,96029;1,429368;-6,872481;9,04757;0,709327;-6,76721;6,610618;1,743431;-0,000171;3,621712;3,958467;0,049919;9,102249;3,988765;-3,889036;9,573995;3,762821;-5,786178;8,881627;3,247058;-7,356182;7,274085;0;0;0;-33,71792;-34,66241;114,6818;-28,85718;-34,66241;114,6818;-27,69734;-34,37243;115,0809;-27,69735;-34,37242;115,0809;-0,379977;0;0;3,455163;9,825531;-0,359563;7,087584;9,786234;0,388388;10,98564;9,603638;1,375941;10,94693;9,647845;1,144486;-0,380045;6,036885;0;38,62643;19,87631;0,988028;41,65595;21,17709;-0,557315;45,01246;22,45946;-1,730874;45,07581;22,30534;-1,564485;-0,413454;12,60826;0;83,34498;12,07381;-1,420641;134,8141;14,03063;-1,435148;-177,126;16,38269;1,774712;-177,2054;16,39606;1,493327;-0,485496;22,00679;0;82,97962;13,36752;-1,190102;110,6578;15,03487;-1,205826;137,3031;18,42471;0,722824;137,2341;18,23217;0,503273;0;0;0;0;0;0;0;0;0;0;0;0;0;0;0;0;0;0;0;0;0;0;0;0;0;0;0;0;0;0;0;0;0;0;0;0;0;0;0;0;0;0;0;0;0;0;0;0;0;0;0;0;0;0;0;0;0;0;0;0;0;0;0;0;0;0;0;0;0;0;0;0;0;0;0;0;0;0;0;0;0;15,70031;36,03815;41,75126;30,00587;68,34267;75,55513;41,13435;93,35159;100,8913;0;0;0;0;0;0;-10,69195;0,067055;1,84536;-16,37287;0,102259;2,843141;-20,86959;0,129752;3,615617;0;0;0;0;0;0;23,59137;45,84029;29,66523;36,62154;69,43165;47,26588;47,49924;87,64922;63,01045;0;0;0;0;0;0;0;0;0;0;0;0;0;0;0;0;0;0;0;0;0;0;0;0;0;0;0;0;0;0;12,58893;11,74189;9,178404;10,95162;44,0419;29,15661;4,860751;1,386069;-9,826033;3,568425;3,504702;3,731664;-19,84901;40,14092;3,571496;3,794676;-12,07378;83,49284;51,45575;47,15261;-13,36859;83,17056;27,67389;26,05083;11,58142;8,388634;0,004835;-0,016937;-2,035046;0,036221;0;-0,003147;2,634887;9,557647;0,00658;0,00309;0;0;0;0;0;0;0;0;510,4385;311,8126;0,580215;-1,016235;-130,8472;2,370643;-0,200844;-0,377655;251,8409;-44,97528;0,592232;0,185394;0;0;0;0;0;0;0;0
182;3033,333;00:00:03:033;0;0;0;-3,519914;0,050068;3,621712;-4,989632;-3,100579;6,869318;-5,939684;-5,774613;9,805204;-6,599316;-7,806132;12,08322;-2,370207;0;3,621712;-2,370207;0,05009;11,17456;-1,497642;-0,261657;16,17114;-1,034327;-0,592404;18,81605;-0,667844;-0,994555;20,90156;-0,895299;-0,03505;3,621712;-0,101118;0,01504;11,13133;1,453354;-3,48589;15,26161;2,256806;-5,529871;17,38511;2,880309;-7,331192;19,02265;0,443679;-0,000078;3,621712;1,958848;0,050012;10,3956;1,956898;-4,900703;10,96029;1,429368;-6,872481;9,04757;0,709327;-6,76721;6,610618;1,743431;-0,000171;3,621712;3,958467;0,049919;9,102249;3,988765;-3,889036;9,573995;3,762821;-5,786178;8,881627;3,247058;-7,356182;7,274085;0;0;0;-33,88049;-34,68954;114,708;-29,01976;-34,68956;114,708;-27,85958;-34,39862;115,1062;-27,85958;-34,39863;115,1062;-0,379977;0;0;3,45623;9,927024;-0,353342;7,089996;9,887703;0,394838;10,98982;9,705051;1,382681;10,9507;9,749275;1,151159;-0,380045;6,036885;0;38,76729;19,88407;0,988564;41,79773;21,18842;-0,553446;45,15524;22,47349;-1,723675;45,21848;22,319;-1,557685;-0,413454;12,60826;0;83,34498;12,07381;-1,420641;134,8141;14,03063;-1,435148;-177,126;16,38269;1,774712;-177,2054;16,39606;1,493327;-0,485496;22,00679;0;82,97962;13,36752;-1,190102;110,6578;15,03487;-1,205826;137,3031;18,42471;0,722824;137,2341;18,23217;0,503273;0;0;0;0;0;0;-0,593685;-0,172399;-0,434473;-1,118213;-0,354476;-0,768811;-1,522153;-0,501126;-1,015708;0;0;0;0;0;0;0,533072;-0,003318;-0,092715;0,816286;-0,005068;-0,142247;1,040507;-0,006443;-0,181943;0;0;0;0;0;0;-0,129864;-0,650011;-0,500679;-0,208721;-0,984438;-0,791967;-0,280693;-1,242578;-1,047671;0;0;0;0;0;0;0;0;0;0;0;0;0;0;0;0;0;0;0;0;0;0;0;0;0;0;0;0;0;0;0;0;0;0;0;0;-35,62107;-10,34394;-26,06839;-67,09277;-21,26857;-46,12862;-91,32921;-30,06756;-60,94247;0;0;0;0;0;0;31,98433;-0,19907;-5,562901;48,97713;-0,304095;-8,534787;62,43042;-0,386573;-10,91659;0;0;0;0;0;0;-7,791816;-39,00066;-30,04074;-12,52323;-59,06626;-47,51801;-16,84159;-74,55467;-62,86024;0;0;0;0;0;0;0;0;0;0;0;0;0;0;0;0;0;0;0;0;0;0;0;0;0;0;0;0;0;0;12,62312;11,75774;9,189396;10,96728;44,1318;29,34934;4,860751;1,386351;-9,927531;3,57018;3,504702;3,731664;-19,85669;40,28548;3,571441;3,794573;-12,07378;83,49284;51,45575;47,15261;-13,36859;83,17056;27,67389;26,05083;5,393829;11,56402;0;0,016937;-6,089916;0,105314;0;0;-0,460854;8,673477;-0,00329;-0,006194;0;0;0;0;0;0;0;0;-371,2554;190,5235;-0,290108;2,032471;-243,2922;4,145622;0;0,188828;-185,7444;-53,05017;-0,592232;-0,557041;0;0;0;0;0;0;0;0
183;3050;00:00:03:050;0;0;0;-3,519914;0,050068;3,621712;-4,989632;-3,100579;6,869318;-5,939684;-5,774613;9,805204;-6,599316;-7,806132;12,08322;-2,370207;0;3,621712;-2,370207;0,05009;11,17456;-1,497642;-0,261657;16,17114;-1,034327;-0,592404;18,81605;-0,667844;-0,994555;20,90156;-0,895299;-0,03505;3,621712;-0,101118;0,01504;11,13133;1,453354;-3,48589;15,26161;2,256806;-5,529871;17,38511;2,880309;-7,331192;19,02265;0,443679;-0,000078;3,621712;1,958848;0,050012;10,3956;1,956898;-4,900703;10,96029;1,429368;-6,872481;9,04757;0,709327;-6,76721;6,610618;1,743431;-0,000171;3,621712;3,958467;0,049919;9,102249;3,988765;-3,889036;9,573995;3,762821;-5,786178;8,881627;3,247058;-7,356182;7,274085;0;0;0;-33,88049;-34,68954;114,708;-29,01976;-34,68956;114,708;-27,85958;-34,39862;115,1062;-27,85958;-34,39863;115,1062;-0,379977;0;0;3,45623;9,927024;-0,353342;7,089996;9,887703;0,394838;10,98982;9,705051;1,382681;10,9507;9,749275;1,151159;-0,380045;6,036885;0;38,76729;19,88407;0,988564;41,79773;21,18842;-0,553446;45,15524;22,47349;-1,723675;45,21848;22,319;-1,557685;-0,413454;12,60826;0;83,34498;12,07381;-1,420641;134,8141;14,03063;-1,435148;-177,126;16,38269;1,774712;-177,2054;16,39606;1,493327;-0,485496;22,00679;0;82,97962;13,36752;-1,190102;110,6578;15,03487;-1,205826;137,3031;18,42471;0,722824;137,2341;18,23217;0,503273;0;0;0;0;0;0;0;0;0;0;0;0;0;0;0;0;0;0;0;0;0;0;0;0;0;0;0;0;0;0;0;0;0;0;0;0;0;0;0;0;0;0;0;0;0;0;0;0;0;0;0;0;0;0;0;0;0;0;0;0;0;0;0;0;0;0;0;0;0;0;0;0;0;0;0;0;0;0;0;0;0;35,62107;10,34394;26,06839;67,09277;21,26857;46,12862;91,32921;30,06756;60,94247;0;0;0;0;0;0;-31,98433;0,19907;5,562901;-48,97713;0,304095;8,534787;-62,43042;0,386573;10,91659;0;0;0;0;0;0;7,791816;39,00066;30,04074;12,52323;59,06626;47,51801;16,84159;74,55467;62,86024;0;0;0;0;0;0;0;0;0;0;0;0;0;0;0;0;0;0;0;0;0;0;0;0;0;0;0;0;0;0;12,62312;11,75774;9,189396;10,96728;44,1318;29,34934;4,860751;1,386351;-9,927531;3,57018;3,504702;3,731664;-19,85669;40,28548;3,571441;3,794573;-12,07378;83,49284;51,45575;47,15261;-13,36859;83,17056;27,67389;26,05083;5,393829;11,56402;0;0,016937;-6,089916;0,105314;0;0;-0,460854;8,673477;-0,00329;-0,006194;0;0;0;0;0;0;0;0;-371,2554;190,5235;-0,290108;2,032471;-243,2922;4,145622;0;0,188828;-185,7444;-53,05017;-0,592232;-0,557041;0;0;0;0;0;0;0;0
184;3066,667;00:00:03:067;0;0;0;-3,519914;0,050068;3,621712;-4,993684;-3,105181;6,863008;-5,947364;-5,783453;9,793851;-6,609802;-7,818275;12,0681;-2,370207;0;3,621712;-2,370207;0,05009;11,17456;-1,498394;-0,261652;16,17127;-1,035479;-0,592397;18,81625;-0,669312;-0,994546;20,90182;-0,895299;-0,03505;3,621712;-0,101118;0,01504;11,13133;1,453037;-3,489488;15,25868;2,25626;-5,535321;17,38048;2,879526;-7,338069;19,01654;0,443679;-0,000078;3,621712;1,958848;0,050012;10,3956;1,956898;-4,900703;10,96029;1,429368;-6,872481;9,04757;0,709327;-6,76721;6,610618;1,743431;-0,000171;3,621712;3,958467;0,049919;9,102249;3,988765;-3,889036;9,573995;3,762821;-5,786178;8,881627;3,247058;-7,356182;7,274085;0;0;0;-33,99118;-34,74288;114,7594;-29,13045;-34,74289;114,7595;-27,97034;-34,45132;115,1572;-27,97033;-34,45132;115,1572;-0,379977;0;0;3,45614;9,91843;-0,353868;7,089793;9,879113;0,394292;10,98946;9,696465;1,38211;10,95038;9,740684;1,150593;-0,380045;6,036885;0;38,81435;19,89203;0,98911;41,84494;21,19756;-0,551841;45,20267;22,48352;-1,721002;45,26589;22,3289;-1,555141;-0,413454;12,60826;0;83,34498;12,07381;-1,420641;134,8141;14,03063;-1,435148;-177,126;16,38269;1,774712;-177,2054;16,39606;1,493327;-0,485496;22,00679;0;82,97962;13,36752;-1,190102;110,6578;15,03487;-1,205826;137,3031;18,42471;0,722824;137,2341;18,23217;0,503273;0;0;0;0;0;0;-0,243098;-0,276133;-0,378639;-0,460781;-0,530384;-0,681192;-0,629157;-0,728577;-0,907168;0;0;0;0;0;0;-0,045128;0,000279;0,007868;-0,069106;0,000427;0,01207;-0,088088;0,000548;0,015467;0;0;0;0;0;0;-0,019044;-0,215873;-0,175953;-0,032768;-0,326939;-0,277877;-0,046983;-0,412658;-0,366658;0;0;0;0;0;0;0;0;0;0;0;0;0;0;0;0;0;0;0;0;0;0;0;0;0;0;0;0;0;0;0;0;0;0;0;0;-14,58585;-16,568;-22,71831;-27,64687;-31,82307;-40,87149;-37,7494;-43,71464;-54,43006;0;0;0;0;0;0;-2,70769;0,016764;0,472069;-4,146359;0,025649;0,724196;-5,285292;0,032857;0,928044;0;0;0;0;0;0;-1,142621;-12,95239;-10,55717;-1,966059;-19,61633;-16,67261;-2,819001;-24,75947;-21,99948;0;0;0;0;0;0;0;0;0;0;0;0;0;0;0;0;0;0;0;0;0;0;0;0;0;0;0;0;0;0;12,64465;11,7711;9,19013;10,97059;44,2293;29,45062;4,860671;1,386351;-9,918931;3,570071;3,504646;3,731716;-19,8646;40,3346;3,571441;3,794573;-12,07378;83,49284;51,45575;47,15261;-13,36859;83,17056;27,67389;26,05083;5,84999;6,076698;-0,004835;0;0,516014;-0,00658;-0,003347;0,003147;-0,474701;2,947082;0;0;0;0;0;0;0;0;0;0;27,36969;-329,2396;-0,290108;-1,016235;396,3558;-6,713675;-0,200844;0,188828;-0,830841;-343,5837;0,197411;0,371647;0;0;0;0;0;0;0;0
185;3083,333;00:00:03:083;0;0;0;-3,519914;0,050068;3,621712;-4,998977;-3,108167;6,857684;-5,957355;-5,789332;9,784346;-6,623417;-7,826438;12,05549;-2,370207;0;3,621712;-2,370207;0,05009;11,17456;-1,487657;-0,261718;16,16938;-1,019037;-0,592497;18,81335;-0,648354;-0,994674;20,89812;-0,895299;-0,03505;3,621712;-0,101118;0,01504;11,13133;1,455937;-3,493028;15,25457;2,260595;-5,540682;17,37407;2,884916;-7,344835;19,00818;0,443679;-0,000078;3,621712;1,958848;0,050012;10,3956;1,956898;-4,900703;10,96029;1,429368;-6,872481;9,04757;0,709327;-6,76721;6,610618;1,743431;-0,000171;3,621712;3,958467;0,049919;9,102249;3,988765;-3,889036;9,573995;3,762821;-5,786178;8,881627;3,247058;-7,356182;7,274085;0;0;0;-34,09717;-34,77543;114,7909;-29,23644;-34,77544;114,791;-28,07623;-34,48326;115,1882;-28,07622;-34,48328;115,1882;-0,379977;0;0;3,457444;10,04113;-0,346343;7,092724;10,00178;0,402097;10,99454;9,819067;1,39027;10,95496;9,863307;1,158672;-0,380045;6,036885;0;38,86241;19,94249;0,992584;41,89195;21,24921;-0,547725;45,24895;22,53606;-1,716185;45,31228;22,38132;-1,550397;-0,413454;12,60826;0;83,34498;12,07381;-1,420641;134,8141;14,03063;-1,435148;-177,126;16,38269;1,774712;-177,2054;16,39606;1,493327;-0,485496;22,00679;0;82,97962;13,36752;-1,190102;110,6578;15,03487;-1,205826;137,3031;18,42471;0,722824;137,2341;18,23217;0,503273;0;0;0;0;0;0;-0,317596;-0,179194;-0,319451;-0,599474;-0,352778;-0,570282;-0,816912;-0,489816;-0,756517;0;0;0;0;0;0;0,644227;-0,003942;-0,113368;0,986516;-0,006018;-0,173897;1,257498;-0,007644;-0,221998;0;0;0;0;0;0;0,173975;-0,212431;-0,246227;0,260085;-0,321686;-0,384182;0,32343;-0,405952;-0,501394;0;0;0;0;0;0;0;0;0;0;0;0;0;0;0;0;0;0;0;0;0;0;0;0;0;0;0;0;0;0;0;0;0;0;0;0;-4,469901;5,816369;3,551245;-8,321552;10,65641;6,654561;-11,26528;14,32568;9,039042;0;0;0;0;0;0;41,36134;-0,253301;-7,27415;63,33734;-0,386741;-11,15799;80,73515;-0,491515;-14,24789;0;0;0;0;0;0;11,58111;0,20653;-4,216432;17,57115;0,31516;-6,378293;22,22478;0,402331;-8,084176;0;0;0;0;0;0;0;0;0;0;0;0;0;0;0;0;0;0;0;0;0;0;0;0;0;0;0;0;0;0;12,67148;11,78899;9,194442;10,97767;44,30347;29,5637;4,860711;1,386351;-10,04162;3,572099;3,504702;3,731716;-19,91482;40,39127;3,571496;3,794625;-12,07378;83,49284;51,45575;47,15261;-13,36859;83,17056;27,67389;26,05083;4,450378;6,784858;0,002432;0;-7,361068;0,121737;0,003347;0;-3,013229;3,400039;0,00329;0,003104;0;0;0;0;0;0;0;0;-83,97672;42,48962;0,43602;0;-472,6249;7,699012;0,401688;-0,188828;-152,3117;27,17743;0,197411;0,186253;0;0;0;0;0;0;0;0
186;3100;00:00:03:100;0;0;0;-3,519914;0,050068;3,621712;-5,002964;-3,108196;6,85583;-5,964851;-5,789598;9,781122;-6,633613;-7,826932;12,05127;-2,370207;0;3,621712;-2,370207;0,05009;11,17456;-1,486085;-0,261727;16,1691;-1,01663;-0,592511;18,81292;-0,645286;-0,994692;20,89757;-0,895299;-0,03505;3,621712;-0,101118;0,01504;11,13133;1,458556;-3,489392;15,25667;2,264635;-5,535175;17,37744;2,89012;-7,337884;19,0127;0,443679;-0,000078;3,621712;1,958848;0,050012;10,3956;1,956898;-4,900703;10,96029;1,429368;-6,872481;9,04757;0,709327;-6,76721;6,610618;1,743431;-0,000171;3,621712;3,958467;0,049919;9,102249;3,988765;-3,889036;9,573995;3,762821;-5,786178;8,881627;3,247058;-7,356182;7,274085;0;0;0;-34,14848;-34,77266;114,7882;-29,28773;-34,77266;114,7882;-28,12731;-34,48019;115,1852;-28,12731;-34,4802;115,1852;-0,379977;0;0;3,457636;10,05909;-0,345241;7,093155;10,01975;0,403241;10,99529;9,837019;1,391465;10,95563;9,881263;1,159855;-0,380045;6,036885;0;38,81606;19,96488;0,994126;41,84456;21,27042;-0,547545;45,20068;22,55637;-1,717331;45,26413;22,40176;-1,551377;-0,413454;12,60826;0;83,34498;12,07381;-1,420641;134,8141;14,03063;-1,435148;-177,126;16,38269;1,774712;-177,2054;16,39606;1,493327;-0,485496;22,00679;0;82,97962;13,36752;-1,190102;110,6578;15,03487;-1,205826;137,3031;18,42471;0,722824;137,2341;18,23217;0,503273;0;0;0;0;0;0;-0,239253;-0,001721;-0,111222;-0,449784;-0,015959;-0,193432;-0,611722;-0,029638;-0,253335;0;0;0;0;0;0;0,094308;-0,000566;-0,016809;0,144415;-0,000863;-0,025749;0,184078;-0,001095;-0,032812;0;0;0;0;0;0;0,157166;0,218175;0,126064;0,242405;0,330403;0,202149;0,312209;0,417039;0,270724;0;0;0;0;0;0;0;0;0;0;0;0;0;0;0;0;0;0;0;0;0;0;0;0;0;0;0;0;0;0;0;0;0;0;0;0;4,700571;10,64837;12,49373;8,981376;20,2091;22,61102;12,31134;27,61066;30,19094;0;0;0;0;0;0;-32,99519;0,202591;5,793571;-50,52611;0,309292;8,888839;-64,40519;0,392944;11,35111;0;0;0;0;0;0;-1,00851;25,83638;22,33743;-1,060814;39,12538;35,17985;-0,673234;49,37946;46,32711;0;0;0;0;0;0;0;0;0;0;0;0;0;0;0;0;0;0;0;0;0;0;0;0;0;0;0;0;0;0;12,68056;11,80687;9,200133;10,98502;44,32014;29,63451;4,860751;1,386069;-10,05958;3,572428;3,504702;3,731664;-19,93712;40,34754;3,571496;3,794522;-12,07378;83,49284;51,45575;47,15261;-13,36859;83,17056;27,67389;26,05083;1,000214;4,248505;0,002403;-0,016937;-1,077862;0,019712;0;-0,003147;-1,3377;-2,623443;0;-0,006194;0;0;0;0;0;0;0;0;-207,0099;-152,1812;-0,001717;-1,016235;376,9924;-6,121444;-0,200844;-0,188828;100,5318;-361,4089;-0,197411;-0,557899;0;0;0;0;0;0;0;0
187;3116,667;00:00:03:117;0;0;0;-3,519914;0,050068;3,621712;-5,003828;-3,115523;6,848262;-5,971508;-5,803983;9,765154;-6,644752;-7,846818;12,02902;-2,370207;0;3,621712;-2,370207;0,05009;11,17456;-1,485481;-0,261731;16,169;-1,015704;-0,592517;18,81276;-0,644106;-0,994699;20,89736;-0,895299;-0,03505;3,621712;-0,101118;0,01504;11,13133;1,459029;-3,487588;15,25803;2,265385;-5,532444;17,37959;2,891115;-7,334438;19,01554;0,443679;-0,000078;3,621712;1,958848;0,050012;10,3956;1,956898;-4,900703;10,96029;1,429368;-6,872481;9,04757;0,709327;-6,76721;6,610618;1,743431;-0,000171;3,621712;3,958467;0,049919;9,102249;3,988765;-3,889036;9,573995;3,762821;-5,786178;8,881627;3,247058;-7,356182;7,274085;0;0;0;-34,25425;-34,86228;114,875;-29,46969;-34,8623;114,875;-28,30939;-34,56879;115,2713;-28,30939;-34,5688;115,2713;-0,379977;0;0;3,457711;10,066;-0,344816;7,09332;10,02665;0,403681;10,99557;9,843924;1,391925;10,95589;9,888169;1,160311;-0,380045;6,036885;0;38,79263;19,96502;0,994136;41,82093;21,26997;-0,548107;45,17685;22,55547;-1,718465;45,24033;22,40092;-1,552437;-0,413454;12,60826;0;83,34498;12,07381;-1,420641;134,8141;14,03063;-1,435148;-177,126;16,38269;1,774712;-177,2054;16,39606;1,493327;-0,485496;22,00679;0;82,97962;13,36752;-1,190102;110,6578;15,03487;-1,205826;137,3031;18,42471;0,722824;137,2341;18,23217;0,503273;0;0;0;0;0;0;-0,051789;-0,439592;-0,454053;-0,399381;-0,86309;-0,958085;-0,668362;-1,193136;-1,334667;0;0;0;0;0;0;0,036271;-0,000217;-0,006437;0,055538;-0,00033;-0,009835;0,070788;-0,000419;-0,012606;0;0;0;0;0;0;0,028353;0,10825;0,081271;0,044994;0,163905;0,128478;0,059701;0,206798;0,17041;0;0;0;0;0;0;0;0;0;0;0;0;0;0;0;0;0;0;0;0;0;0;0;0;0;0;0;0;0;0;0;0;0;0;0;0;11,24784;-26,27224;-20,56986;3,024188;-50,82786;-45,87918;-3,398359;-69,80984;-64,87994;0;0;0;0;0;0;-3,482178;0,020955;0,622272;-5,332566;0,032019;0,954866;-6,797388;0,040568;1,212358;0;0;0;0;0;0;-7,728785;-6,595552;-2,687573;-11,84463;-9,989886;-4,420281;-15,15046;-12,61443;-6,018876;0;0;0;0;0;0;0;0;0;0;0;0;0;0;0;0;0;0;0;0;0;0;0;0;0;0;0;0;0;0;12,71246;11,83244;9,198215;10,98627;44,4536;29,69806;4,784587;1,386351;-10,0665;3,572538;3,504646;3,731611;-19,93726;40,3237;3,571441;3,794676;-12,07378;83,49284;51,45575;47,15261;-13,36859;83,17056;27,67389;26,05083;8,00766;3,813057;-4,569855;0,016937;-0,415134;0,00658;-0,003347;-0,003147;-0,008583;-1,430511;-0,00329;0,009284;0;0;0;0;0;0;0;0;420,4467;-26,12687;-274,3355;2,032471;39,76364;-0,787926;-0,200844;0;79,747;71,57592;-0,197411;0,928688;0;0;0;0;0;0;0;0
188;3133,333;00:00:03:133;0;0;0;-3,519914;0,050068;3,621712;-5,004719;-3,110847;6,852433;-5,973119;-5,795266;9,772806;-6,6469;-7,835003;12,03931;-2,370207;0;3,621712;-2,370207;0,05009;11,17456;-1,48124;-0,261756;16,16824;-1,00921;-0,592556;18,8116;-0,635828;-0,994748;20,89588;-0,895299;-0,03505;3,621712;-0,101118;0,01504;11,13133;1,462643;-3,487525;15,25671;2,270869;-5,532348;17,37759;2,898053;-7,334316;19,01301;0,443679;-0,000078;3,621712;1,958848;0,050012;10,3956;1,956898;-4,900703;10,96029;1,429368;-6,872481;9,04757;0,709327;-6,76721;6,610618;1,743431;-0,000171;3,621712;3,958467;0,049919;9,102249;3,988765;-3,889036;9,573995;3,762821;-5,786178;8,881627;3,247058;-7,356182;7,274085;0;0;0;-34,20512;-34,80394;114,8185;-29,42056;-34,80396;114,8185;-28,25994;-34,51072;115,2148;-28,25994;-34,51073;115,2148;-0,379977;0;0;3,458232;10,11448;-0,341841;7,094486;10,07512;0,406768;10,99759;9,892368;1,395155;10,9577;9,936619;1,163508;-0,380045;6,036885;0;38,79374;20,01274;0,997422;41,82067;21,3177;-0,545292;45,17553;22,60318;-1,71606;45,23917;22,44863;-1,549974;-0,413454;12,60826;0;83,34498;12,07381;-1,420641;134,8141;14,03063;-1,435148;-177,126;16,38269;1,774712;-177,2054;16,39606;1,493327;-0,485496;22,00679;0;82,97962;13,36752;-1,190102;110,6578;15,03487;-1,205826;137,3031;18,42471;0,722824;137,2341;18,23217;0,503273;0;0;0;0;0;0;-0,053488;0,280559;0,25025;-0,096694;0,523031;0,459149;-0,12888;0,708908;0,617042;0;0;0;0;0;0;0,254475;-0,00153;-0,04524;0,389675;-0,002333;-0,069469;0,496712;-0,002967;-0,088692;0;0;0;0;0;0;0,216857;0,003777;-0,078946;0,329062;0,005744;-0,119627;0,416301;0,007331;-0,151455;0;0;0;0;0;0;0;0;0;0;0;0;0;0;0;0;0;0;0;0;0;0;0;0;0;0;0;0;0;0;0;0;0;0;0;0;-0,101924;43,20904;42,25819;18,16124;83,16725;85,03406;32,36889;114,1226;117,1026;0;0;0;0;0;0;13,0922;-0,07879;-2,328157;20,04817;-0,120197;-3,578066;25,55541;-0,152886;-4,565119;0;0;0;0;0;0;11,3102;-6,268322;-9,613035;17,04409;-9,489654;-14,88626;21,39598;-11,96802;-19,3119;0;0;0;0;0;0;0;0;0;0;0;0;0;0;0;0;0;0;0;0;0;0;0;0;0;0;0;0;0;0;12,70279;11,83171;9,204615;10,99214;44,37426;29,68303;4,784546;1,386492;-10,11497;3,57336;3,504702;3,731664;-19,98477;40,33221;3,571441;3,794625;-12,07378;83,49284;51,45575;47,15261;-13,36859;83,17056;27,67389;26,05083;-4,760284;-0,902023;-0,00246;0,008476;-2,908516;0,049324;0,003347;0,003147;-2,85038;0,510407;0;-0,00309;0;0;0;0;0;0;0;0;-766,0766;-282,9048;274,0436;-0,507689;-149,6029;2,564621;0,401688;0,377655;-170,5078;116,4551;0,197411;-0,742435;0;0;0;0;0;0;0;0
189;3150;00:00:03:150;0;0;0;-3,519914;0,050068;3,621712;-5,000908;-3,111395;6,853646;-5,965964;-5,796093;9,77487;-6,637175;-7,836001;12,04198;-2,370207;0;3,621712;-2,370207;0,05009;11,17456;-1,477964;-0,261776;16,16766;-1,004193;-0,592585;18,8107;-0,629433;-0,994786;20,89473;-0,895299;-0,03505;3,621712;-0,101118;0,01504;11,13133;1,460419;-3,487564;15,25752;2,267494;-5,532406;17,37882;2,893783;-7,33439;19,01457;0,443679;-0,000078;3,621712;1,958848;0,050012;10,3956;1,956898;-4,900703;10,96029;1,429368;-6,872481;9,04757;0,709327;-6,76721;6,610618;1,743431;-0,000171;3,621712;3,958467;0,049919;9,102249;3,988765;-3,889036;9,573995;3,762821;-5,786178;8,881627;3,247058;-7,356182;7,274085;0;0;0;-34,16349;-34,81367;114,8279;-29,37894;-34,81369;114,8279;-28,21853;-34,5207;115,2245;-28,21853;-34,5207;115,2245;-0,379977;0;0;3,458636;10,15194;-0,339541;7,095385;10,11257;0,409154;10,99914;9,929795;1,397651;10,9591;9,974051;1,165978;-0,380045;6,036885;0;38,79305;19,98337;0,995399;41,82084;21,28833;-0,547023;45,17633;22,57381;-1,717541;45,23988;22,41927;-1,55149;-0,413454;12,60826;0;83,34498;12,07381;-1,420641;134,8141;14,03063;-1,435148;-177,126;16,38269;1,774712;-177,2054;16,39606;1,493327;-0,485496;22,00679;0;82,97962;13,36752;-1,190102;110,6578;15,03487;-1,205826;137,3031;18,42471;0,722824;137,2341;18,23217;0,503273;0;0;0;0;0;0;0,228658;-0,032879;0,072777;0,429332;-0,049621;0,123784;0,583515;-0,059903;0,160307;0;0;0;0;0;0;0,196567;-0,001162;-0,035137;0,301005;-0,001777;-0,053912;0,383679;-0,002258;-0,068843;0;0;0;0;0;0;-0,133451;-0,002325;0,048637;-0,202507;-0,003509;0,073671;-0,256196;-0,00447;0,093251;0;0;0;0;0;0;0;0;0;0;0;0;0;0;0;0;0;0;0;0;0;0;0;0;0;0;0;0;0;0;0;0;0;0;0;0;16,92876;-18,8063;-10,64837;31,56155;-34,35909;-20,12193;42,74368;-46,12862;-27,40413;0;0;0;0;0;0;-3,474465;0,022044;0,606179;-5,320161;0,03336;0,933408;-6,781964;0,04258;1,190901;0;0;0;0;0;0;-21,01846;-0,366122;7,655024;-31,89414;-0,555217;11,59787;-40,34981;-0,708103;14,68241;0;0;0;0;0;0;0;0;0;0;0;0;0;0;0;0;0;0;0;0;0;0;0;0;0;0;0;0;0;0;12,69907;11,8198;9,198539;10,98459;44,36848;29,61906;4,784546;1,386351;-10,15244;3,574017;3,504702;3,731716;-19,95553;40,32697;3,571496;3,794573;-12,07378;83,49284;51,45575;47,15261;-13,36859;83,17056;27,67389;26,05083;-0,346756;-3,83789;0;-0,008476;-2,247734;0,039439;0;0,003147;1,754265;-0,314255;0,00329;-0,003104;0;0;0;0;0;0;0;0;264,8117;-176,152;0,147629;-1,017094;39,6469;-0,59309;-0,200844;0;276,2787;-49,47967;0,197411;-0,000858;0;0;0;0;0;0;0;0
190;3166,667;00:00:03:167;0;0;0;-3,519914;0,050068;3,621712;-5,000908;-3,111395;6,853646;-5,965964;-5,796093;9,77487;-6,637175;-7,836001;12,04198;-2,370207;0;3,621712;-2,370207;0,05009;11,17456;-1,477964;-0,261776;16,16766;-1,004193;-0,592585;18,8107;-0,629433;-0,994786;20,89473;-0,895299;-0,03505;3,621712;-0,101118;0,01504;11,13133;1,460419;-3,487564;15,25752;2,267494;-5,532406;17,37882;2,893783;-7,33439;19,01457;0,443679;-0,000078;3,621712;1,958848;0,050012;10,3956;1,956898;-4,900703;10,96029;1,429368;-6,872481;9,04757;0,709327;-6,76721;6,610618;1,743431;-0,000171;3,621712;3,958467;0,049919;9,102249;3,988765;-3,889036;9,573995;3,762821;-5,786178;8,881627;3,247058;-7,356182;7,274085;0;0;0;-34,16349;-34,81367;114,8279;-29,37894;-34,81369;114,8279;-28,21853;-34,5207;115,2245;-28,21853;-34,5207;115,2245;-0,379977;0;0;3,458636;10,15194;-0,339541;7,095385;10,11257;0,409154;10,99914;9,929795;1,397651;10,9591;9,974051;1,165978;-0,380045;6,036885;0;38,79305;19,98337;0,995399;41,82084;21,28833;-0,547023;45,17633;22,57381;-1,717541;45,23988;22,41927;-1,55149;-0,413454;12,60826;0;83,34498;12,07381;-1,420641;134,8141;14,03063;-1,435148;-177,126;16,38269;1,774712;-177,2054;16,39606;1,493327;-0,485496;22,00679;0;82,97962;13,36752;-1,190102;110,6578;15,03487;-1,205826;137,3031;18,42471;0,722824;137,2341;18,23217;0,503273;0;0;0;0;0;0;0;0;0;0;0;0;0;0;0;0;0;0;0;0;0;0;0;0;0;0;0;0;0;0;0;0;0;0;0;0;0;0;0;0;0;0;0;0;0;0;0;0;0;0;0;0;0;0;0;0;0;0;0;0;0;0;0;0;0;0;0;0;0;0;0;0;0;0;0;0;0;0;0;0;0;-13,7195;1,972764;-4,366635;-25,75994;2,977252;-7,427036;-35,01087;3,59416;-9,6184;0;0;0;0;0;0;-11,79401;0,069737;2,108216;-18,06032;0,106618;3,234744;-23,02073;0,135452;4,130601;0;0;0;0;0;0;8,007064;0,139475;-2,918243;12,15041;0,210553;-4,42028;15,37174;0,268221;-5,595087;0;0;0;0;0;0;0;0;0;0;0;0;0;0;0;0;0;0;0;0;0;0;0;0;0;0;0;0;0;0;12,69907;11,8198;9,198539;10,98459;44,36848;29,61906;4,784546;1,386351;-10,15244;3,574017;3,504702;3,731716;-19,95553;40,32697;3,571496;3,794573;-12,07378;83,49284;51,45575;47,15261;-13,36859;83,17056;27,67389;26,05083;-0,346756;-3,83789;0;-0,008476;-2,247734;0,039439;0;0,003147;1,754265;-0,314255;0,00329;-0,003104;0;0;0;0;0;0;0;0;264,8117;-176,152;0,147629;-1,017094;39,6469;-0,59309;-0,200844;0;276,2787;-49,47967;0,197411;-0,000858;0;0;0;0;0;0;0;0
191;3183,333;00:00:03:183;0;0;0;-3,519914;0,050068;3,621712;-5,006201;-3,10873;6,853823;-5,975875;-5,791376;9,775402;-6,650629;-7,829767;12,04283;-2,370207;0;3,621712;-2,370207;0,05009;11,17456;-1,475834;-0,261788;16,16728;-1,000932;-0,592605;18,81012;-0,625276;-0,99481;20,89399;-0,895299;-0,03505;3,621712;-0,101118;0,01504;11,13133;1,459174;-3,487584;15,25798;2,265604;-5,532438;17,37951;2,891393;-7,334431;19,01543;0,443679;-0,000078;3,621712;1,958848;0,050012;10,3956;1,956898;-4,900703;10,96029;1,429368;-6,872481;9,04757;0,709327;-6,76721;6,610618;1,743431;-0,000171;3,621712;3,958467;0,049919;9,102249;3,988765;-3,889036;9,573995;3,762821;-5,786178;8,881627;3,247058;-7,356182;7,274085;0;0;0;-34,19672;-34,7767;114,7921;-29,41217;-34,77671;114,7921;-28,25135;-34,48354;115,1883;-28,25134;-34,48352;115,1883;-0,379977;0;0;3,4589;10,17629;-0,338046;7,095971;10,13691;0,410706;11,00015;9,954122;1,399274;10,96002;9,998383;1,167585;-0,380045;6,036885;0;38,79265;19,96692;0,994265;41,82092;21,27189;-0,547994;45,17679;22,55738;-1,718367;45,24026;22,40283;-1,552339;-0,413454;12,60826;0;83,34498;12,07381;-1,420641;134,8141;14,03063;-1,435148;-177,126;16,38269;1,774712;-177,2054;16,39606;1,493327;-0,485496;22,00679;0;82,97962;13,36752;-1,190102;110,6578;15,03487;-1,205826;137,3031;18,42471;0,722824;137,2341;18,23217;0,503273;0;0;0;0;0;0;-0,317551;0,159904;0,010595;-0,59469;0,283018;0,031963;-0,807256;0,374079;0,050783;0;0;0;0;0;0;0,127763;-0,000757;-0,022888;0,195645;-0,001154;-0,034958;0,24939;-0,00147;-0,044882;0;0;0;0;0;0;-0,074711;-0,001252;0,02718;-0,113368;-0,001922;0,041217;-0,143409;-0,002414;0,052124;0;0;0;0;0;0;0;0;0;0;0;0;0;0;0;0;0;0;0;0;0;0;0;0;0;0;0;0;0;0;0;0;0;0;0;0;-19,05307;9,59426;0,635683;-35,68142;16,98106;1,917779;-48,43533;22,44472;3,046989;0;0;0;0;0;0;7,665752;-0,04543;-1,373291;11,73869;-0,069235;-2,097487;14,96337;-0,088178;-2,692937;0;0;0;0;0;0;-4,482641;-0,075102;1,630783;-6,802081;-0,115335;2,472996;-8,604525;-0,144839;3,127456;0;0;0;0;0;0;0;0;0;0;0;0;0;0;0;0;0;0;0;0;0;0;0;0;0;0;0;0;0;0;12,70293;11,82847;9,209064;10,99679;44,34276;29,69537;4,784546;1,38621;-10,17678;3,574401;3,504702;3,731664;-19,93917;40,32404;3,571441;3,794676;-12,07378;83,49284;51,45575;47,15261;-13,36859;83,17056;27,67389;26,05083;-1,543579;4,578094;0;-0,008469;-1,460609;0,023017;0;-0,003147;0,981445;-0,175781;-0,00329;0,006194;0;0;0;0;0;0;0;0;-71,80938;504,959;0;0,000429;47,22748;-0,985336;0;-0,377655;-46,36916;8,30841;-0,394821;0,557899;0;0;0;0;0;0;0;0
192;3200;00:00:03:200;0;0;0;-3,519914;0,050068;3,621712;-5,010683;-3,11177;6,848783;-5,979411;-5,796708;9,768568;-6,653448;-7,83685;12,03463;-2,370207;0;3,621712;-2,370207;0,05009;11,17456;-1,4729;-0,261806;16,16675;-0,996438;-0,592631;18,80931;-0,619548;-0,994844;20,89295;-0,895299;-0,03505;3,621712;-0,101118;0,01504;11,13133;1,456508;-3,487631;15,25894;2,26156;-5,532509;17,38098;2,886277;-7,334521;19,01729;0,443679;-0,000078;3,621712;1,958848;0,050012;10,3956;1,956898;-4,900703;10,96029;1,429368;-6,872481;9,04757;0,709327;-6,76721;6,610618;1,743431;-0,000171;3,621712;3,958467;0,049919;9,102249;3,988765;-3,889036;9,573995;3,762821;-5,786178;8,881627;3,247058;-7,356182;7,274085;0;0;0;-34,29337;-34,81072;114,825;-29,43263;-34,81074;114,825;-28,27201;-34,51744;115,2213;-28,27202;-34,51744;115,2213;-0,379977;0;0;3,459264;10,20984;-0,335985;7,096782;10,17046;0,412845;11,00155;9,987653;1,401512;10,96127;10,03192;1,1698;-0,380045;6,036885;0;38,79183;19,93175;0,991843;41,8211;21,2367;-0,550068;45,17775;22,52221;-1,72014;45,24112;22,36766;-1,554159;-0,413454;12,60826;0;83,34498;12,07381;-1,420641;134,8141;14,03063;-1,435148;-177,126;16,38269;1,774712;-177,2054;16,39606;1,493327;-0,485496;22,00679;0;82,97962;13,36752;-1,190102;110,6578;15,03487;-1,205826;137,3031;18,42471;0,722824;137,2341;18,23217;0,503273;0;0;0;0;0;0;-0,268914;-0,182413;-0,302419;-0,212163;-0,319943;-0,410065;-0,169113;-0,424996;-0,491828;0;0;0;0;0;0;0,176076;-0,001034;-0,031739;0,269629;-0,001581;-0,048637;0,34368;-0,002;-0,062048;0;0;0;0;0;0;-0,159916;-0,002794;0,057936;-0,242695;-0,004224;0,088155;-0,306979;-0,005409;0,111491;0;0;0;0;0;0;0;0;0;0;0;0;0;0;0;0;0;0;0;0;0;0;0;0;0;0;0;0;0;0;0;0;0;0;0;0;2,918243;-20,53901;-18,78082;22,95166;-36,17763;-26,52168;38,28853;-47,94448;-32,55665;0;0;0;0;0;0;2,898797;-0,016596;-0,531077;4,439054;-0,025649;-0,820756;5,657449;-0,031851;-1,029968;0;0;0;0;0;0;-5,112289;-0,092536;1,845359;-7,75963;-0,138134;2,816319;-9,814201;-0,179708;3,561974;0;0;0;0;0;0;0;0;0;0;0;0;0;0;0;0;0;0;0;0;0;0;0;0;0;0;0;0;0;0;12,71577;11,83285;9,207306;10,99608;44,41503;29,79495;4,860751;1,386351;-10,21034;3,575003;3,504646;3,731716;-19,90415;40,31779;3,571496;3,794625;-12,07378;83,49284;51,45575;47,15261;-13,36859;83,17056;27,67389;26,05083;4,336395;5,975074;4,572315;0,008469;-2,013474;0,036149;-0,003347;0,003147;2,101135;-0,37468;0,00329;-0,00309;0;0;0;0;0;0;0;0;352,7984;83,81881;274,3389;1,016235;-33,17185;0,787926;-0,200844;0,377655;67,1814;-11,9339;0,394821;-0,557041;0;0;0;0;0;0;0;0
193;3216,667;00:00:03:217;0;0;0;-3,519914;0,050068;3,621712;-5,010683;-3,11177;6,848783;-5,979411;-5,796708;9,768568;-6,653448;-7,83685;12,03463;-2,370207;0;3,621712;-2,370207;0,05009;11,17456;-1,4729;-0,261806;16,16675;-0,996438;-0,592631;18,80931;-0,619548;-0,994844;20,89295;-0,895299;-0,03505;3,621712;-0,101118;0,01504;11,13133;1,456508;-3,487631;15,25894;2,26156;-5,532509;17,38098;2,886277;-7,334521;19,01729;0,443679;-0,000078;3,621712;1,958848;0,050012;10,3956;1,956898;-4,900703;10,96029;1,429368;-6,872481;9,04757;0,709327;-6,76721;6,610618;1,743431;-0,000171;3,621712;3,958467;0,049919;9,102249;3,988765;-3,889036;9,573995;3,762821;-5,786178;8,881627;3,247058;-7,356182;7,274085;0;0;0;-34,29337;-34,81072;114,825;-29,43263;-34,81074;114,825;-28,27201;-34,51744;115,2213;-28,27202;-34,51744;115,2213;-0,379977;0;0;3,459264;10,20984;-0,335985;7,096782;10,17046;0,412845;11,00155;9,987653;1,401512;10,96127;10,03192;1,1698;-0,380045;6,036885;0;38,79183;19,93175;0,991843;41,8211;21,2367;-0,550068;45,17775;22,52221;-1,72014;45,24112;22,36766;-1,554159;-0,413454;12,60826;0;83,34498;12,07381;-1,420641;134,8141;14,03063;-1,435148;-177,126;16,38269;1,774712;-177,2054;16,39606;1,493327;-0,485496;22,00679;0;82,97962;13,36752;-1,190102;110,6578;15,03487;-1,205826;137,3031;18,42471;0,722824;137,2341;18,23217;0,503273;0;0;0;0;0;0;0;0;0;0;0;0;0;0;0;0;0;0;0;0;0;0;0;0;0;0;0;0;0;0;0;0;0;0;0;0;0;0;0;0;0;0;0;0;0;0;0;0;0;0;0;0;0;0;0;0;0;0;0;0;0;0;0;0;0;0;0;0;0;0;0;0;0;0;0;0;0;0;0;0;0;16,13482;10,94475;18,14514;12,72976;19,19657;24,6039;10,1468;25,49976;29,50966;0;0;0;0;0;0;-10,56455;0,062026;1,904368;-16,17774;0,094883;2,918243;-20,62082;0,120029;3,722906;0;0;0;0;0;0;9,594931;0,167638;-3,476142;14,56171;0,253469;-5,289315;18,41873;0,324547;-6,689429;0;0;0;0;0;0;0;0;0;0;0;0;0;0;0;0;0;0;0;0;0;0;0;0;0;0;0;0;0;0;12,71577;11,83285;9,207306;10,99608;44,41503;29,79495;4,860751;1,386351;-10,21034;3,575003;3,504646;3,731716;-19,90415;40,31779;3,571496;3,794625;-12,07378;83,49284;51,45575;47,15261;-13,36859;83,17056;27,67389;26,05083;4,336395;5,975074;4,572315;0,008469;-2,013474;0,036149;-0,003347;0,003147;2,101135;-0,37468;0,00329;-0,00309;0;0;0;0;0;0;0;0;352,7984;83,81881;274,3389;1,016235;-33,17185;0,787926;-0,200844;0,377655;67,1814;-11,9339;0,394821;-0,557041;0;0;0;0;0;0;0;0
194;3233,333;00:00:03:233;0;0;0;-3,519914;0,050068;3,621712;-5,026866;-3,109738;6,84325;-6,014738;-5,794353;9,756914;-6,703492;-7,834492;12,01855;-2,370207;0;3,621712;-2,370207;0,05009;11,17456;-1,454843;-0,26191;16,16346;-0,968788;-0,59279;18,80427;-0,584303;-0,995045;20,88651;-0,895299;-0,03505;3,621712;-0,101118;0,01504;11,13133;1,461868;-3,487538;15,257;2,269693;-5,532368;17,37802;2,896564;-7,334341;19,01355;0,443679;-0,000078;3,621712;1,958848;0,050012;10,3956;1,956898;-4,900703;10,96029;1,429368;-6,872481;9,04757;0,709327;-6,76721;6,610618;1,743431;-0,000171;3,621712;3,958467;0,049919;9,102249;3,988765;-3,889036;9,573995;3,762821;-5,786178;8,881627;3,247058;-7,356182;7,274085;0;0;0;-34,47477;-34,77353;114,789;-29,69022;-34,77354;114,789;-28,52837;-34,47879;115,1835;-28,52837;-34,47879;115,1835;-0,379977;0;0;3,461538;10,4164;-0,32329;7,101801;10,37697;0,426029;11,01019;10,19405;1,415314;10,96906;10,23834;1,183459;-0,380045;6,036885;0;38,7935;20,0025;0,996718;41,82073;21,30746;-0,545897;45,17582;22,59295;-1,716576;45,23942;22,4384;-1,550503;-0,413454;12,60826;0;83,34498;12,07381;-1,420641;134,8141;14,03063;-1,435148;-177,126;16,38269;1,774712;-177,2054;16,39606;1,493327;-0,485496;22,00679;0;82,97962;13,36752;-1,190102;110,6578;15,03487;-1,205826;137,3031;18,42471;0,722824;137,2341;18,23217;0,503273;0;0;0;0;0;0;-0,971004;0,121884;-0,331923;-2,119593;0,141285;-0,699252;-3,002688;0,141487;-0,96488;0;0;0;0;0;0;1,083417;-0,006238;-0,197053;1,659036;-0,009519;-0,302464;2,114732;-0,012092;-0,386149;0;0;0;0;0;0;0,321552;0,005588;-0,116766;0,487983;0,008449;-0,177383;0,617266;0,010774;-0,224412;0;0;0;0;0;0;0;0;0;0;0;0;0;0;0;0;0;0;0;0;0;0;0;0;0;0;0;0;0;0;0;0;0;0;0;0;-58,26026;7,313042;-19,9154;-127,1756;8,47712;-41,95511;-180,1613;8,48919;-57,89279;0;0;0;0;0;0;65,005;-0,374252;-11,82318;99,54214;-0,571143;-18,14782;126,8839;-0,725537;-23,16892;0;0;0;0;0;0;19,29313;0,335276;-7,005929;29,27899;0,506937;-10,643;37,03593;0,646412;-13,46469;0;0;0;0;0;0;0;0;0;0;0;0;0;0;0;0;0;0;0;0;0;0;0;0;0;0;0;0;0;0;12,76179;11,88871;9,237678;11,03414;44,44575;30,069;4,784546;1,38621;-10,41688;3,578561;3,504646;3,731716;-19,97458;40,33038;3,571496;3,794625;-12,07378;83,49284;51,45575;47,15261;-13,36859;83,17056;27,67389;26,05083;1,842956;16,44276;-4,572315;-0,008469;-12,39258;0,21349;0;0;-4,225273;0,755081;0;0;0;0;0;0;0;0;0;0;-149,6063;628,0609;-548,6777;-1,016235;-622,7462;10,64043;0,200844;-0,188828;-379,5845;67,78564;-0,197411;0,185394;0;0;0;0;0;0;0;0
195;3250;00:00:03:250;0;0;0;-3,519914;0,050068;3,621712;-5,033862;-3,110447;6,839272;-6,0279;-5,796051;9,749927;-6,721401;-7,837028;12,00935;-2,370207;0;3,621712;-2,370207;0,05009;11,17456;-1,449115;-0,261942;16,16241;-0,960017;-0,592839;18,80265;-0,573124;-0,995108;20,88445;-0,895299;-0,03505;3,621712;-0,101118;0,01504;11,13133;1,455344;-3,487651;15,25936;2,259794;-5,53254;17,38161;2,884042;-7,334558;19,0181;0,443679;-0,000078;3,621712;1,958848;0,050012;10,3956;1,956898;-4,900703;10,96029;1,429368;-6,872481;9,04757;0,709327;-6,76721;6,610618;1,743431;-0,000171;3,621712;3,958467;0,049919;9,102249;3,988765;-3,889036;9,573995;3,762821;-5,786178;8,881627;3,247058;-7,356182;7,274085;0;0;0;-34,57397;-34,77719;114,7926;-29,78942;-34,77721;114,7926;-28,62724;-34,4819;115,1864;-28,62725;-34,48189;115,1865;-0,379977;0;0;3,462268;10,48194;-0,319258;7,103402;10,4425;0,430218;11,01294;10,25954;1,419702;10,97154;10,30385;1,187801;-0,380045;6,036885;0;38,79147;19,91639;0,990786;41,82118;21,22134;-0,550973;45,17817;22,50684;-1,720912;45,24149;22,35229;-1,554953;-0,413454;12,60826;0;83,34498;12,07381;-1,420641;134,8141;14,03063;-1,435148;-177,126;16,38269;1,774712;-177,2054;16,39606;1,493327;-0,485496;22,00679;0;82,97962;13,36752;-1,190102;110,6578;15,03487;-1,205826;137,3031;18,42471;0,722824;137,2341;18,23217;0,503273;0;0;0;0;0;0;-0,419721;-0,042535;-0,238672;-0,789754;-0,101835;-0,419229;-1,074538;-0,152171;-0,55173;0;0;0;0;0;0;0,343641;-0,001926;-0,06339;0,526227;-0,002936;-0,097185;0,670765;-0,003733;-0,124097;0;0;0;0;0;0;-0,391401;-0,006817;0,142157;-0,593953;-0,010304;0,215739;-0,751376;-0,013053;0,273049;0;0;0;0;0;0;0;0;0;0;0;0;0;0;0;0;0;0;0;0;0;0;0;0;0;0;0;0;0;0;0;0;0;0;0;0;33,077;-9,865163;5,595088;79,79034;-14,58719;16,80135;115,689;-17,61943;24,78897;0;0;0;0;0;0;-44,38653;0,258666;8,019804;-67,96851;0,394955;12,3167;-86,63802;0,501573;15,72311;0;0;0;0;0;0;-42,77721;-0,744313;15,53535;-64,91615;-1,125186;23,58735;-82,1185;-1,429617;29,84762;0;0;0;0;0;0;0;0;0;0;0;0;0;0;0;0;0;0;0;0;0;0;0;0;0;0;0;0;0;0;12,78204;11,90124;9,246977;11,04645;44,48757;30,19826;4,784546;1,386351;-10,48243;3,579655;3,504646;3,731716;-19,88886;40,31506;3,571441;3,794573;-12,07378;83,49284;51,45575;47,15261;-13,36859;83,17056;27,67389;26,05083;2,50946;7,755775;0;0,008469;-3,932705;0,065646;0;0;5,14286;-0,918961;-0,00329;-0,003104;0;0;0;0;0;0;0;0;39,99023;-521,2189;274,3389;1,016235;507,5923;-8,870601;0;0;562,088;-100,4425;-0,197411;-0,186253;0;0;0;0;0;0;0;0
196;3266,667;00:00:03:267;0;0;0;-3,519914;0,050068;3,621712;-5,033862;-3,110447;6,839272;-6,0279;-5,796051;9,749927;-6,721401;-7,837028;12,00935;-2,370207;0;3,621712;-2,370207;0,05009;11,17456;-1,449115;-0,261942;16,16241;-0,960017;-0,592839;18,80265;-0,573124;-0,995108;20,88445;-0,895299;-0,03505;3,621712;-0,101118;0,01504;11,13133;1,455344;-3,487651;15,25936;2,259794;-5,53254;17,38161;2,884042;-7,334558;19,0181;0,443679;-0,000078;3,621712;1,958848;0,050012;10,3956;1,956898;-4,900703;10,96029;1,429368;-6,872481;9,04757;0,709327;-6,76721;6,610618;1,743431;-0,000171;3,621712;3,958467;0,049919;9,102249;3,988765;-3,889036;9,573995;3,762821;-5,786178;8,881627;3,247058;-7,356182;7,274085;0;0;0;-34,57397;-34,77719;114,7926;-29,78942;-34,77721;114,7926;-28,62724;-34,4819;115,1864;-28,62725;-34,48189;115,1865;-0,379977;0;0;3,462268;10,48194;-0,319258;7,103402;10,4425;0,430218;11,01294;10,25954;1,419702;10,97154;10,30385;1,187801;-0,380045;6,036885;0;38,79147;19,91639;0,990786;41,82118;21,22134;-0,550973;45,17817;22,50684;-1,720912;45,24149;22,35229;-1,554953;-0,413454;12,60826;0;83,34498;12,07381;-1,420641;134,8141;14,03063;-1,435148;-177,126;16,38269;1,774712;-177,2054;16,39606;1,493327;-0,485496;22,00679;0;82,97962;13,36752;-1,190102;110,6578;15,03487;-1,205826;137,3031;18,42471;0,722824;137,2341;18,23217;0,503273;0;0;0;0;0;0;0;0;0;0;0;0;0;0;0;0;0;0;0;0;0;0;0;0;0;0;0;0;0;0;0;0;0;0;0;0;0;0;0;0;0;0;0;0;0;0;0;0;0;0;0;0;0;0;0;0;0;0;0;0;0;0;0;0;0;0;0;0;0;0;0;0;0;0;0;0;0;0;0;0;0;25,18326;2,552121;14,32031;47,38524;6,110072;25,15376;64,47224;9,130238;33,10382;0;0;0;0;0;0;-20,61847;0,115586;3,803372;-31,57362;0,176188;5,831121;-40,24587;0,223964;7,445811;0;0;0;0;0;0;23,48408;0,409037;-8,529423;35,63717;0,618249;-12,94434;45,08256;0,783205;-16,38293;0;0;0;0;0;0;0;0;0;0;0;0;0;0;0;0;0;0;0;0;0;0;0;0;0;0;0;0;0;0;12,78204;11,90124;9,246977;11,04645;44,48757;30,19826;4,784546;1,386351;-10,48243;3,579655;3,504646;3,731716;-19,88886;40,31506;3,571441;3,794573;-12,07378;83,49284;51,45575;47,15261;-13,36859;83,17056;27,67389;26,05083;2,50946;7,755775;0;0,008469;-3,932705;0,065646;0;0;5,14286;-0,918961;-0,00329;-0,003104;0;0;0;0;0;0;0;0;39,99023;-521,2189;274,3389;1,016235;507,5923;-8,870601;0;0;562,088;-100,4425;-0,197411;-0,186253;0;0;0;0;0;0;0;0
197;3283,333;00:00:03:283;0;0;0;-3,519914;0,050068;3,621712;-5,043111;-3,105155;6,840101;-6,045218;-5,786616;9,751806;-6,744909;-7,824514;12,0121;-2,370207;0;3,621712;-2,370207;0,05009;11,17456;-1,448827;-0,261943;16,16235;-0,959577;-0,592841;18,80256;-0,572562;-0,995111;20,88434;-0,895299;-0,03505;3,621712;-0,101118;0,01504;11,13133;1,451676;-3,487714;15,26069;2,254227;-5,532635;17,38363;2,876999;-7,334681;19,02065;0,443679;-0,000078;3,621712;1,958848;0,050012;10,3956;1,956898;-4,900703;10,96029;1,429368;-6,872481;9,04757;0,709327;-6,76721;6,610618;1,743431;-0,000171;3,621712;3,958467;0,049919;9,102249;3,988765;-3,889036;9,573995;3,762821;-5,786178;8,881627;3,247058;-7,356182;7,274085;0;0;0;-34,62486;-34,70531;114,7232;-29,84031;-34,70531;114,7232;-28,67737;-34,40973;115,1164;-28,67736;-34,40973;115,1164;-0,379977;0;0;3,462305;10,48524;-0,319056;7,103482;10,4458;0,430428;11,01307;10,26283;1,419922;10,97167;10,30714;1,188019;-0,380045;6,036885;0;38,79034;19,868;0,987455;41,82143;21,17293;-0,553828;45,1795;22,45845;-1,72335;45,24266;22,3039;-1,557449;-0,413454;12,60826;0;83,34498;12,07381;-1,420641;134,8141;14,03063;-1,435148;-177,126;16,38269;1,774712;-177,2054;16,39606;1,493327;-0,485496;22,00679;0;82,97962;13,36752;-1,190102;110,6578;15,03487;-1,205826;137,3031;18,42471;0,722824;137,2341;18,23217;0,503273;0;0;0;0;0;0;-0,554949;0,317529;0,04971;-1,039088;0,566058;0,112787;-1,410484;0,75084;0,165135;0;0;0;0;0;0;0,017272;-0,000091;-0,003219;0,026442;-0,00014;-0,005007;0,033718;-0,000184;-0,006348;0;0;0;0;0;0;-0,220098;-0,003777;0,079662;-0,334002;-0,005744;0,120878;-0,422537;-0,007331;0,152886;0;0;0;0;0;0;0;0;0;0;0;0;0;0;0;0;0;0;0;0;0;0;0;0;0;0;0;0;0;0;0;0;0;0;0;0;-33,29694;19,05173;2,982616;-62,34526;33,96347;6,767212;-84,62904;45,05038;9,908078;0;0;0;0;0;0;1,036338;-0,005448;-0,193119;1,586527;-0,008382;-0,300407;2,023056;-0,011064;-0,380874;0;0;0;0;0;0;-13,20586;-0,226647;4,779696;-20,04012;-0,344664;7,252692;-25,35224;-0,439882;9,173153;0;0;0;0;0;0;0;0;0;0;0;0;0;0;0;0;0;0;0;0;0;0;0;0;0;0;0;0;0;0;12,78496;11,91389;9,266046;11,06831;44,43219;30,32724;4,784505;1,386492;-10,48571;3,579765;3,504758;3,731664;-19,84069;40,30648;3,571387;3,794573;-12,07378;83,49284;51,45575;47,15261;-13,36859;83,17056;27,67389;26,05083;-3,323135;7,738723;-0,00246;0,008476;-0,197067;0,006566;0,006695;-0,003147;2,89032;-0,514984;-0,00329;0;0;0;0;0;0;0;0;0;-349,9557;-1,023102;-0,147629;0,000429;224,1382;-3,544807;0,401688;-0,188828;-135,1524;24,23858;0;0,186253;0;0;0;0;0;0;0;0
198;3300;00:00:03:300;0;0;0;-3,519914;0,050068;3,621712;-5,037168;-3,106218;6,841866;-6,034059;-5,788296;9,754794;-6,729738;-7,8266;12,01596;-2,370207;0;3,621712;-2,370207;0,05009;11,17456;-1,437726;-0,262004;16,16029;-0,942578;-0,592934;18,7994;-0,550894;-0,995229;20,88029;-0,895299;-0,03505;3,621712;-0,101118;0,01504;11,13133;1,458418;-3,487598;15,25825;2,264458;-5,532459;17,37992;2,889942;-7,334456;19,01596;0,443679;-0,000078;3,621712;1,958848;0,050012;10,3956;1,956898;-4,900703;10,96029;1,429368;-6,872481;9,04757;0,709327;-6,76721;6,610618;1,743431;-0,000171;3,621712;3,958467;0,049919;9,102249;3,988765;-3,889036;9,573995;3,762332;-5,785433;8,879749;3,245713;-7,352156;7,269283;0;0;0;-34,56191;-34,72264;114,7399;-29,77735;-34,72265;114,7399;-28,61479;-34,42741;115,1336;-28,61478;-34,42741;115,1336;-0,379977;0;0;3,463737;10,61232;-0,311233;7,106606;10,57285;0,438558;11,01842;10,38981;1,428441;10,9765;10,43414;1,196449;-0,380045;6,036885;0;38,79242;19,95696;0,993579;41,82098;21,26191;-0,54858;45,17707;22,54741;-1,718867;45,24052;22,39286;-1,552852;-0,413454;12,60826;0;83,34498;12,07381;-1,420641;134,8141;14,03063;-1,435148;-177,126;16,38269;1,774712;-177,2054;16,39606;1,493327;-0,485496;22,00679;0;82,97962;13,36752;-1,190102;110,7164;15,03487;-1,205826;137,4155;18,4228;0,726465;137,3463;18,23068;0,506519;0;0;0;0;0;0;0,356577;-0,06377;0,105903;0,669591;-0,100784;0,179261;0,910252;-0,12517;0,231475;0;0;0;0;0;0;0,666054;-0,003667;-0,124007;1,019938;-0,005599;-0,190169;1,300078;-0,007097;-0,242919;0;0;0;0;0;0;0,404533;0,006974;-0,146538;0,613868;0,010595;-0,222445;0,776589;0,013456;-0,281364;0;0;0;0;0;0;0;0;0;0;0;0;0;0;0;0;0;0;0;0;0;0;0;0;-0,029325;0,044703;-0,112653;-0,080734;0,241578;-0,288114;0;0;0;0;0;0;54,69158;-22,8779;3,371537;102,5207;-40,01051;3,988444;139,2442;-52,56056;3,980397;0;0;0;0;0;0;38,9269;-0,214577;-7,247328;59,60974;-0,327565;-11,10971;75,98161;-0,414737;-14,19425;0;0;0;0;0;0;37,47783;0,645071;-13,57198;56,87221;0,980347;-20,59936;71,94757;1,247227;-26,05498;0;0;0;0;0;0;0;0;0;0;0;0;0;0;0;0;0;0;0;0;0;0;0;0;-1,759529;2,682209;-6,759166;-4,844069;14,49466;-17,28683;12,78367;11,90716;9,256336;11,05738;44,42613;30,22863;4,784505;1,38621;-10,6128;3,581897;3,504702;3,731769;-19,92924;40,32228;3,571387;3,794573;-12,07378;83,49284;51,45575;47,15261;-13,36859;83,17056;27,73249;26,10348;-0,363464;-5,916595;0;-0,016944;-7,625141;0,127945;-0,003347;0,006294;-5,313377;0,9478;0;0;0;0;0;0;0;0;3,515625;3,159485;177,5802;-819,319;0,147629;-1,525211;-445,6844;7,282733;-0,602531;0,566483;-492,2218;87,76702;0,197411;0;0;0;0;0;0;0;210,9375;189,5691
199;3316,667;00:00:03:317;0;0;0;-3,519914;0,050068;3,621712;-5,038647;-3,103459;6,84387;-6,031878;-5,782623;9,760727;-6,724731;-7,818639;12,02482;-2,370207;0;3,621712;-2,370207;0,05009;11,17456;-1,433043;-0,26203;16,1594;-0,935406;-0,592973;18,79805;-0,541752;-0,995278;20,87857;-0,895299;-0,03505;3,621712;-0,101118;0,01504;11,13133;1,457347;-3,487616;15,25864;2,262832;-5,532486;17,38051;2,887886;-7,334492;19,01671;0,443679;-0,000078;3,621712;1,958848;0,050012;10,3956;1,956898;-4,900703;10,96029;1,429368;-6,872481;9,04757;0,709327;-6,76721;6,610618;1,743431;-0,000171;3,621712;3,958467;0,049919;9,102249;3,988765;-3,889036;9,573995;3,761599;-5,784312;8,876933;3,243698;-7,346103;7,262093;0;0;0;-34,54542;-34,68756;114,706;-29,68468;-34,68757;114,706;-28,52213;-34,39285;115,1001;-28,52214;-34,39285;115,1001;-0,379977;0;0;3,464347;10,66595;-0,30793;7,107929;10,62647;0,441992;11,02069;10,4434;1,432041;10,97855;10,48774;1,200011;-0,380045;6,036885;0;38,7921;19,94282;0,992606;41,82104;21,24777;-0,549415;45,17745;22,53327;-1,71958;45,24084;22,37872;-1,553586;-0,413454;12,60826;0;83,34498;12,07381;-1,420641;134,8141;14,03063;-1,435148;-177,126;16,38269;1,774712;-177,2054;16,39606;1,493327;-0,485496;22,00679;0;82,97962;13,36752;-1,190102;110,8044;15,03487;-1,205819;137,5841;18,41993;0,731922;137,5147;18,22842;0,511386;0;0;0;0;0;0;-0,088781;0,165515;0,120252;0,130825;0,340395;0,355974;0,300407;0,477657;0,531614;0;0;0;0;0;0;0,281001;-0,001517;-0,05284;0,430293;-0,002313;-0,081003;0,548489;-0,002945;-0,103444;0;0;0;0;0;0;-0,064272;-0,001095;0,023246;-0,097543;-0,001654;0,035405;-0,123382;-0,002101;0,044793;0;0;0;0;0;0;0;0;0;0;0;0;0;0;0;0;0;0;0;0;0;0;0;0;-0,043966;0,067234;-0,168979;-0,120901;0,363171;-0,431433;0;0;0;0;0;0;-26,7215;13,75705;0,860988;-32,32598;26,47072;10,60277;-36,59069;36,16958;18,00835;0;0;0;0;0;0;-23,1032;0,128998;4,270076;-35,37867;0,197142;6,549954;-45,0953;0,24911;8,36849;0;0;0;0;0;0;-28,12833;-0,484139;10,18703;-42,68467;-0,734925;15,47098;-53,99823;-0,933409;19,56939;0;0;0;0;0;0;0;0;0;0;0;0;0;0;0;0;0;0;0;0;0;0;0;0;-0,878424;1,351833;-3,379583;-2,409964;7,295608;-8,599163;12,77405;11,89636;9,256584;11,05787;44,38327;30,23642;4,860751;1,386351;-10,66642;3,582827;3,504702;3,731611;-19,91516;40,31976;3,571496;3,794625;-12,07378;83,49284;51,45575;47,15261;-13,36859;83,17056;27,82036;26,18246;-2,571258;0,467606;4,574775;0,008469;-3,217392;0,055761;0;-0,009441;0,844803;-0,150833;0,00658;0,003104;0;0;0;0;0;0;5,272636;4,738311;-132,4676;383,052;274,4865;1,524782;264,4649;-4,331017;0,200844;-0,944138;369,4908;-65,91796;0,394821;0,186253;0;0;0;0;0;0;105,4207;94,72959
200;3333,333;00:00:03:333;0;0;0;-3,519914;0,050068;3,621712;-5,038647;-3,103459;6,84387;-6,031878;-5,782623;9,760727;-6,724731;-7,818639;12,02482;-2,370207;0;3,621712;-2,370207;0,05009;11,17456;-1,433043;-0,26203;16,1594;-0,935406;-0,592973;18,79805;-0,541752;-0,995278;20,87857;-0,895299;-0,03505;3,621712;-0,101118;0,01504;11,13133;1,457347;-3,487616;15,25864;2,262832;-5,532486;17,38051;2,887886;-7,334492;19,01671;0,443679;-0,000078;3,621712;1,958848;0,050012;10,3956;1,956898;-4,900703;10,96029;1,429368;-6,872481;9,04757;0,709327;-6,76721;6,610618;1,743431;-0,000171;3,621712;3,958467;0,049919;9,102249;3,988765;-3,889036;9,573995;3,761599;-5,784312;8,876933;3,243698;-7,346103;7,262093;0;0;0;-34,54542;-34,68756;114,706;-29,68468;-34,68757;114,706;-28,52213;-34,39285;115,1001;-28,52214;-34,39285;115,1001;-0,379977;0;0;3,464347;10,66595;-0,30793;7,107929;10,62647;0,441992;11,02069;10,4434;1,432041;10,97855;10,48774;1,200011;-0,380045;6,036885;0;38,7921;19,94282;0,992606;41,82104;21,24777;-0,549415;45,17745;22,53327;-1,71958;45,24084;22,37872;-1,553586;-0,413454;12,60826;0;83,34498;12,07381;-1,420641;134,8141;14,03063;-1,435148;-177,126;16,38269;1,774712;-177,2054;16,39606;1,493327;-0,485496;22,00679;0;82,97962;13,36752;-1,190102;110,8044;15,03487;-1,205819;137,5841;18,41993;0,731922;137,5147;18,22842;0,511386;0;0;0;0;0;0;0;0;0;0;0;0;0;0;0;0;0;0;0;0;0;0;0;0;0;0;0;0;0;0;0;0;0;0;0;0;0;0;0;0;0;0;0;0;0;0;0;0;0;0;0;0;0;0;0;0;0;0;0;0;0;0;0;0;0;0;0;0;0;0;0;0;0;0;0;0;0;0;0;0;0;5,326866;-9,930878;-7,215141;-7,849484;-20,42368;-21,35843;-18,02444;-28,6594;-31,89683;0;0;0;0;0;0;-16,86003;0,091027;3,170371;-25,8176;0,138804;4,860162;-32,90936;0,176691;6,206631;0;0;0;0;0;0;3,856346;0,065714;-1,394748;5,852579;0,099242;-2,124309;7,402896;0,126064;-2,687573;0;0;0;0;0;0;0;0;0;0;0;0;0;0;0;0;0;0;0;0;0;0;0;0;2,637952;-4,034041;10,13875;7,254034;-21,79026;25,886;12,77405;11,89636;9,256584;11,05787;44,38327;30,23642;4,860751;1,386351;-10,66642;3,582827;3,504702;3,731611;-19,91516;40,31976;3,571496;3,794625;-12,07378;83,49284;51,45575;47,15261;-13,36859;83,17056;27,82036;26,18246;0;0;0;0;0;0;0;0;0;0;0;0;0;0;0;0;0;0;0;0;154,2755;-28,05633;-274,4865;-0,508118;193,0435;-3,34568;0;0,566483;-50,68816;9,049987;-0,394821;-0,186253;0;0;0;0;0;0;-316,3582;-284,2987
201;3350;00:00:03:350;0;0;0;-3,519914;0,050068;3,621712;-5,038647;-3,103459;6,84387;-6,031878;-5,782623;9,760727;-6,724731;-7,818639;12,02482;-2,370207;0;3,621712;-2,370207;0,05009;11,17456;-1,433043;-0,26203;16,1594;-0,935406;-0,592973;18,79805;-0,541752;-0,995278;20,87857;-0,895299;-0,03505;3,621712;-0,101118;0,01504;11,13133;1,457347;-3,487616;15,25864;2,262832;-5,532486;17,38051;2,887886;-7,334492;19,01671;0,443679;-0,000078;3,621712;1,958848;0,050012;10,3956;1,956898;-4,900703;10,96029;1,429368;-6,872481;9,04757;0,709327;-6,76721;6,610618;1,743431;-0,000171;3,621712;3,958467;0,049919;9,102249;3,988765;-3,889036;9,573995;3,761599;-5,784312;8,876933;3,243698;-7,346103;7,262093;0;0;0;-34,54542;-34,68756;114,706;-29,68468;-34,68757;114,706;-28,52213;-34,39285;115,1001;-28,52214;-34,39285;115,1001;-0,379977;0;0;3,464347;10,66595;-0,30793;7,107929;10,62647;0,441992;11,02069;10,4434;1,432041;10,97855;10,48774;1,200011;-0,380045;6,036885;0;38,7921;19,94282;0,992606;41,82104;21,24777;-0,549415;45,17745;22,53327;-1,71958;45,24084;22,37872;-1,553586;-0,413454;12,60826;0;83,34498;12,07381;-1,420641;134,8141;14,03063;-1,435148;-177,126;16,38269;1,774712;-177,2054;16,39606;1,493327;-0,485496;22,00679;0;82,97962;13,36752;-1,190102;110,8044;15,03487;-1,205819;137,5841;18,41993;0,731922;137,5147;18,22842;0,511386;0;0;0;0;0;0;0;0;0;0;0;0;0;0;0;0;0;0;0;0;0;0;0;0;0;0;0;0;0;0;0;0;0;0;0;0;0;0;0;0;0;0;0;0;0;0;0;0;0;0;0;0;0;0;0;0;0;0;0;0;0;0;0;0;0;0;0;0;0;0;0;0;0;0;0;0;0;0;0;0;0;0;0;0;0;0;0;0;0;0;0;0;0;0;0;0;0;0;0;0;0;0;0;0;0;0;0;0;0;0;0;0;0;0;0;0;0;0;0;0;0;0;0;0;0;0;0;0;0;0;0;0;0;0;0;0;0;0;0;0;0;0;0;0;0;0;0;0;0;0;12,77405;11,89636;9,256584;11,05787;44,38327;30,23642;4,860751;1,386351;-10,66642;3,582827;3,504702;3,731611;-19,91516;40,31976;3,571496;3,794625;-12,07378;83,49284;51,45575;47,15261;-13,36859;83,17056;27,82036;26,18246;0;0;0;0;0;0;0;0;0;0;0;0;0;0;0;0;0;0;0;0;154,2755;-28,05633;-274,4865;-0,508118;193,0435;-3,34568;0;0,566483;-50,68816;9,049987;-0,394821;-0,186253;0;0;0;0;0;0;-316,3582;-284,2987
202;3366,667;00:00:03:367;0;0;0;-3,519914;0,050068;3,621712;-5,047954;-3,101629;6,841259;-6,049357;-5,77969;9,756335;-6,748491;-7,814963;12,01917;-2,370207;0;3,621712;-2,370207;0,05009;11,17456;-1,424227;-0,262077;16,15774;-0,921906;-0,593044;18,79549;-0,524544;-0,995369;20,8753;-0,895299;-0,03505;3,621712;-0,101118;0,01504;11,13133;1,456638;-3,487629;15,25889;2,261757;-5,532506;17,3809;2,886526;-7,334516;19,0172;0,443679;-0,000078;3,621712;1,958848;0,050012;10,3956;1,956898;-4,900703;10,96029;1,429368;-6,872481;9,04757;0,709327;-6,76721;6,610618;1,743431;-0,000171;3,621712;3,958467;0,049919;9,102249;3,988765;-3,889036;9,573995;3,760867;-5,783187;8,874119;3,241688;-7,34003;7,254919;0;0;0;-34,64196;-34,65843;114,6779;-29,78123;-34,65845;114,6779;-28,61809;-34,36319;115,0712;-28,6181;-34,36319;115,0713;-0,379977;0;0;3,465504;10,76693;-0,301707;7,110432;10,72742;0,448463;11,02496;10,54429;1,438827;10,9824;10,58865;1,206724;-0,380045;6,036885;0;38,79187;19,93347;0,991961;41,82109;21,23841;-0,549968;45,1777;22,52392;-1,720052;45,24109;22,36937;-1,554067;-0,413454;12,60826;0;83,34498;12,07381;-1,420641;134,8141;14,03063;-1,435148;-177,126;16,38269;1,774712;-177,2054;16,39606;1,493327;-0,485496;22,00679;0;82,97962;13,36752;-1,190102;110,8923;15,03487;-1,205823;137,7526;18,41706;0,737374;137,6831;18,22617;0,516249;0;0;0;0;0;0;-0,558414;0,109792;-0,156641;-1,048721;0,175998;-0,263527;-1,425549;0,220567;-0,339255;0;0;0;0;0;0;0,528954;-0,002814;-0,100136;0,809994;-0,004294;-0,153601;1,03246;-0,005454;-0,19607;0;0;0;0;0;0;-0,042513;-0,00076;0,015467;-0,064507;-0,00114;0,023514;-0,081606;-0,001475;0,029594;0;0;0;0;0;0;0;0;0;0;0;0;0;0;0;0;0;0;0;0;0;0;0;0;-0,043944;0,067525;-0,168845;-0,12061;0,364378;-0,43045;0;0;0;0;0;0;-33,50481;6,587505;-9,398458;-62,92327;10,55986;-15,81162;-85,53295;13,23402;-20,35528;0;0;0;0;0;0;31,73724;-0,168812;-6,008148;48,59961;-0,25766;-9,216068;61,94762;-0,327229;-11,76417;0;0;0;0;0;0;-2,55078;-0,045598;0,928044;-3,870427;-0,068396;1,410842;-4,896372;-0,088513;1,775622;0;0;0;0;0;0;0;0;0;0;0;0;0;0;0;0;0;0;0;0;0;0;0;0;-2,636611;4,051476;-10,1307;-7,236599;21,86268;-25,82699;12,79357;11,91792;9,271961;11,07824;44,38985;30,38966;4,860751;1,386351;-10,76739;3,584575;3,504702;3,731716;-19,90586;40,31809;3,571387;3,794522;-12,07378;83,49284;51,45575;47,15261;-13,36859;83,17056;27,90825;26,26142;0,394821;9,194297;0;0;-6,058216;0,104885;0;0,006294;0,558357;-0,100479;-0,00658;-0,006194;0;0;0;0;0;0;5,273323;4,737625;23,68927;551,6578;0;0;-363,4929;6,293105;0;0,377655;33,50143;-6,028747;-0,394821;-0,371647;0;0;0;0;0;0;316,3994;284,2575
203;3383,333;00:00:03:383;0;0;0;-3,519914;0,050068;3,621712;-5,050504;-3,099787;6,841852;-6,054126;-5,776371;9,757521;-6,754961;-7,810537;12,02082;-2,370207;0;3,621712;-2,370207;0,05009;11,17456;-1,420835;-0,262094;16,15709;-0,916712;-0,593072;18,79449;-0,517923;-0,995403;20,87403;-0,895299;-0,03505;3,621712;-0,101118;0,01504;11,13133;1,455763;-3,487644;15,25921;2,260428;-5,532529;17,38139;2,884845;-7,334545;19,01781;0,443679;-0,000078;3,621712;1,958848;0,050012;10,3956;1,956898;-4,900703;10,96029;1,429368;-6,872481;9,04757;0,709327;-6,76721;6,610618;1,743431;-0,000171;3,621712;3,958467;0,049919;9,102249;3,988765;-3,889036;9,573995;3,760623;-5,782811;8,873181;3,241019;-7,338002;7,252531;0;0;0;-34,65121;-34,63392;114,6543;-29,79047;-34,63394;114,6544;-28,62712;-34,33862;115,0475;-28,62712;-34,33862;115,0475;-0,379977;0;0;3,465953;10,8058;-0,299311;7,111399;10,76628;0,450956;11,02662;10,58313;1,441443;10,98389;10,62749;1,20931;-0,380045;6,036885;0;38,7916;19,92191;0,991166;41,82115;21,22686;-0,550647;45,17802;22,51237;-1,720636;45,24137;22,35781;-1,554662;-0,413454;12,60826;0;83,34498;12,07381;-1,420641;134,8141;14,03063;-1,435148;-177,126;16,38269;1,774712;-177,2054;16,39606;1,493327;-0,485496;22,00679;0;82,97962;13,36752;-1,190102;110,9216;15,03487;-1,205821;137,8088;18,4161;0,739192;137,7392;18,2254;0,517871;0;0;0;0;0;0;-0,152975;0,110574;0,035539;-0,286169;0,199154;0,071123;-0,38825;0,265583;0,099197;0;0;0;0;0;0;0,203546;-0,00107;-0,038803;0,311684;-0,001632;-0,059456;0,397302;-0,002073;-0,075907;0;0;0;0;0;0;-0,052549;-0,000916;0,019044;-0,079729;-0,001408;0,028878;-0,100873;-0,001699;0,036657;0;0;0;0;0;0;0;0;0;0;0;0;0;0;0;0;0;0;0;0;0;0;0;0;-0,014618;0,022575;-0,056282;-0,040121;0,121683;-0,143275;0;0;0;0;0;0;24,32629;0,046939;11,53082;45,75311;1,389385;20,07901;62,23797;2,700983;26,30711;0;0;0;0;0;0;-19,52447;0,104606;3,67999;-29,89858;0,159759;5,648731;-38,10949;0,202842;7,209777;0;0;0;0;0;0;-0,602156;-0,009388;0,214577;-0,913292;-0,016093;0,321865;-1,156032;-0,013411;0,423789;0;0;0;0;0;0;0;0;0;0;0;0;0;0;0;0;0;0;0;0;0;0;0;0;1,759529;-2,696961;6,753802;4,829316;-14,56171;17,23051;12,79555;11,921;9,277632;11,0851;44,36783;30,42259;4,860671;1,386069;-10,80626;3,58523;3,504702;3,731664;-19,89436;40,31605;3,571441;3,794573;-12,07378;83,49284;51,45575;47,15261;-13,36859;83,17056;27,93754;26,28777;-1,321564;1,975822;-0,004835;-0,016937;-2,33202;0,039339;0;-0,003147;0,689964;-0,122452;0,00329;0,00309;0;0;0;0;0;0;1,75724;1,58123;-102,9831;-433,1085;-0,290108;-1,016235;223,5717;-3,932762;0;-0,566483;7,89642;-1,318359;0,592232;0,557041;0;0;0;0;0;0;-210,9649;-189,3837
204;3400;00:00:03:400;0;0;0;-3,519914;0,050068;3,621712;-5,032179;-3,093199;6,856913;-6,019573;-5,763042;9,784278;-6,707898;-7,791819;12,05624;-2,370207;0;3,621712;-2,370207;0,05009;11,17456;-1,406926;-0,262166;16,15442;-0,895413;-0,593181;18,79039;-0,490774;-0,995542;20,8688;-0,895299;-0,03505;3,621712;-0,101118;0,01504;11,13133;1,468003;-3,489228;15,25323;2,27897;-5,534926;17,37222;2,908254;-7,337569;19,00609;0,443679;-0,000078;3,621712;1,958848;0,050012;10,3956;1,956898;-4,900703;10,96029;1,429368;-6,872481;9,04757;0,709327;-6,76721;6,610618;1,743431;-0,000171;3,621712;3,958467;0,049919;9,102249;3,988765;-3,889036;9,573995;3,760135;-5,782057;8,871306;3,239683;-7,333941;7,24776;0;0;0;-34,3305;-34,56581;114,5888;-29,46976;-34,56583;114,5889;-28,30697;-34,27233;114,9837;-28,30697;-34,27234;114,9837;-0,379977;0;0;3,46781;10,9652;-0,289477;7,115379;10,92564;0,461188;11,0334;10,7424;1,45218;10,99002;10,78679;1,219932;-0,380045;6,036885;0;38,819;20,08965;1,002726;41,84393;21,39523;-0,540183;45,19727;22,68113;-1,711051;45,26112;22,52653;-1,544934;-0,413454;12,60826;0;83,34498;12,07381;-1,420641;134,8141;14,03063;-1,435148;-177,126;16,38269;1,774712;-177,2054;16,39606;1,493327;-0,485496;22,00679;0;82,97962;13,36752;-1,190102;110,9802;15,03487;-1,205822;137,9212;18,41418;0,742822;137,8515;18,2239;0,52111;0;0;0;0;0;0;1,09946;0,395291;0,903636;2,073236;0,799678;1,605436;2,823829;1,123085;2,125025;0;0;0;0;0;0;0,834525;-0,004289;-0,160396;1,277916;-0,006541;-0,246048;1,628917;-0,008309;-0,314444;0;0;0;0;0;0;0,734411;-0,094995;-0,358969;1,112491;-0,143833;-0,550121;1,404583;-0,181496;-0,703543;0;0;0;0;0;0;0;0;0;0;0;0;0;0;0;0;0;0;0;0;0;0;0;0;-0,029281;0,04524;-0,112474;-0,080176;0,243679;-0,286236;0;0;0;0;0;0;75,1461;17,08299;52,08581;141,5643;36,03145;92,05877;192,7247;51,45013;121,5497;0;0;0;0;0;0;37,85871;-0,193119;-7,295608;57,97393;-0,29454;-11,19554;73,89687;-0,374168;-14,31227;0;0;0;0;0;0;47,21761;-5,644708;-22,68076;71,53316;-8,545516;-34,73996;90,3274;-10,78784;-44,41201;0;0;0;0;0;0;0;0;0;0;0;0;0;0;0;0;0;0;0;0;0;0;0;0;-0,879764;1,35988;-3,371536;-2,403259;7,319747;-8,577703;12,74767;11,87338;9,258501;11,05828;44,17424;30,05335;4,860671;1,386351;-10,96566;3,58796;3,504758;3,731716;-20,06131;40,36982;3,571387;3,794573;-12,07378;83,49284;51,45575;47,15261;-13,36859;83,17056;27,99613;26,3404;-11,61507;-22,1545;0;0,016937;-9,564227;0,163765;0,003347;0,003147;-10,01701;3,226547;-0,00329;0;0;0;0;0;0;0;3,515625;3,157997;-617,6101;-1447,819;0,290108;2,032471;-433,9324;7,465552;0,200844;0,377655;-642,4186;200,9399;-0,394821;-0,185394;0;0;0;0;0;0;105,5031;94,606
205;3416,667;00:00:03:417;0;0;0;-3,519914;0,050068;3,621712;-5,032179;-3,093199;6,856913;-6,019573;-5,763042;9,784278;-6,707898;-7,791819;12,05624;-2,370207;0;3,621712;-2,370207;0,05009;11,17456;-1,406926;-0,262166;16,15442;-0,895413;-0,593181;18,79039;-0,490774;-0,995542;20,8688;-0,895299;-0,03505;3,621712;-0,101118;0,01504;11,13133;1,468003;-3,489228;15,25323;2,27897;-5,534926;17,37222;2,908254;-7,337569;19,00609;0,443679;-0,000078;3,621712;1,958848;0,050012;10,3956;1,956898;-4,900703;10,96029;1,429368;-6,872481;9,04757;0,709327;-6,76721;6,610618;1,743431;-0,000171;3,621712;3,958467;0,049919;9,102249;3,988765;-3,889036;9,573995;3,760135;-5,782057;8,871306;3,239683;-7,333941;7,24776;0;0;0;-34,3305;-34,56581;114,5888;-29,46976;-34,56583;114,5889;-28,30697;-34,27233;114,9837;-28,30697;-34,27234;114,9837;-0,379977;0;0;3,46781;10,9652;-0,289477;7,115379;10,92564;0,461188;11,0334;10,7424;1,45218;10,99002;10,78679;1,219932;-0,380045;6,036885;0;38,819;20,08965;1,002726;41,84393;21,39523;-0,540183;45,19727;22,68113;-1,711051;45,26112;22,52653;-1,544934;-0,413454;12,60826;0;83,34498;12,07381;-1,420641;134,8141;14,03063;-1,435148;-177,126;16,38269;1,774712;-177,2054;16,39606;1,493327;-0,485496;22,00679;0;82,97962;13,36752;-1,190102;110,9802;15,03487;-1,205822;137,9212;18,41418;0,742822;137,8515;18,2239;0,52111;0;0;0;0;0;0;0;0;0;0;0;0;0;0;0;0;0;0;0;0;0;0;0;0;0;0;0;0;0;0;0;0;0;0;0;0;0;0;0;0;0;0;0;0;0;0;0;0;0;0;0;0;0;0;0;0;0;0;0;0;0;0;0;0;0;0;0;0;0;0;0;0;0;0;0;0;0;0;0;0;0;-65,96758;-23,71743;-54,21817;-124,3941;-47,98069;-96,32616;-169,4297;-67,38512;-127,5015;0;0;0;0;0;0;-50,07148;0,257324;9,623764;-76,67496;0,392441;14,76288;-97,735;0,498556;18,86666;0;0;0;0;0;0;-44,06467;5,699693;21,53814;-66,74944;8,630006;33,00726;-84,27499;10,88977;42,2126;0;0;0;0;0;0;0;0;0;0;0;0;0;0;0;0;0;0;0;0;0;0;0;0;1,756847;-2,714395;6,748437;4,810541;-14,62072;17,17418;12,74767;11,87338;9,258501;11,05828;44,17424;30,05335;4,860671;1,386351;-10,96566;3,58796;3,504758;3,731716;-20,06131;40,36982;3,571387;3,794573;-12,07378;83,49284;51,45575;47,15261;-13,36859;83,17056;27,99613;26,3404;-11,61507;-22,1545;0;0,016937;-9,564227;0,163765;0,003347;0,003147;-10,01701;3,226547;-0,00329;0;0;0;0;0;0;0;3,515625;3,157997;-617,6101;-1447,819;0,290108;2,032471;-433,9324;7,465552;0,200844;0,377655;-642,4186;200,9399;-0,394821;-0,185394;0;0;0;0;0;0;105,5031;94,606
206;3433,333;00:00:03:433;0;0;0;-3,519914;0,050068;3,621712;-5,029499;-3,095993;6,855448;-6,014571;-5,768138;9,781495;-6,701121;-7,798653;12,05244;-2,370207;0;3,621712;-2,370207;0,05009;11,17456;-1,407735;-0,262162;16,15457;-0,896651;-0,593174;18,79063;-0,492353;-0,995534;20,8691;-0,895299;-0,03505;3,621712;-0,101118;0,01504;11,13133;1,46778;-3,489232;15,25331;2,278632;-5,534932;17,37234;2,907827;-7,337576;19,00624;0,443679;-0,000078;3,621712;1,958848;0,050012;10,3956;1,956898;-4,900703;10,96029;1,429368;-6,872481;9,04757;0,709327;-6,76721;6,610618;1,743431;-0,000171;3,621712;3,958467;0,049919;9,102249;3,988765;-3,889036;9,573995;3,759892;-5,78168;8,87037;3,239015;-7,331906;7,245377;0;0;0;-34,33176;-34,60218;114,6238;-29,47102;-34,60221;114,6238;-28,30854;-34,3087;115,0188;-28,30853;-34,3087;115,0188;-0,379977;0;0;3,467702;10,95593;-0,290049;7,115148;10,91637;0,460593;11,033;10,73314;1,451555;10,98966;10,77753;1,219314;-0,380045;6,036885;0;38,81893;20,08671;1,002523;41,84395;21,39229;-0,540357;45,19737;22,6782;-1,711194;45,2612;22,52359;-1,545087;-0,413454;12,60826;0;83,34498;12,07381;-1,420641;134,8141;14,03063;-1,435148;-177,126;16,38269;1,774712;-177,2054;16,39606;1,493327;-0,485496;22,00679;0;82,97962;13,36752;-1,190102;111,0095;15,03487;-1,205823;137,9774;18,41322;0,744639;137,9076;18,22314;0,52273;0;0;0;0;0;0;0,160843;-0,16766;-0,087887;0,300117;-0,305749;-0,166968;0,406623;-0,410065;-0,227898;0;0;0;0;0;0;-0,04852;0,000243;0,009388;-0,074308;0,000369;0,014395;-0,094716;0,000481;0,018418;0;0;0;0;0;0;-0,013366;-0,000246;0,004917;-0,020251;-0,000335;0,007421;-0,02566;-0,000402;0,009298;0;0;0;0;0;0;0;0;0;0;0;0;0;0;0;0;0;0;0;0;0;0;0;0;-0,014618;0,02262;-0,056192;-0,040054;0,122041;-0,143006;0;0;0;0;0;0;9,650586;-10,05962;-5,273222;18,00701;-18,34496;-10,01805;24,39737;-24,6039;-13,6739;0;0;0;0;0;0;-2,911202;0,014585;0,563264;-4,458501;0,022128;0,863671;-5,68293;0,028834;1,10507;0;0;0;0;0;0;-0,801981;-0,014752;0,295043;-1,21504;-0,020117;0,445247;-1,539588;-0,02414;0,557899;0;0;0;0;0;0;0;0;0;0;0;0;0;0;0;0;0;0;0;0;0;0;0;0;-0,877082;1,357198;-3,371536;-2,403259;7,32243;-8,580385;12,75009;11,87012;9,251597;11,05134;44,21266;30,02431;4,860751;1,386351;-10,95637;3,587796;3,504646;3,731716;-20,05838;40,3693;3,571441;3,794625;-12,07378;83,49284;51,45575;47,15261;-13,36859;83,17056;28,02542;26,36673;2,30484;-1,742363;0,004835;0;0,557156;-0,009828;-0,006695;0;0,175667;-0,031357;0,00329;0,003104;0;0;0;0;0;0;1,757469;1,579513;835,1943;1224,728;0,290108;-1,016235;607,283;-10,41555;-0,602531;-0,188828;611,5607;-195,4742;0,394821;0,186253;0;0;0;0;0;0;-105,4893;-94,709
207;3450;00:00:03:450;0;0;0;-3,519914;0,050068;3,621712;-5,029499;-3,095993;6,855448;-6,014571;-5,768138;9,781495;-6,701121;-7,798653;12,05244;-2,370207;0;3,621712;-2,370207;0,05009;11,17456;-1,407735;-0,262162;16,15457;-0,896651;-0,593174;18,79063;-0,492353;-0,995534;20,8691;-0,895299;-0,03505;3,621712;-0,101118;0,01504;11,13133;1,46778;-3,489232;15,25331;2,278632;-5,534932;17,37234;2,907827;-7,337576;19,00624;0,443679;-0,000078;3,621712;1,958848;0,050012;10,3956;1,956898;-4,900703;10,96029;1,429368;-6,872481;9,04757;0,709327;-6,76721;6,610618;1,743431;-0,000171;3,621712;3,958467;0,049919;9,102249;3,988765;-3,889036;9,573995;3,759892;-5,78168;8,87037;3,239015;-7,331906;7,245377;0;0;0;-34,33176;-34,60218;114,6238;-29,47102;-34,60221;114,6238;-28,30854;-34,3087;115,0188;-28,30853;-34,3087;115,0188;-0,379977;0;0;3,467702;10,95593;-0,290049;7,115148;10,91637;0,460593;11,033;10,73314;1,451555;10,98966;10,77753;1,219314;-0,380045;6,036885;0;38,81893;20,08671;1,002523;41,84395;21,39229;-0,540357;45,19737;22,6782;-1,711194;45,2612;22,52359;-1,545087;-0,413454;12,60826;0;83,34498;12,07381;-1,420641;134,8141;14,03063;-1,435148;-177,126;16,38269;1,774712;-177,2054;16,39606;1,493327;-0,485496;22,00679;0;82,97962;13,36752;-1,190102;111,0095;15,03487;-1,205823;137,9774;18,41322;0,744639;137,9076;18,22314;0,52273;0;0;0;0;0;0;0;0;0;0;0;0;0;0;0;0;0;0;0;0;0;0;0;0;0;0;0;0;0;0;0;0;0;0;0;0;0;0;0;0;0;0;0;0;0;0;0;0;0;0;0;0;0;0;0;0;0;0;0;0;0;0;0;0;0;0;0;0;0;0;0;0;0;0;0;0;0;0;0;0;0;-9,650586;10,05962;5,273222;-18,00701;18,34496;10,01805;-24,39737;24,6039;13,6739;0;0;0;0;0;0;2,911202;-0,014585;-0,563264;4,458501;-0,022128;-0,863671;5,68293;-0,028834;-1,10507;0;0;0;0;0;0;0,801981;0,014752;-0,295043;1,21504;0,020117;-0,445247;1,539588;0,02414;-0,557899;0;0;0;0;0;0;0;0;0;0;0;0;0;0;0;0;0;0;0;0;0;0;0;0;0,877082;-1,357198;3,371536;2,403259;-7,32243;8,580385;12,75009;11,87012;9,251597;11,05134;44,21266;30,02431;4,860751;1,386351;-10,95637;3,587796;3,504646;3,731716;-20,05838;40,3693;3,571441;3,794625;-12,07378;83,49284;51,45575;47,15261;-13,36859;83,17056;28,02542;26,36673;2,30484;-1,742363;0,004835;0;0,557156;-0,009828;-0,006695;0;0,175667;-0,031357;0,00329;0,003104;0;0;0;0;0;0;1,757469;1,579513;835,1943;1224,728;0,290108;-1,016235;607,283;-10,41555;-0,602531;-0,188828;611,5607;-195,4742;0,394821;0,186253;0;0;0;0;0;0;-105,4893;-94,709
208;3466,667;00:00:03:467;0;0;0;-3,519914;0,050068;3,621712;-5,026999;-3,098664;6,854013;-6,009907;-5,773011;9,778777;-6,694802;-7,805192;12,04873;-2,370207;0;3,621712;-2,370207;0,05009;11,17456;-1,394169;-0,262229;16,15193;-0,875878;-0,593277;18,78658;-0,465874;-0,995665;20,86392;-0,895299;-0,03505;3,621712;-0,101118;0,01504;11,13133;1,469205;-3,489206;15,25279;2,280794;-5,534894;17,37155;2,910562;-7,337529;19,00524;0,443679;-0,000078;3,621712;1,958848;0,050012;10,3956;1,956898;-4,900703;10,96029;1,429368;-6,872481;9,04757;0,709327;-6,76721;6,610618;1,743431;-0,000171;3,621712;3,958467;0,049919;9,102249;3,988765;-3,889036;9,573995;3,759647;-5,781301;8,869432;3,238348;-7,32987;7,242995;0;0;0;-34,33386;-34,63692;114,6572;-29,47312;-34,63693;114,6572;-28,31092;-34,34342;115,0524;-28,31091;-34,34342;115,0524;-0,379977;0;0;3,469539;11,11147;-0,280444;7,119061;11,07188;0,470593;11,03965;10,88856;1,462056;10,99567;10,93297;1,2297;-0,380045;6,036885;0;38,81938;20,10554;1,003823;41,84385;21,41112;-0,539246;45,19685;22,69702;-1,710249;45,26075;22,54242;-1,544113;-0,413454;12,60826;0;83,34498;12,07381;-1,420641;134,8141;14,03063;-1,435148;-177,126;16,38269;1,774712;-177,2054;16,39606;1,493327;-0,485496;22,00679;0;82,97962;13,36752;-1,190102;111,0388;15,03487;-1,205823;138,0335;18,41225;0,74645;137,9637;18,22239;0,524348;0;0;0;0;0;0;0,14998;-0,160262;-0,086054;0,279821;-0,292383;-0,163078;0,37913;-0,392363;-0,222534;0;0;0;0;0;0;0,813944;-0,004046;-0,158697;1,246395;-0,006169;-0,243455;1,588739;-0,00784;-0,310779;0;0;0;0;0;0;0,085495;0,00152;-0,031292;0,12973;0,00228;-0,047475;0,164107;0,002816;-0,060171;0;0;0;0;0;0;0;0;0;0;0;0;0;0;0;0;0;0;0;0;0;0;0;0;-0,014663;0,022709;-0,056237;-0,04001;0,122175;-0,142872;0;0;0;0;0;0;8,99881;-9,615718;-5,163251;16,78928;-17,54299;-9,784697;22,74781;-23,54175;-13,35204;0;0;0;0;0;0;48,83665;-0,24274;-9,52184;74,78367;-0,370145;-14,60731;95,32436;-0,470392;-18,64671;0;0;0;0;0;0;5,129724;0,091195;-1,877546;7,78377;0,136793;-2,848505;9,846388;0,168979;-3,610253;0;0;0;0;0;0;0;0;0;0;0;0;0;0;0;0;0;0;0;0;0;0;0;0;-0,879764;1,362562;-3,374218;-2,400577;7,330476;-8,572338;12,76232;11,86907;9,245087;11,04484;44,24968;29,99768;4,860711;1,386351;-11,11191;3,590469;3,504702;3,731716;-20,07712;40,37267;3,571441;3,794573;-12,07378;83,49284;51,45575;47,15261;-13,36859;83,17056;28,05472;26,39306;2,221069;-1,597938;-0,002403;0;-9,33237;0,160389;0,003347;0;-1,124496;0,202332;0;-0,003104;0;0;0;0;0;0;1,757927;1,580086;-5,02623;8,665466;-0,434303;0;-593,3715;10,21299;0,602531;0;-78,00979;14,0213;-0,197411;-0,372505;0;0;0;0;0;0;0,027466;0,034332
209;3483,333;00:00:03:483;0;0;0;-3,519914;0,050068;3,621712;-5,027995;-3,095773;6,856364;-6,011738;-5,767645;9,783107;-6,697266;-7,797934;12,05456;-2,370207;0;3,621712;-2,370207;0,05009;11,17456;-1,391931;-0,26224;16,15149;-0,872451;-0,593294;18,7859;-0,461504;-0,995686;20,86306;-0,895299;-0,03505;3,621712;-0,101118;0,01504;11,13133;1,466951;-3,492837;15,25056;2,277309;-5,540392;17,36799;2,90606;-7,344467;19,00048;0,443679;-0,000078;3,621712;1,958848;0,050012;10,3956;1,956898;-4,900703;10,96029;1,429368;-6,872481;9,04757;0,709327;-6,76721;6,610618;1,743431;-0,000171;3,621712;3,958467;0,049919;9,102249;3,988765;-3,889036;9,573995;3,759403;-5,780922;8,868496;3,237682;-7,327832;7,240616;0;0;0;-34,30961;-34,60059;114,6223;-29,44887;-34,6006;114,6223;-28,28645;-34,30721;115,0174;-28,28645;-34,30722;115,0174;-0,379977;0;0;3,469846;11,13715;-0,278857;7,11971;11,09755;0,472245;11,04075;10,91421;1,463792;10,99667;10,95863;1,231416;-0,380045;6,036885;0;38,86585;20,08805;1,002616;41,89122;21,39481;-0,539136;45,24499;22,68162;-1,708851;45,30879;22,52688;-1,542875;-0,413454;12,60826;0;83,34498;12,07381;-1,420641;134,8141;14,03063;-1,435148;-177,126;16,38269;1,774712;-177,2054;16,39606;1,493327;-0,485496;22,00679;0;82,97962;13,36752;-1,190102;111,0681;15,03487;-1,205824;138,0897;18,41129;0,748267;138,0199;18,22162;0,52597;0;0;0;0;0;0;-0,059724;0,173472;0,14104;-0,109859;0,321977;0,259817;-0,147834;0,435501;0,349939;0;0;0;0;0;0;0,1343;-0,000659;-0,026375;0,205658;-0,001006;-0,040591;0,262152;-0,00128;-0,051767;0;0;0;0;0;0;-0,135228;-0,217818;-0,133842;-0,209145;-0,329889;-0,213772;-0,270143;-0,416279;-0,285655;0;0;0;0;0;0;0;0;0;0;0;0;0;0;0;0;0;0;0;0;0;0;0;0;-0,014618;0,022709;-0,056192;-0,039987;0,122264;-0,142738;0;0;0;0;0;0;-12,58224;20,02403;13,62562;-23,38081;36,86159;25,37369;-31,61788;49,67183;34,34837;0;0;0;0;0;0;-40,77863;0,203177;7,939338;-62,44416;0,309795;12,17186;-79,59522;0,393614;15,54072;0;0;0;0;0;0;-13,24341;-13,16026;-6,152987;-20,33248;-19,93015;-9,977817;-26,05498;-25,14571;-13,52906;0;0;0;0;0;0;0;0;0;0;0;0;0;0;0;0;0;0;0;0;0;0;0;0;0,002682;0;0,002682;0,001341;0,005364;0,008047;12,75715;11,86066;9,24968;11,04981;44,20255;29,99621;4,860671;1,38621;-11,1376;3,590905;3,504646;3,731716;-20,0597;40,41727;3,571441;3,794573;-12,07378;83,49284;51,45575;47,15261;-13,36859;83,17056;28,08401;26,41938;-2,827606;-0,088234;-0,002432;-0,008469;-1,540947;0,026178;-0,003347;0;1,045647;2,675857;0;0;0;0;0;0;0;0;1,757469;1,578827;-302,9205;90,58227;-0,001717;-0,508118;467,4854;-8,052634;-0,401688;0;130,2086;148,4115;0;0,186253;0;0;0;0;0;0;-0,027466;-0,075531
210;3500;00:00:03:500;0;0;0;-3,519914;0,050068;3,621712;-5,028188;-3,08963;6,862236;-6,012017;-5,756142;9,793835;-6,697589;-7,782312;12,06895;-2,370207;0;3,621712;-2,370207;0,05009;11,17456;-1,387673;-0,262261;16,15065;-0,865931;-0,593325;18,78461;-0,453194;-0,995726;20,86141;-0,895299;-0,03505;3,621712;-0,101118;0,01504;11,13133;1,466945;-3,492837;15,25056;2,2773;-5,540392;17,36799;2,906048;-7,344467;19,00048;0,443679;-0,000078;3,621712;1,958848;0,050012;10,3956;1,956898;-4,900703;10,96029;1,429368;-6,872481;9,04757;0,709327;-6,76721;6,610618;1,743431;-0,000171;3,621712;3,958467;0,049919;9,102249;3,988765;-3,889036;9,573995;3,758673;-5,779784;8,865687;3,235685;-7,321707;7,233489;0;0;0;-34,23366;-34,52486;114,5495;-29,37292;-34,52488;114,5495;-28,21013;-34,23193;114,9447;-28,21012;-34,23193;114,9447;-0,379977;0;0;3,47043;11,18599;-0,275839;7,120947;11,14638;0,475389;11,04285;10,96301;1,467096;10,99856;11,00743;1,234683;-0,380045;6,036885;0;38,86584;20,08797;1,00261;41,89122;21,39473;-0,539141;45,245;22,68154;-1,708852;45,30878;22,5268;-1,542882;-0,413454;12,60826;0;83,34498;12,07381;-1,420641;134,8141;14,03063;-1,435148;-177,126;16,38269;1,774712;-177,2054;16,39606;1,493327;-0,485496;22,00679;0;82,97962;13,36752;-1,190102;111,156;15,03487;-1,205821;138,2583;18,40839;0,753703;138,1882;18,21935;0,530824;0;0;0;0;0;0;-0,011623;0,368536;0,352308;-0,016764;0,690155;0,643685;-0,019401;0,937298;0,863448;0;0;0;0;0;0;0,255453;-0,001235;-0,050426;0,391172;-0,001886;-0,077248;0,498611;-0,002392;-0,098705;0;0;0;0;0;0;-0,000358;0;0,000089;-0,000536;0;0,000179;-0,000693;0;0,000268;0;0;0;0;0;0;0;0;0;0;0;0;0;0;0;0;0;0;0;0;0;0;0;0;-0,043832;0,068307;-0,168532;-0,119783;0,367507;-0,427678;0;0;0;0;0;0;2,886056;11,70382;12,67612;5,5857;22,09067;23,03213;7,705986;30,10779;30,81053;0;0;0;0;0;0;7,269121;-0,034533;-1,443028;11,13083;-0,052806;-2,199411;14,18754;-0,06672;-2,816319;0;0;0;0;0;0;8,092223;13,06906;8,035896;12,51653;19,79336;12,83705;16,16701;24,97673;17,15541;0;0;0;0;0;0;0;0;0;0;0;0;0;0;0;0;0;0;0;0;0;0;0;0;-1,752824;2,735853;-6,740391;-4,787742;14,7146;-17,0964;12,74196;11,8519;9,256689;11,0573;44,09464;29,95925;4,860751;1,386492;-11,18643;3,591778;3,504702;3,731716;-20,05962;40,41725;3,571441;3,794625;-12,07378;83,49284;51,45575;47,15261;-13,36859;83,17056;28,1719;26,49836;-6,474838;-2,217636;0,004835;0,016944;-2,929916;0,052357;0,003347;0;0,004807;-0,001373;0;0,003104;0;0;0;0;0;0;5,273094;4,739227;-218,8339;-127,7641;0,43602;1,524782;-83,33815;1,570701;0,401688;0;-62,45041;-160,6338;0;0,186253;0;0;0;0;0;0;210,9375;189,624
211;3516,667;00:00:03:517;0;0;0;-3,519914;0,050068;3,621712;-5,028188;-3,08963;6,862236;-6,012017;-5,756142;9,793835;-6,697589;-7,782312;12,06895;-2,370207;0;3,621712;-2,370207;0,05009;11,17456;-1,387673;-0,262261;16,15065;-0,865931;-0,593325;18,78461;-0,453194;-0,995726;20,86141;-0,895299;-0,03505;3,621712;-0,101118;0,01504;11,13133;1,466945;-3,492837;15,25056;2,2773;-5,540392;17,36799;2,906048;-7,344467;19,00048;0,443679;-0,000078;3,621712;1,958848;0,050012;10,3956;1,956898;-4,900703;10,96029;1,429368;-6,872481;9,04757;0,709327;-6,76721;6,610618;1,743431;-0,000171;3,621712;3,958467;0,049919;9,102249;3,988765;-3,889036;9,573995;3,758673;-5,779784;8,865687;3,235685;-7,321707;7,233489;0;0;0;-34,23366;-34,52486;114,5495;-29,37292;-34,52488;114,5495;-28,21013;-34,23193;114,9447;-28,21012;-34,23193;114,9447;-0,379977;0;0;3,47043;11,18599;-0,275839;7,120947;11,14638;0,475389;11,04285;10,96301;1,467096;10,99856;11,00743;1,234683;-0,380045;6,036885;0;38,86584;20,08797;1,00261;41,89122;21,39473;-0,539141;45,245;22,68154;-1,708852;45,30878;22,5268;-1,542882;-0,413454;12,60826;0;83,34498;12,07381;-1,420641;134,8141;14,03063;-1,435148;-177,126;16,38269;1,774712;-177,2054;16,39606;1,493327;-0,485496;22,00679;0;82,97962;13,36752;-1,190102;111,156;15,03487;-1,205821;138,2583;18,40839;0,753703;138,1882;18,21935;0,530824;0;0;0;0;0;0;0;0;0;0;0;0;0;0;0;0;0;0;0;0;0;0;0;0;0;0;0;0;0;0;0;0;0;0;0;0;0;0;0;0;0;0;0;0;0;0;0;0;0;0;0;0;0;0;0;0;0;0;0;0;0;0;0;0;0;0;0;0;0;0;0;0;0;0;0;0;0;0;0;0;0;0,697374;-22,11213;-21,13849;1,005828;-41,40928;-38,62112;1,164078;-56,23787;-51,80687;0;0;0;0;0;0;-15,32715;0,074096;3,025532;-23,47033;0,113156;4,634856;-29,91669;0,143498;5,922317;0;0;0;0;0;0;0,021458;0;-0,005364;0,032187;0;-0,010729;0,041574;0;-0,016093;0;0;0;0;0;0;0;0;0;0;0;0;0;0;0;0;0;0;0;0;0;0;0;0;2,629905;-4,098414;10,11193;7,186978;-22,05044;25,66069;12,74196;11,8519;9,256689;11,0573;44,09464;29,95925;4,860751;1,386492;-11,18643;3,591778;3,504702;3,731716;-20,05962;40,41725;3,571441;3,794625;-12,07378;83,49284;51,45575;47,15261;-13,36859;83,17056;28,1719;26,49836;-6,474838;-2,217636;0,004835;0,016944;-2,929916;0,052357;0,003347;0;0,004807;-0,001373;0;0,003104;0;0;0;0;0;0;5,273094;4,739227;-218,8339;-127,7641;0,43602;1,524782;-83,33815;1,570701;0,401688;0;-62,45041;-160,6338;0;0,186253;0;0;0;0;0;0;210,9375;189,624
212;3533,333;00:00:03:533;0;0;0;-3,519914;0,050068;3,621712;-5,025063;-3,090026;6,863305;-6,006145;-5,756718;9,795661;-6,689607;-7,78299;12,07132;-2,370207;0;3,621712;-2,370207;0,05009;11,17456;-1,38663;-0,262266;16,15044;-0,864333;-0,593333;18,78429;-0,451157;-0,995736;20,86101;-0,895299;-0,03505;3,621712;-0,101118;0,01504;11,13133;1,467829;-3,492821;15,25024;2,278641;-5,540369;17,3675;2,907745;-7,344439;18,99986;0,443679;-0,000078;3,621712;1,958848;0,050012;10,3956;1,956898;-4,900703;10,96029;1,429368;-6,872481;9,04757;0,709327;-6,76721;6,610618;1,743431;-0,000171;3,621712;3,958467;0,049919;9,102249;3,988765;-3,889036;9,573995;3,757699;-5,778259;8,861944;3,233031;-7,313514;7,224009;0;0;0;-34,19857;-34,53206;114,5564;-29,33784;-34,53207;114,5564;-28,17523;-34,23932;114,952;-28,17522;-34,23933;114,9519;-0,379977;0;0;3,470573;11,19796;-0,275099;7,121252;11,15835;0,47616;11,04336;10,97497;1,467906;10,99903;11,0194;1,235483;-0,380045;6,036885;0;38,86612;20,09965;1,003417;41,89115;21,40642;-0,538451;45,24467;22,69322;-1,708269;45,30851;22,53849;-1,542276;-0,413454;12,60826;0;83,34498;12,07381;-1,420641;134,8141;14,03063;-1,435148;-177,126;16,38269;1,774712;-177,2054;16,39606;1,493327;-0,485496;22,00679;0;82,97962;13,36752;-1,190102;111,2733;15,03487;-1,20582;138,483;18,4045;0,760947;138,4127;18,2163;0,537293;0;0;0;0;0;0;0,187531;-0,023738;0,064149;0,352308;-0,034556;0,109568;0,478953;-0,04068;0,142157;0;0;0;0;0;0;0,062613;-0,000303;-0,012428;0,095878;-0,000461;-0,019044;0,122219;-0,000587;-0,02414;0;0;0;0;0;0;0,053041;0,000916;-0,019401;0,080489;0,001408;-0,029504;0,101812;0,001699;-0,037283;0;0;0;0;0;0;0;0;0;0;0;0;0;0;0;0;0;0;0;0;0;0;0;0;-0,058405;0,091508;-0,22459;-0,159256;0,491604;-0,568762;0;0;0;0;0;0;11,25187;-1,424253;3,848969;21,13849;-2,073347;6,574094;28,73718;-2,44081;8,529423;0;0;0;0;0;0;3,756769;-0,018189;-0,745654;5,752667;-0,02766;-1,142621;7,333158;-0,035204;-1,448393;0;0;0;0;0;0;3,182441;0,054985;-1,164078;4,829317;0,08449;-1,770258;6,108731;0,101924;-2,236962;0;0;0;0;0;0;0;0;0;0;0;0;0;0;0;0;0;0;0;0;0;0;0;0;-3,504306;5,490481;-13,47542;-9,555368;29,49625;-34,12574;12,73749;11,84509;9,251776;11,05331;44,08879;29,90658;4,860671;1,386351;-11,19839;3,591941;3,504702;3,731716;-20,07125;40,41933;3,571441;3,794573;-12,07378;83,49284;51,45575;47,15261;-13,36859;83,17056;28,28908;26,60367;-0,350418;-3,159942;-0,004835;-0,008476;-0,717831;0,009799;0;0;-0,698204;0,12497;0;-0,003104;0;0;0;0;0;0;7,031021;6,318626;367,4651;-56,53837;-0,580215;-1,525211;132,7251;-2,553463;-0,200844;0;-42,18063;7,580565;0;-0,372505;0;0;0;0;0;0;105,4756;94,76394
213;3550;00:00:03:550;0;0;0;-3,519914;0,050068;3,621712;-5,025063;-3,090026;6,863305;-6,006145;-5,756718;9,795661;-6,689607;-7,78299;12,07132;-2,370207;0;3,621712;-2,370207;0,05009;11,17456;-1,38663;-0,262266;16,15044;-0,864333;-0,593333;18,78429;-0,451157;-0,995736;20,86101;-0,895299;-0,03505;3,621712;-0,101118;0,01504;11,13133;1,467829;-3,492821;15,25024;2,278641;-5,540369;17,3675;2,907745;-7,344439;18,99986;0,443679;-0,000078;3,621712;1,958848;0,050012;10,3956;1,956898;-4,900703;10,96029;1,429368;-6,872481;9,04757;0,709327;-6,76721;6,610618;1,743431;-0,000171;3,621712;3,958467;0,049919;9,102249;3,988765;-3,889036;9,573995;3,757699;-5,778259;8,861944;3,233031;-7,313514;7,224009;0;0;0;-34,19857;-34,53206;114,5564;-29,33784;-34,53207;114,5564;-28,17523;-34,23932;114,952;-28,17522;-34,23933;114,9519;-0,379977;0;0;3,470573;11,19796;-0,275099;7,121252;11,15835;0,47616;11,04336;10,97497;1,467906;10,99903;11,0194;1,235483;-0,380045;6,036885;0;38,86612;20,09965;1,003417;41,89115;21,40642;-0,538451;45,24467;22,69322;-1,708269;45,30851;22,53849;-1,542276;-0,413454;12,60826;0;83,34498;12,07381;-1,420641;134,8141;14,03063;-1,435148;-177,126;16,38269;1,774712;-177,2054;16,39606;1,493327;-0,485496;22,00679;0;82,97962;13,36752;-1,190102;111,2733;15,03487;-1,20582;138,483;18,4045;0,760947;138,4127;18,2163;0,537293;0;0;0;0;0;0;0;0;0;0;0;0;0;0;0;0;0;0;0;0;0;0;0;0;0;0;0;0;0;0;0;0;0;0;0;0;0;0;0;0;0;0;0;0;0;0;0;0;0;0;0;0;0;0;0;0;0;0;0;0;0;0;0;0;0;0;0;0;0;0;0;0;0;0;0;0;0;0;0;0;0;-11,25187;1,424253;-3,848969;-21,13849;2,073347;-6,574094;-28,73718;2,44081;-8,529423;0;0;0;0;0;0;-3,756769;0,018189;0,745654;-5,752667;0,02766;1,142621;-7,333158;0,035204;1,448393;0;0;0;0;0;0;-3,182441;-0,054985;1,164078;-4,829317;-0,08449;1,770258;-6,108731;-0,101924;2,236962;0;0;0;0;0;0;0;0;0;0;0;0;0;0;0;0;0;0;0;0;0;0;0;0;3,504306;-5,490481;13,47542;9,555368;-29,49625;34,12574;12,73749;11,84509;9,251776;11,05331;44,08879;29,90658;4,860671;1,386351;-11,19839;3,591941;3,504702;3,731716;-20,07125;40,41933;3,571441;3,794573;-12,07378;83,49284;51,45575;47,15261;-13,36859;83,17056;28,28908;26,60367;-0,350418;-3,159942;-0,004835;-0,008476;-0,717831;0,009799;0;0;-0,698204;0,12497;0;-0,003104;0;0;0;0;0;0;7,031021;6,318626;367,4651;-56,53837;-0,580215;-1,525211;132,7251;-2,553463;-0,200844;0;-42,18063;7,580565;0;-0,372505;0;0;0;0;0;0;105,4756;94,76394
214;3566,667;00:00:03:567;0;0;0;-3,519914;0,050068;3,621712;-5,025063;-3,090026;6,863305;-6,006145;-5,756718;9,795661;-6,689607;-7,78299;12,07132;-2,370207;0;3,621712;-2,370207;0,05009;11,17456;-1,38663;-0,262266;16,15044;-0,864333;-0,593333;18,78429;-0,451157;-0,995736;20,86101;-0,895299;-0,03505;3,621712;-0,101118;0,01504;11,13133;1,467829;-3,492821;15,25024;2,278641;-5,540369;17,3675;2,907745;-7,344439;18,99986;0,443679;-0,000078;3,621712;1,958848;0,050012;10,3956;1,956898;-4,900703;10,96029;1,429368;-6,872481;9,04757;0,709327;-6,76721;6,610618;1,743431;-0,000171;3,621712;3,958467;0,049919;9,102249;3,988765;-3,889036;9,573995;3,757699;-5,778259;8,861944;3,233031;-7,313514;7,224009;0;0;0;-34,19857;-34,53206;114,5564;-29,33784;-34,53207;114,5564;-28,17523;-34,23932;114,952;-28,17522;-34,23933;114,9519;-0,379977;0;0;3,470573;11,19796;-0,275099;7,121252;11,15835;0,47616;11,04336;10,97497;1,467906;10,99903;11,0194;1,235483;-0,380045;6,036885;0;38,86612;20,09965;1,003417;41,89115;21,40642;-0,538451;45,24467;22,69322;-1,708269;45,30851;22,53849;-1,542276;-0,413454;12,60826;0;83,34498;12,07381;-1,420641;134,8141;14,03063;-1,435148;-177,126;16,38269;1,774712;-177,2054;16,39606;1,493327;-0,485496;22,00679;0;82,97962;13,36752;-1,190102;111,2733;15,03487;-1,20582;138,483;18,4045;0,760947;138,4127;18,2163;0,537293;0;0;0;0;0;0;0;0;0;0;0;0;0;0;0;0;0;0;0;0;0;0;0;0;0;0;0;0;0;0;0;0;0;0;0;0;0;0;0;0;0;0;0;0;0;0;0;0;0;0;0;0;0;0;0;0;0;0;0;0;0;0;0;0;0;0;0;0;0;0;0;0;0;0;0;0;0;0;0;0;0;0;0;0;0;0;0;0;0;0;0;0;0;0;0;0;0;0;0;0;0;0;0;0;0;0;0;0;0;0;0;0;0;0;0;0;0;0;0;0;0;0;0;0;0;0;0;0;0;0;0;0;0;0;0;0;0;0;0;0;0;0;0;0;0;0;0;0;0;0;12,73749;11,84509;9,251776;11,05331;44,08879;29,90658;4,860671;1,386351;-11,19839;3,591941;3,504702;3,731716;-20,07125;40,41933;3,571441;3,794573;-12,07378;83,49284;51,45575;47,15261;-13,36859;83,17056;28,28908;26,60367;0;0;0;0;0;0;0;0;0;0;0;0;0;0;0;0;0;0;0;0;21,02508;189,5965;0,290108;0,508547;43,06983;-0,58794;0;0;41,89223;-7,498168;0;0,186253;0;0;0;0;0;0;-421,8612;-379,1175
215;3583,333;00:00:03:583;0;0;0;-3,519914;0,050068;3,621712;-5,01949;-3,095953;6,86014;-5,995749;-5,76753;9,789658;-6,67552;-7,797497;12,06313;-2,370207;0;3,621712;-2,370207;0,05009;11,17456;-1,382915;-0,262284;16,1497;-0,858646;-0,59336;18,78316;-0,443908;-0,99577;20,85957;-0,895299;-0,03505;3,621712;-0,101118;0,01504;11,13133;1,468266;-3,492814;15,25008;2,279305;-5,540357;17,36725;2,908585;-7,344422;18,99955;0,443679;-0,000078;3,621712;1,958848;0,050012;10,3956;1,956898;-4,900703;10,96029;1,429368;-6,872481;9,04757;0,709327;-6,76721;6,610618;1,743431;-0,000171;3,621712;3,958467;0,049919;9,102249;3,988765;-3,889036;9,573995;3,75697;-5,77711;8,859138;3,231046;-7,307348;7,216916;0;0;0;-34,20274;-34,60918;114,6305;-29,342;-34,6092;114,6305;-28,18002;-34,31642;115,0263;-28,18003;-34,31642;115,0264;-0,379977;0;0;3,471086;11,24057;-0,272463;7,122334;11,20095;0,478905;11,04519;11,01755;1,47079;11,00068;11,06199;1,238336;-0,380045;6,036885;0;38,86626;20,10544;1,003815;41,89112;21,4122;-0,53811;45,24451;22,699;-1,707976;45,30836;22,54427;-1,54198;-0,413454;12,60826;0;83,34498;12,07381;-1,420641;134,8141;14,03063;-1,435148;-177,126;16,38269;1,774712;-177,2054;16,39606;1,493327;-0,485496;22,00679;0;82,97962;13,36752;-1,190102;111,3611;15,03487;-1,205825;138,6516;18,40159;0,766373;138,5811;18,21401;0,54214;0;0;0;0;0;0;0,334382;-0,355616;-0,1899;0,623792;-0,648737;-0,360221;0,845164;-0,870377;-0,491604;0;0;0;0;0;0;0,222847;-0,001063;-0,044167;0,34125;-0,001621;-0,06777;0,434965;-0,002056;-0,086725;0;0;0;0;0;0;0,026241;0,000469;-0,009567;0,039831;0,000693;-0,014573;0,050381;0,000983;-0,018418;0;0;0;0;0;0;0;0;0;0;0;0;0;0;0;0;0;0;0;0;0;0;0;0;-0,043787;0,068977;-0,168353;-0,119135;0,369966;-0,425577;0;0;0;0;0;0;20,06292;-21,33697;-11,39402;37,42754;-38,92421;-21,61324;50,70984;-52,22261;-29,49625;0;0;0;0;0;0;13,37081;-0,063786;-2,650022;20,47498;-0,09723;-4,066228;26,09789;-0,123382;-5,203485;0;0;0;0;0;0;1,574457;0,028163;-0,573993;2,389848;0,041574;-0,8744;3,022849;0,059009;-1,10507;0;0;0;0;0;0;0;0;0;0;0;0;0;0;0;0;0;0;0;0;0;0;0;0;-2,627223;4,138648;-10,1012;-7,148086;22,19796;-25,53463;12,74652;11,83952;9,237282;11,0393;44,17077;29,84683;4,860751;1,38621;-11,24101;3,592704;3,504646;3,731716;-20,077;40,42038;3,571441;3,794573;-12,07378;83,49284;51,45575;47,15261;-13,36859;83,17056;28,37697;26,68265;4,918441;-3,584976;0,004835;-0,008469;-2,556953;0,045776;-0,003347;0;-0,345039;0,062943;0;0;0;0;0;0;0;0;5,273323;4,738426;295,1065;-215,0985;0,290108;-0,508118;-153,4172;2,746582;-0,200844;0;-20,70236;3,77655;0;0;0;0;0;0;0;0;316,3994;284,3055
216;3600;00:00:03:600;0;0;0;-3,519914;0,050068;3,621712;-5,026181;-3,092727;6,860167;-6,008286;-5,76184;9,789976;-6,692544;-7,789987;12,06373;-2,370207;0;3,621712;-2,370207;0,05009;11,17456;-1,381826;-0,262289;16,14949;-0,856977;-0,593368;18,78284;-0,441781;-0,99578;20,85914;-0,895299;-0,03505;3,621712;-0,101118;0,01504;11,13133;1,457967;-3,492994;15,25384;2,263676;-5,54063;17,37296;2,888813;-7,344769;19,00677;0,443679;-0,000078;3,621712;1,958848;0,050012;10,3956;1,956898;-4,900703;10,96029;1,429368;-6,872481;9,04757;0,709327;-6,76721;6,610618;1,743431;-0,000171;3,621712;3,958467;0,049919;9,102249;3,988765;-3,889036;9,573995;3,756727;-5,776726;8,858204;3,230385;-7,30529;7,214557;0;0;0;-34,24738;-34,56446;114,5875;-29,38664;-34,56447;114,5875;-28,22414;-34,27144;114,9829;-28,22413;-34,27145;114,9829;-0,379977;0;0;3,471237;11,25307;-0,27169;7,122653;11,21345;0,479711;11,04573;11,03004;1,471637;11,00117;11,07448;1,239173;-0,380045;6,036885;0;38,86304;19,96931;0,994431;41,89183;21,27605;-0,54614;45,24823;22,56289;-1,714831;45,31164;22,40814;-1,549007;-0,413454;12,60826;0;83,34498;12,07381;-1,420641;134,8141;14,03063;-1,435148;-177,126;16,38269;1,774712;-177,2054;16,39606;1,493327;-0,485496;22,00679;0;82,97962;13,36752;-1,190102;111,3904;15,03487;-1,205828;138,7077;18,40061;0,76818;138,6372;18,21324;0,543757;0;0;0;0;0;0;-0,401482;0,193544;0,001609;-0,752226;0,341423;0,019133;-1,021385;0,450611;0,035897;0;0;0;0;0;0;0,065379;-0,000314;-0,013053;0,100108;-0,000481;-0,019848;0,127606;-0,000609;-0,025392;0;0;0;0;0;0;-0,617981;-0,010818;0,225484;-0,937767;-0,016384;0,342071;-1,186252;-0,020787;0,43273;0;0;0;0;0;0;0;0;0;0;0;0;0;0;0;0;0;0;0;0;0;0;0;0;-0,014551;0,023022;-0,056058;-0,03963;0,123471;-0,141576;0;0;0;0;0;0;-44,15184;32,94959;11,49058;-82,56107;59,40958;22,76122;-111,993;79,25927;31,65006;0;0;0;0;0;0;-9,44808;0,044927;1,866817;-14,4685;0,068396;2,875328;-18,44153;0,086837;3,67999;0;0;0;0;0;0;-38,65331;-0,677258;14,10305;-58,65588;-1,024604;21,39866;-74,19794;-1,306236;27,06885;0;0;0;0;0;0;0;0;0;0;0;0;0;0;0;0;0;0;0;0;0;0;0;0;1,754165;-2,75731;6,737709;4,770308;-14,7897;17,04007;12,75118;11,84088;9,250415;11,05504;44,14115;29,94406;4,860751;1,386351;-11,25351;3,592922;3,504646;3,731664;-19,94152;40,39605;3,571496;3,794625;-12,07378;83,49284;51,45575;47,15261;-13,36859;83,17056;28,40627;26,70897;-1,777038;5,83374;0;0,008469;-0,750103;0,013089;0;-0,003147;8,129196;-1,459808;0,00329;0,003104;0;0;0;0;0;0;1,757812;1,579056;-401,7288;565,1229;-0,290108;1,016235;108,411;-1,961231;0,200844;-0,188828;508,4541;-91,36504;0,197411;0,186253;0;0;0;0;0;0;-210,9306;-189,5622
217;3616,667;00:00:03:617;0;0;0;-3,519914;0,050068;3,621712;-5,020699;-3,087797;6,867484;-5,997909;-5,75231;9,803113;-6,678383;-7,776858;12,0812;-2,370207;0;3,621712;-2,370207;0,05009;11,17456;-1,37913;-0,262302;16,14895;-0,852848;-0,593387;18,78201;-0,436518;-0,995805;20,85809;-0,895299;-0,03505;3,621712;-0,101118;0,01504;11,13133;1,456432;-3,49302;15,25439;2,261346;-5,54067;17,3738;2,885866;-7,34482;19,00784;0,443679;-0,000078;3,621712;1,958848;0,050012;10,3956;1,956898;-4,900703;10,96029;1,429368;-6,872481;9,04757;0,709327;-6,76721;6,610618;1,743431;-0,000171;3,621712;3,958467;0,049919;9,102249;3,988765;-3,889036;9,573995;3,755028;-5,774024;8,851666;3,225775;-7,290821;7,198083;0;0;0;-34,1142;-34,50797;114,5333;-29,25347;-34,50798;114,5333;-28,09095;-34,21571;114,9292;-28,09094;-34,21572;114,9292;-0,379977;0;0;3,471611;11,28401;-0,269777;7,12344;11,24438;0,481705;11,04707;11,06096;1,473734;11,00238;11,1054;1,241246;-0,380045;6,036885;0;38,86257;19,94903;0,993033;41,89192;21,25576;-0,54734;45,24878;22,54261;-1,715857;45,31213;22,38786;-1,550058;-0,413454;12,60826;0;83,34498;12,07381;-1,420641;134,8141;14,03063;-1,435148;-177,126;16,38269;1,774712;-177,2054;16,39606;1,493327;-0,485496;22,00679;0;82,97962;13,36752;-1,190102;111,5956;15,03487;-1,205824;139,101;18,39377;0,780822;139,0301;18,20787;0,555056;0;0;0;0;0;0;0,328951;0,295803;0,439033;0,622652;0,571825;0,788167;0,849634;0,78772;1,048475;0;0;0;0;0;0;0,161776;-0,000761;-0,032187;0,24773;-0,001162;-0,049531;0,315774;-0,001481;-0,063121;0;0;0;0;0;0;-0,092112;-0,001565;0,033349;-0,139765;-0,002392;0,050873;-0,176847;-0,003085;0,064284;0;0;0;0;0;0;0;0;0;0;0;0;0;0;0;0;0;0;0;0;0;0;0;0;-0,101969;0,16214;-0,392273;-0,276603;0,868142;-0,988394;0;0;0;0;0;0;43,82595;6,135552;26,24541;82,49267;13,8241;46,14204;112,2612;20,22654;60,75471;0;0;0;0;0;0;5,783848;-0,026822;-1,147985;8,857324;-0,040904;-1,780987;11,29009;-0,052303;-2,263784;0;0;0;0;0;0;31,55216;0,555217;-11,52813;47,8801;0,839531;-17,47191;60,56427;1,062155;-22,10677;0;0;0;0;0;0;0;0;0;0;0;0;0;0;0;0;0;0;0;0;0;0;0;0;-5,245059;8,347033;-20,17289;-14,21839;44,68023;-50,80908;12,72703;11,81693;9,247971;11,05321;44,03158;29,81495;4,860711;1,386351;-11,28444;3,593413;3,504702;3,731664;-19,92133;40,39243;3,571441;3,794625;-12,07378;83,49284;51,45575;47,15261;-13,36859;83,17056;28,61133;26,89326;-6,574172;-7,746505;-0,002403;0;-1,855945;0,029426;0,003347;0;1,211243;-0,217209;-0,00329;0;0;0;0;0;0;0;12,30354;11,05751;-287,828;-814,8146;-0,144196;-0,508118;-66,35055;0,980186;0,200844;0,188828;-415,0772;74,55596;-0,394821;-0,186253;0;0;0;0;0;0;632,7438;568,7072
218;3633,333;00:00:03:633;0;0;0;-3,519914;0,050068;3,621712;-5,020699;-3,087797;6,867484;-5,997909;-5,75231;9,803113;-6,678383;-7,776858;12,0812;-2,370207;0;3,621712;-2,370207;0,05009;11,17456;-1,37913;-0,262302;16,14895;-0,852848;-0,593387;18,78201;-0,436518;-0,995805;20,85809;-0,895299;-0,03505;3,621712;-0,101118;0,01504;11,13133;1,456432;-3,49302;15,25439;2,261346;-5,54067;17,3738;2,885866;-7,34482;19,00784;0,443679;-0,000078;3,621712;1,958848;0,050012;10,3956;1,956898;-4,900703;10,96029;1,429368;-6,872481;9,04757;0,709327;-6,76721;6,610618;1,743431;-0,000171;3,621712;3,958467;0,049919;9,102249;3,988765;-3,889036;9,573995;3,755028;-5,774024;8,851666;3,225775;-7,290821;7,198083;0;0;0;-34,1142;-34,50797;114,5333;-29,25347;-34,50798;114,5333;-28,09095;-34,21571;114,9292;-28,09094;-34,21572;114,9292;-0,379977;0;0;3,471611;11,28401;-0,269777;7,12344;11,24438;0,481705;11,04707;11,06096;1,473734;11,00238;11,1054;1,241246;-0,380045;6,036885;0;38,86257;19,94903;0,993033;41,89192;21,25576;-0,54734;45,24878;22,54261;-1,715857;45,31213;22,38786;-1,550058;-0,413454;12,60826;0;83,34498;12,07381;-1,420641;134,8141;14,03063;-1,435148;-177,126;16,38269;1,774712;-177,2054;16,39606;1,493327;-0,485496;22,00679;0;82,97962;13,36752;-1,190102;111,5956;15,03487;-1,205824;139,101;18,39377;0,780822;139,0301;18,20787;0,555056;0;0;0;0;0;0;0;0;0;0;0;0;0;0;0;0;0;0;0;0;0;0;0;0;0;0;0;0;0;0;0;0;0;0;0;0;0;0;0;0;0;0;0;0;0;0;0;0;0;0;0;0;0;0;0;0;0;0;0;0;0;0;0;0;0;0;0;0;0;0;0;0;0;0;0;0;0;0;0;0;0;-19,73703;-17,74817;-26,34197;-37,35914;-34,30947;-47,29002;-50,97807;-47,2632;-62,90852;0;0;0;0;0;0;-9,706577;0,045681;1,93119;-14,8638;0,069737;2,971887;-18,94645;0,088848;3,787279;0;0;0;0;0;0;5,526691;0,093877;-2,000928;8,385925;0,143498;-3,052354;10,61082;0,185072;-3,857016;0;0;0;0;0;0;0;0;0;0;0;0;0;0;0;0;0;0;0;0;0;0;0;0;6,118118;-9,728371;23,53638;16,59616;-52,0885;59,30363;12,72703;11,81693;9,247971;11,05321;44,03158;29,81495;4,860711;1,386351;-11,28444;3,593413;3,504702;3,731664;-19,92133;40,39243;3,571441;3,794625;-12,07378;83,49284;51,45575;47,15261;-13,36859;83,17056;28,61133;26,89326;0;0;0;0;0;0;0;0;0;0;0;0;0;0;0;0;0;0;0;0;394,4503;464,7903;0,144196;0;111,3567;-1,765537;-0,200844;0;-72,67455;13,03253;0,197411;0;0;0;0;0;0;0;-738,2125;-663,4505
219;3650;00:00:03:650;0;0;0;-3,519914;0,050068;3,621712;-5,020699;-3,087797;6,867484;-5,997909;-5,75231;9,803113;-6,678383;-7,776858;12,0812;-2,370207;0;3,621712;-2,370207;0,05009;11,17456;-1,37913;-0,262302;16,14895;-0,852848;-0,593387;18,78201;-0,436518;-0,995805;20,85809;-0,895299;-0,03505;3,621712;-0,101118;0,01504;11,13133;1,456432;-3,49302;15,25439;2,261346;-5,54067;17,3738;2,885866;-7,34482;19,00784;0,443679;-0,000078;3,621712;1,958848;0,050012;10,3956;1,956898;-4,900703;10,96029;1,429368;-6,872481;9,04757;0,709327;-6,76721;6,610618;1,743431;-0,000171;3,621712;3,958467;0,049919;9,102249;3,988765;-3,889036;9,573995;3,755028;-5,774024;8,851666;3,225775;-7,290821;7,198083;0;0;0;-34,1142;-34,50797;114,5333;-29,25347;-34,50798;114,5333;-28,09095;-34,21571;114,9292;-28,09094;-34,21572;114,9292;-0,379977;0;0;3,471611;11,28401;-0,269777;7,12344;11,24438;0,481705;11,04707;11,06096;1,473734;11,00238;11,1054;1,241246;-0,380045;6,036885;0;38,86257;19,94903;0,993033;41,89192;21,25576;-0,54734;45,24878;22,54261;-1,715857;45,31213;22,38786;-1,550058;-0,413454;12,60826;0;83,34498;12,07381;-1,420641;134,8141;14,03063;-1,435148;-177,126;16,38269;1,774712;-177,2054;16,39606;1,493327;-0,485496;22,00679;0;82,97962;13,36752;-1,190102;111,5956;15,03487;-1,205824;139,101;18,39377;0,780822;139,0301;18,20787;0,555056;0;0;0;0;0;0;0;0;0;0;0;0;0;0;0;0;0;0;0;0;0;0;0;0;0;0;0;0;0;0;0;0;0;0;0;0;0;0;0;0;0;0;0;0;0;0;0;0;0;0;0;0;0;0;0;0;0;0;0;0;0;0;0;0;0;0;0;0;0;0;0;0;0;0;0;0;0;0;0;0;0;0;0;0;0;0;0;0;0;0;0;0;0;0;0;0;0;0;0;0;0;0;0;0;0;0;0;0;0;0;0;0;0;0;0;0;0;0;0;0;0;0;0;0;0;0;0;0;0;0;0;0;0;0;0;0;0;0;0;0;0;0;0;0;0;0;0;0;0;0;12,72703;11,81693;9,247971;11,05321;44,03158;29,81495;4,860711;1,386351;-11,28444;3,593413;3,504702;3,731664;-19,92133;40,39243;3,571441;3,794625;-12,07378;83,49284;51,45575;47,15261;-13,36859;83,17056;28,61133;26,89326;0;0;0;0;0;0;0;0;0;0;0;0;0;0;0;0;0;0;0;0;394,4503;464,7903;0,144196;0;111,3567;-1,765537;-0,200844;0;-72,67455;13,03253;0,197411;0;0;0;0;0;0;0;-738,2125;-663,4505
220;3666,667;00:00:03:667;0;0;0;-3,519914;0,050068;3,621712;-5,017693;-3,082741;6,873751;-5,992187;-5,742676;9,814429;-6,670554;-7,763669;12,0963;-2,370207;0;3,621712;-2,370207;0,05009;11,17456;-1,377225;-0,26231;16,14857;-0,849932;-0,593401;18,78143;-0,432801;-0,995822;20,85735;-0,895299;-0,03505;3,621712;-0,101118;0,01504;11,13133;1,455461;-3,493037;15,25474;2,259874;-5,540695;17,37433;2,884004;-7,344851;19,00851;0,443679;-0,000078;3,621712;1,958848;0,050012;10,3956;1,956898;-4,900703;10,96029;1,429368;-6,872481;9,04757;0,709327;-6,76721;6,610618;1,743431;-0,000171;3,621712;3,958467;0,049919;9,102249;3,988765;-3,889036;9,573995;3,753816;-5,772079;8,847003;3,222497;-7,280429;7,186369;0;0;0;-34,01152;-34,44814;114,476;-29,15078;-34,44815;114,476;-27,98812;-34,15647;114,8722;-27,98811;-34,15648;114,8722;-0,379977;0;0;3,471876;11,30587;-0,268424;7,123997;11,26624;0,483114;11,04801;11,0828;1,475214;11,00323;11,12724;1,24271;-0,380045;6,036885;0;38,86227;19,93621;0,992153;41,89199;21,24294;-0,548093;45,24913;22,52979;-1,7165;45,31244;22,37505;-1,550719;-0,413454;12,60826;0;83,34498;12,07381;-1,420641;134,8141;14,03063;-1,435148;-177,126;16,38269;1,774712;-177,2054;16,39606;1,493327;-0,485496;22,00679;0;82,97962;13,36752;-1,190102;111,7421;15,03487;-1,205827;139,3819;18,38885;0,789833;139,3107;18,204;0,563115;0;0;0;0;0;0;0,180356;0,303358;0,376001;0,3433;0,578038;0,679001;0,469744;0,791296;0,905827;0;0;0;0;0;0;0,114262;-0,000539;-0,022888;0,174969;-0,000821;-0,035048;0,223026;-0,001039;-0,044703;0;0;0;0;0;0;-0,058215;-0,001006;0,021189;-0,088356;-0,00152;0,031918;-0,111759;-0,001878;0,040501;0;0;0;0;0;0;0;0;0;0;0;0;0;0;0;0;0;0;0;0;0;0;0;0;-0,072733;0,116631;-0,279799;-0,196673;0,623524;-0,702828;0;0;0;0;0;0;10,82137;18,20147;22,56006;20,59802;34,6823;40,74007;28,18465;47,47778;54,34959;0;0;0;0;0;0;6,855725;-0,032354;-1,373291;10,49816;-0,049286;-2,102851;13,38154;-0,062361;-2,682209;0;0;0;0;0;0;-3,492906;-0,06035;1,271367;-5,301385;-0,091195;1,915097;-6,705522;-0,112653;2,430081;0;0;0;0;0;0;0;0;0;0;0;0;0;0;0;0;0;0;0;0;0;0;0;0;-4,363953;6,997882;-16,78794;-11,80038;37,41145;-42,16969;12,70706;11,80016;9,249232;11,05502;43,93019;29,72921;4,860711;1,386351;-11,30631;3,593794;3,504646;3,731664;-19,90857;40,39015;3,571387;3,794625;-12,07378;83,49284;51,45575;47,15261;-13,36859;83,17056;28,7578;27,02489;-6,08345;-5,144462;0;0;-1,311893;0,022874;-0,003347;0;0,765724;-0,136643;-0,00329;0;0;0;0;0;0;0;8,788147;7,898254;-365,007;-308,6677;0;0;-78,7136;1,372432;-0,200844;0;45,94344;-8,198547;-0,197411;0;0;0;0;0;0;0;527,2888;473,8952
221;3683,333;00:00:03:683;0;0;0;-3,519914;0,050068;3,621712;-5,010302;-3,080342;6,879452;-5,978258;-5,73779;9,824533;-6,651588;-7,756788;12,10966;-2,370207;0;3,621712;-2,370207;0,05009;11,17456;-1,377032;-0,262311;16,14853;-0,849636;-0,593402;18,78137;-0,432424;-0,995823;20,85727;-0,895299;-0,03505;3,621712;-0,101118;0,01504;11,13133;1,453118;-3,493078;15,25559;2,256317;-5,540757;17,37562;2,879505;-7,344931;19,01014;0,443679;-0,000078;3,621712;1,958848;0,050012;10,3956;1,956898;-4,900703;10,96029;1,429368;-6,872481;9,04757;0,709327;-6,76721;6,610618;1,743431;-0,000171;3,621712;3,958467;0,049919;9,102249;3,988765;-3,889036;9,573995;3,753089;-5,770906;8,844206;3,220537;-7,274172;7,179363;0;0;0;-33,88659;-34,42443;114,4533;-29,02585;-34,42445;114,4533;-27,86343;-34,13348;114,8502;-27,86344;-34,13348;114,8502;-0,379977;0;0;3,471902;11,30809;-0,268287;7,124053;11,26845;0,483257;11,0481;11,08502;1,475365;11,00331;11,12946;1,242859;-0,380045;6,036885;0;38,86154;19,90526;0,990022;41,89214;21,21198;-0,549919;45,24997;22,49884;-1,718059;45,31319;22,34409;-1,552317;-0,413454;12,60826;0;83,34498;12,07381;-1,420641;134,8141;14,03063;-1,435148;-177,126;16,38269;1,774712;-177,2054;16,39606;1,493327;-0,485496;22,00679;0;82,97962;13,36752;-1,190102;111,83;15,03487;-1,205825;139,5504;18,38589;0,795234;139,4791;18,20167;0,567948;0;0;0;0;0;0;0,443459;0,143945;0,342071;0,835754;0,293165;0,606269;1,137972;0,412881;0,801623;0;0;0;0;0;0;0,011606;-0,000049;-0,002235;0,01777;-0,000075;-0,003487;0,022653;-0,000089;-0,00456;0;0;0;0;0;0;-0,140626;-0,002459;0,050962;-0,213392;-0,00371;0,077337;-0,269897;-0,004739;0,097811;0;0;0;0;0;0;0;0;0;0;0;0;0;0;0;0;0;0;0;0;0;0;0;0;-0,043608;0,070386;-0,167817;-0,117593;0,37542;-0,420392;0;0;0;0;0;0;15,78614;-9,564755;-2,035796;29,54721;-17,09237;-4,363954;40,09365;-22,7049;-6,252223;0;0;0;0;0;0;-6,159357;0,02942;1,23918;-9,431987;0,044759;1,893639;-12,02233;0,056997;2,408623;0;0;0;0;0;0;-4,944652;-0,087172;1,786351;-7,502138;-0,131428;2,725124;-9,488313;-0,171661;3,438592;0;0;0;0;0;0;0;0;0;0;0;0;0;0;0;0;0;0;0;0;0;0;0;0;1,747459;-2,774745;6,718933;4,744828;-14,88626;16,94619;12,685;11,77404;9,24131;11,04534;43,85812;29,5837;4,860751;1,386351;-11,30852;3,593849;3,504646;3,731664;-19,87777;40,38466;3,571441;3,794573;-12,07378;83,49284;51,45575;47,15261;-13,36859;83,17056;28,84571;27,10389;-4,324265;-8,730698;0,002403;0;-0,132752;0,003276;0;0;1,848106;-0,329361;0,00329;-0,003104;0;0;0;0;0;0;5,274696;4,739456;105,5511;-215,1741;0,144196;0;70,74851;-1,17588;0,200844;0;64,94292;-11,56311;0,394821;-0,186253;0;0;0;0;0;0;-210,8071;-189,5279
222;3700;00:00:03:700;0;0;0;-3,519914;0,050068;3,621712;-5,007494;-3,084057;6,877162;-5,973031;-5,744601;9,820242;-6,644513;-7,76595;12,10384;-2,370207;0;3,621712;-2,370207;0,05009;11,17456;-1,38168;-0,262289;16,14946;-0,856753;-0,593369;18,78279;-0,441496;-0,995781;20,85909;-0,895299;-0,03505;3,621712;-0,101118;0,01504;11,13133;1,456088;-3,493025;15,25452;2,260825;-5,540679;17,37399;2,885208;-7,34483;19,00808;0,443679;-0,000078;3,621712;1,958848;0,050012;10,3956;1,956898;-4,900703;10,96029;1,429368;-6,872481;9,04757;0,709327;-6,76721;6,610618;1,743431;-0,000171;3,621712;3,958467;0,049919;9,102249;3,988765;-3,889036;9,573995;3,753089;-5,770906;8,844206;3,220537;-7,274172;7,179363;0;0;0;-33,89773;-34,47224;114,499;-29,03699;-34,47224;114,499;-27,87494;-34,18122;114,8961;-27,87494;-34,18122;114,8961;-0,379977;0;0;3,471257;11,25475;-0,271587;7,122695;11,21513;0,479819;11,04581;11,03172;1,471751;11,00124;11,07615;1,239285;-0,380045;6,036885;0;38,86246;19,94449;0,992722;41,89193;21,25122;-0,547608;45,2489;22,53807;-1,716085;45,31224;22,38333;-1,55029;-0,413454;12,60826;0;83,34498;12,07381;-1,420641;134,8141;14,03063;-1,435148;-177,126;16,38269;1,774712;-177,2054;16,39606;1,493327;-0,485496;22,00679;0;82,97962;13,36752;-1,190102;111,83;15,03487;-1,205825;139,5504;18,38589;0,795234;139,4791;18,20167;0,567948;0;0;0;0;0;0;0,168465;-0,222869;-0,137374;0,313617;-0,408702;-0,257492;0,424504;-0,549719;-0,349492;0;0;0;0;0;0;-0,278877;0,001312;0,055611;-0,427041;0,002;0,085384;-0,544332;0,002531;0,108987;0;0;0;0;0;0;0,178244;0,003152;-0,064552;0,270478;0,004716;-0,09799;0,342138;0,006035;-0,123918;0;0;0;0;0;0;0;0;0;0;0;0;0;0;0;0;0;0;0;0;0;0;0;0;0;0;0;0;0;0;0;0;0;0;0;0;-16,49961;-22,00887;-28,76669;-31,3282;-42,11202;-51,82564;-42,80805;-57,756;-69,06688;0;0;0;0;0;0;-17,42899;0,08164;3,470778;-26,68865;0,124555;5,332231;-34,01912;0,157245;6,812811;0;0;0;0;0;0;19,13219;0,336617;-6,930828;29,03223;0,505596;-10,51962;36,72212;0,646412;-13,30376;0;0;0;0;0;0;0;0;0;0;0;0;0;0;0;0;0;0;0;0;0;0;0;0;2,616494;-4,223137;10,06901;7,05555;-22,52519;25,22349;12,68728;11,77546;9,233195;11,03682;43,9122;29,55809;4,860711;1,386351;-11,25519;3,592977;3,504702;3,731716;-19,91682;40,39163;3,571441;3,794625;-12,07378;83,49284;51,45575;47,15261;-13,36859;83,17056;28,84571;27,10389;3,245086;-1,536484;-0,002403;0;3,199825;-0,0523;0,003347;0,003147;-2,343292;0,418167;0;0,003104;0;0;0;0;0;0;0;0;454,161;431,6528;-0,288391;0;199,9546;-3,334522;0,200844;0,188828;-251,4839;44,85168;-0,197411;0,372505;0;0;0;0;0;0;-316,4818;-284,3673
223;3716,667;00:00:03:717;0;0;0;-3,519914;0,050068;3,621712;-5,007494;-3,084057;6,877162;-5,973031;-5,744601;9,820242;-6,644513;-7,76595;12,10384;-2,370207;0;3,621712;-2,370207;0,05009;11,17456;-1,38168;-0,262289;16,14946;-0,856753;-0,593369;18,78279;-0,441496;-0,995781;20,85909;-0,895299;-0,03505;3,621712;-0,101118;0,01504;11,13133;1,456088;-3,493025;15,25452;2,260825;-5,540679;17,37399;2,885208;-7,34483;19,00808;0,443679;-0,000078;3,621712;1,958848;0,050012;10,3956;1,956898;-4,900703;10,96029;1,429368;-6,872481;9,04757;0,709327;-6,76721;6,610618;1,743431;-0,000171;3,621712;3,958467;0,049919;9,102249;3,988765;-3,889036;9,573995;3,753089;-5,770906;8,844206;3,220537;-7,274172;7,179363;0;0;0;-33,89773;-34,47224;114,499;-29,03699;-34,47224;114,499;-27,87494;-34,18122;114,8961;-27,87494;-34,18122;114,8961;-0,379977;0;0;3,471257;11,25475;-0,271587;7,122695;11,21513;0,479819;11,04581;11,03172;1,471751;11,00124;11,07615;1,239285;-0,380045;6,036885;0;38,86246;19,94449;0,992722;41,89193;21,25122;-0,547608;45,2489;22,53807;-1,716085;45,31224;22,38333;-1,55029;-0,413454;12,60826;0;83,34498;12,07381;-1,420641;134,8141;14,03063;-1,435148;-177,126;16,38269;1,774712;-177,2054;16,39606;1,493327;-0,485496;22,00679;0;82,97962;13,36752;-1,190102;111,83;15,03487;-1,205825;139,5504;18,38589;0,795234;139,4791;18,20167;0,567948;0;0;0;0;0;0;0;0;0;0;0;0;0;0;0;0;0;0;0;0;0;0;0;0;0;0;0;0;0;0;0;0;0;0;0;0;0;0;0;0;0;0;0;0;0;0;0;0;0;0;0;0;0;0;0;0;0;0;0;0;0;0;0;0;0;0;0;0;0;0;0;0;0;0;0;0;0;0;0;0;0;-10,1079;13,37215;8,242427;-18,81703;24,52209;15,44952;-25,47026;32,98312;20,96951;0;0;0;0;0;0;16,73262;-0,078706;-3,336668;25,62247;-0,120029;-5,123018;32,65991;-0,15188;-6,539226;0;0;0;0;0;0;-10,69464;-0,189096;3,873109;-16,2287;-0,282973;5,879402;-20,52828;-0,362098;7,435082;0;0;0;0;0;0;0;0;0;0;0;0;0;0;0;0;0;0;0;0;0;0;0;0;0;0;0;0;0;0;12,68728;11,77546;9,233195;11,03682;43,9122;29,55809;4,860711;1,386351;-11,25519;3,592977;3,504702;3,731716;-19,91682;40,39163;3,571441;3,794625;-12,07378;83,49284;51,45575;47,15261;-13,36859;83,17056;28,84571;27,10389;3,245086;-1,536484;-0,002403;0;3,199825;-0,0523;0,003347;0,003147;-2,343292;0,418167;0;0,003104;0;0;0;0;0;0;0;0;454,161;431,6528;-0,288391;0;199,9546;-3,334522;0,200844;0,188828;-251,4839;44,85168;-0,197411;0,372505;0;0;0;0;0;0;-316,4818;-284,3673
224;3733,333;00:00:03:733;0;0;0;-3,519914;0,050068;3,621712;-5,012187;-3,085175;6,873936;-5,981869;-5,746944;9,814545;-6,656544;-7,769288;12,09632;-2,370207;0;3,621712;-2,370207;0,05009;11,17456;-1,382394;-0,262286;16,1496;-0,857847;-0,593364;18,78301;-0,44289;-0,995775;20,85936;-0,895299;-0,03505;3,621712;-0,101118;0,01504;11,13133;1,453369;-3,493073;15,2555;2,2567;-5,54075;17,37549;2,879988;-7,344921;19,00997;0,443679;-0,000078;3,621712;1,958848;0,050012;10,3956;1,956898;-4,900703;10,96029;1,429368;-6,872481;9,04757;0,709327;-6,76721;6,610618;1,743431;-0,000171;3,621712;3,958467;0,049919;9,102249;3,988765;-3,889036;9,573995;3,753331;-5,771298;8,845138;3,22119;-7,276258;7,181696;0;0;0;-33,97189;-34,48229;114,5086;-29,11115;-34,4823;114,5086;-27,94893;-34,19084;114,9053;-27,94893;-34,19084;114,9053;-0,379977;0;0;3,471159;11,24656;-0,272093;7,122486;11,20693;0,479291;11,04545;11,02353;1,471195;11,00092;11,06797;1,238736;-0,380045;6,036885;0;38,86162;19,90859;0,99025;41,89213;21,21531;-0,549722;45,24988;22,50216;-1,717893;45,3131;22,34742;-1,552148;-0,413454;12,60826;0;83,34498;12,07381;-1,420641;134,8141;14,03063;-1,435148;-177,126;16,38269;1,774712;-177,2054;16,39606;1,493327;-0,485496;22,00679;0;82,97962;13,36752;-1,190102;111,8007;15,03487;-1,205826;139,4942;18,38688;0,793434;139,423;18,20245;0,566338;0;0;0;0;0;0;-0,281587;-0,0671;-0,193566;-0,530317;-0,140592;-0,341848;-0,721872;-0,200272;-0,451192;0;0;0;0;0;0;-0,042848;0,000201;0,008494;-0,065614;0,000307;0,013053;-0,08364;0,000397;0,01663;0;0;0;0;0;0;-0,163134;-0,002861;0,059009;-0,247523;-0,004314;0,089765;-0,313148;-0,005454;0,113368;0;0;0;0;0;0;0;0;0;0;0;0;0;0;0;0;0;0;0;0;0;0;0;0;0,014529;-0,023492;0,055924;0,039183;-0,125214;0,140011;0;0;0;0;0;0;-16,89523;-4,025995;-11,61396;-31,81904;-8,435546;-20,51085;-43,31231;-12,0163;-27,07153;0;0;0;0;0;0;-2,570897;0,01207;0,50962;-3,936812;0,01844;0,783205;-5,018412;0,023805;0,997782;0;0;0;0;0;0;-9,78805;-0,171661;3,540515;-14,85139;-0,258833;5,385875;-18,78887;-0,327229;6,802081;0;0;0;0;0;0;0;0;0;0;0;0;0;0;0;0;0;0;0;0;0;0;0;0;0,871718;-1,409501;3,355443;2,350956;-7,512866;8,400677;12,69964;11,78661;9,238675;11,04383;43,95079;29,6479;4,860671;1,386351;-11,247;3,592813;3,504702;3,731664;-19,88107;40,38524;3,571441;3,794625;-12,07378;83,49284;51,45575;47,15261;-13,36859;83,17056;28,81639;27,07754;2,315368;5,388336;-0,002432;0;0,491467;-0,009813;0;-0,003147;2,145081;-0,383606;0;0;0;0;0;0;0;0;-1,7593;-1,581001;-55,78308;415,4891;-0,001717;0;-162,5015;2,549171;-0,200844;-0,377655;269,3023;-48,10638;0;-0,186253;0;0;0;0;0;0;-105,558;-94,86006
225;3750;00:00:03:750;0;0;0;-3,519914;0,050068;3,621712;-5,012187;-3,085175;6,873936;-5,981869;-5,746944;9,814545;-6,656544;-7,769288;12,09632;-2,370207;0;3,621712;-2,370207;0,05009;11,17456;-1,382394;-0,262286;16,1496;-0,857847;-0,593364;18,78301;-0,44289;-0,995775;20,85936;-0,895299;-0,03505;3,621712;-0,101118;0,01504;11,13133;1,453369;-3,493073;15,2555;2,2567;-5,54075;17,37549;2,879988;-7,344921;19,00997;0,443679;-0,000078;3,621712;1,958848;0,050012;10,3956;1,956898;-4,900703;10,96029;1,429368;-6,872481;9,04757;0,709327;-6,76721;6,610618;1,743431;-0,000171;3,621712;3,958467;0,049919;9,102249;3,988765;-3,889036;9,573995;3,753331;-5,771298;8,845138;3,22119;-7,276258;7,181696;0;0;0;-33,97189;-34,48229;114,5086;-29,11115;-34,4823;114,5086;-27,94893;-34,19084;114,9053;-27,94893;-34,19084;114,9053;-0,379977;0;0;3,471159;11,24656;-0,272093;7,122486;11,20693;0,479291;11,04545;11,02353;1,471195;11,00092;11,06797;1,238736;-0,380045;6,036885;0;38,86162;19,90859;0,99025;41,89213;21,21531;-0,549722;45,24988;22,50216;-1,717893;45,3131;22,34742;-1,552148;-0,413454;12,60826;0;83,34498;12,07381;-1,420641;134,8141;14,03063;-1,435148;-177,126;16,38269;1,774712;-177,2054;16,39606;1,493327;-0,485496;22,00679;0;82,97962;13,36752;-1,190102;111,8007;15,03487;-1,205826;139,4942;18,38688;0,793434;139,423;18,20245;0,566338;0;0;0;0;0;0;0;0;0;0;0;0;0;0;0;0;0;0;0;0;0;0;0;0;0;0;0;0;0;0;0;0;0;0;0;0;0;0;0;0;0;0;0;0;0;0;0;0;0;0;0;0;0;0;0;0;0;0;0;0;0;0;0;0;0;0;0;0;0;0;0;0;0;0;0;0;0;0;0;0;0;16,89523;4,025995;11,61396;31,81904;8,435546;20,51085;43,31231;12,0163;27,07153;0;0;0;0;0;0;2,570897;-0,01207;-0,50962;3,936812;-0,01844;-0,783205;5,018412;-0,023805;-0,997782;0;0;0;0;0;0;9,78805;0,171661;-3,540515;14,85139;0,258833;-5,385875;18,78887;0,327229;-6,802081;0;0;0;0;0;0;0;0;0;0;0;0;0;0;0;0;0;0;0;0;0;0;0;0;-0,871718;1,409501;-3,355443;-2,350956;7,512866;-8,400677;12,69964;11,78661;9,238675;11,04383;43,95079;29,6479;4,860671;1,386351;-11,247;3,592813;3,504702;3,731664;-19,88107;40,38524;3,571441;3,794625;-12,07378;83,49284;51,45575;47,15261;-13,36859;83,17056;28,81639;27,07754;2,315368;5,388336;-0,002432;0;0,491467;-0,009813;0;-0,003147;2,145081;-0,383606;0;0;0;0;0;0;0;0;-1,7593;-1,581001;-55,78308;415,4891;-0,001717;0;-162,5015;2,549171;-0,200844;-0,377655;269,3023;-48,10638;0;-0,186253;0;0;0;0;0;0;-105,558;-94,86006
226;3766,667;00:00:03:767;0;0;0;-3,519914;0,050068;3,621712;-5,010403;-3,086666;6,873316;-5,978535;-5,749645;9,813341;-6,652024;-7,772898;12,09466;-2,370207;0;3,621712;-2,370207;0,05009;11,17456;-1,383298;-0,262282;16,14978;-0,859231;-0,593357;18,78328;-0,444654;-0,995766;20,85971;-0,895299;-0,03505;3,621712;-0,101118;0,01504;11,13133;1,452366;-3,49309;15,25587;2,255177;-5,540776;17,37604;2,878062;-7,344954;19,01067;0,443679;-0,000078;3,621712;1,958848;0,050012;10,3956;1,956898;-4,900703;10,96029;1,429368;-6,872481;9,04757;0,709327;-6,76721;6,610618;1,743431;-0,000171;3,621712;3,958467;0,049919;9,102249;3,988765;-3,889036;9,573995;3,753331;-5,771298;8,845138;3,22119;-7,276258;7,181696;0;0;0;-33,96802;-34,502;114,5276;-29,10728;-34,50201;114,5276;-27,94523;-34,21058;114,9244;-27,94523;-34,21058;114,9244;-0,379977;0;0;3,471034;11,23619;-0,272735;7,122224;11,19657;0,478623;11,04501;11,01317;1,470494;11,00051;11,0576;1,238042;-0,380045;6,036885;0;38,86131;19,89534;0,989339;41,8922;21,20205;-0,550503;45,25024;22,48891;-1,718562;45,31343;22,33417;-1,552828;-0,413454;12,60826;0;83,34498;12,07381;-1,420641;134,8141;14,03063;-1,435148;-177,126;16,38269;1,774712;-177,2054;16,39606;1,493327;-0,485496;22,00679;0;82,97962;13,36752;-1,190102;111,8007;15,03487;-1,205826;139,4942;18,38688;0,793434;139,423;18,20245;0,566338;0;0;0;0;0;0;0,107065;-0,089474;-0,037193;0,200048;-0,162028;-0,072196;0,271216;-0,216588;-0,099599;0;0;0;0;0;0;-0,054231;0,000257;0,010818;-0,083037;0,000391;0,016451;-0,105847;0,000492;0,0211;0;0;0;0;0;0;-0,060193;-0,001028;0,021815;-0,091374;-0,001565;0,032991;-0,115559;-0,002012;0,041932;0;0;0;0;0;0;0;0;0;0;0;0;0;0;0;0;0;0;0;0;0;0;0;0;0;0;0;0;0;0;0;0;0;0;0;0;6,423891;-5,368441;-2,231597;12,00288;-9,721665;-4,331767;16,27296;-12,9953;-5,975961;0;0;0;0;0;0;-3,253855;0,015423;0,649095;-4,982203;0,023469;0,987053;-6,350801;0,029504;1,266002;0;0;0;0;0;0;-3,611594;-0,061691;1,308918;-5,482434;-0,093877;1,97947;-6,933509;-0,120699;2,515912;0;0;0;0;0;0;0;0;0;0;0;0;0;0;0;0;0;0;0;0;0;0;0;0;0;0;0;0;0;0;12,69989;11,78291;9,234478;11,03921;43,96986;29,62606;4,860671;1,38621;-11,23661;3,59265;3,504646;3,731716;-19,86788;40,3829;3,571441;3,794625;-12,07378;83,49284;51,45575;47,15261;-13,36859;83,17056;28,81639;27,07754;1,143722;-1,310348;0;-0,008469;0,623302;-0,009799;-0,003347;0,003147;0,791359;-0,140533;0;0;0;0;0;0;0;0;0;0;-70,29876;-401,921;0,145912;-0,508118;7,910154;0,000858;-0,200844;0,377655;-81,2233;14,58435;0;0;0;0;0;0;0;0;105,558;94,86006
227;3783,333;00:00:03:783;0;0;0;-3,519914;0,050068;3,621712;-5,008511;-3,085119;6,875674;-5,974957;-5,746646;9,817568;-6,647143;-7,768761;12,10028;-2,370207;0;3,621712;-2,370207;0,05009;11,17456;-1,379026;-0,262302;16,14893;-0,85269;-0,593388;18,78198;-0,436316;-0,995805;20,85805;-0,895299;-0,03505;3,621712;-0,101118;0,01504;11,13133;1,450835;-3,493117;15,25642;2,252854;-5,540817;17,37688;2,875124;-7,345006;19,01173;0,443679;-0,000078;3,621712;1,958848;0,050012;10,3956;1,956898;-4,900703;10,96029;1,429368;-6,872481;9,04757;0,709327;-6,76721;6,610618;1,743431;-0,000171;3,621712;3,958467;0,049919;9,102249;3,988765;-3,889036;9,573995;3,753331;-5,771298;8,845138;3,22119;-7,276258;7,181696;0;0;0;-33,92419;-34,48448;114,5107;-29,06346;-34,48449;114,5108;-27,90141;-34,19331;114,9077;-27,90141;-34,19331;114,9077;-0,379977;0;0;3,471626;11,2852;-0,269703;7,123471;11,24557;0,481781;11,04712;11,06215;1,473814;11,00242;11,10659;1,241326;-0,380045;6,036885;0;38,86084;19,87512;0,987947;41,8923;21,18183;-0,551697;45,25079;22,4687;-1,719579;45,31391;22,31395;-1,553876;-0,413454;12,60826;0;83,34498;12,07381;-1,420641;134,8141;14,03063;-1,435148;-177,126;16,38269;1,774712;-177,2054;16,39606;1,493327;-0,485496;22,00679;0;82,97962;13,36752;-1,190102;111,8007;15,03487;-1,205826;139,4942;18,38688;0,793434;139,423;18,20245;0,566338;0;0;0;0;0;0;0,113502;0,092827;0,141487;0,214689;0,179932;0,253558;0,292853;0,248238;0,337198;0;0;0;0;0;0;0,256296;-0,001213;-0,051051;0,392458;-0,00185;-0,078231;0,500266;-0,002336;-0,099957;0;0;0;0;0;0;-0,091854;-0,001632;0,033259;-0,139385;-0,002459;0,050426;-0,176311;-0,003129;0,063747;0;0;0;0;0;0;0;0;0;0;0;0;0;0;0;0;0;0;0;0;0;0;0;0;0;0;0;0;0;0;0;0;0;0;0;0;0,386237;10,93805;10,72079;0,878424;20,51756;19,54525;1,298189;27,88961;26,20786;0;0;0;0;0;0;18,63163;-0,088178;-3,712177;28,52965;-0,134446;-5,680918;36,36673;-0,16965;-7,263421;0;0;0;0;0;0;-1,899674;-0,03621;0,686645;-2,880692;-0,053644;1,046062;-3,645122;-0,067055;1,308918;0;0;0;0;0;0;0;0;0;0;0;0;0;0;0;0;0;0;0;0;0;0;0;0;0;0;0;0;0;0;12,69432;11,77376;9,233478;11,03716;43,93498;29,58279;4,860751;1,38621;-11,28563;3,593522;3,504702;3,731664;-19,84776;40,37931;3,571441;3,794625;-12,07378;83,49284;51,45575;47,15261;-13,36859;83,17056;28,81639;27,07754;-2,092438;-2,596092;0,004835;0;-2,941131;0,0523;0,003347;-0,003147;1,207123;-0,21492;0;0;0;0;0;0;0;0;0;0;-194,1696;-77,14462;0,290108;0,508118;-213,866;3,72591;0,401688;-0,377655;24,94583;-4,463195;0;0;0;0;0;0;0;0;0;0
