Frame;Elapsed_Time_In_Milliseconds;Time;Hand_X;Hand_Y;Hand_Z;Thumb_CMC_X;Thumb_CMC_Y;Thumb_CMC_Z;Thumb_MCP_X;Thumb_MCP_Y;Thumb_MCP_Z;Thumb_DIP_X;Thumb_DIP_Y;Thumb_DIP_Z;Thumb_TIP_X;Thumb_TIP_Y;Thumb_TIP_Z;Index_CMC_X;Index_CMC_Y;Index_CMC_Z;Index_MCP_X;Index_MCP_Y;Index_MCP_Z;Index_PIP_X;Index_PIP_Y;Index_PIP_Z;Index_DIP_X;Index_DIP_Y;Index_DIP_Z;Index_TIP_X;Index_TIP_Y;Index_TIP_Z;Middle_CMC_X;Middle_CMC_Y;Middle_CMC_Z;Middle_MCP_X;Middle_MCP_Y;Middle_MCP_Z;Middle_PIP_X;Middle_PIP_Y;Middle_PIP_Z;Middle_DIP_X;Middle_DIP_Y;Middle_DIP_Z;Middle_TIP_X;Middle_TIP_Y;Middle_TIP_Z;Ring_CMC_X;Ring_CMC_Y;Ring_CMC_Z;Ring_MCP_X;Ring_MCP_Y;Ring_MCP_Z;Ring_PIP_X;Ring_PIP_Y;Ring_PIP_Z;Ring_DIP_X;Ring_DIP_Y;Ring_DIP_Z;Ring_TIP_X;Ring_TIP_Y;Ring_TIP_Z;Pinky_CMC_X;Pinky_CMC_Y;Pinky_CMC_Z;Pinky_MCP_X;Pinky_MCP_Y;Pinky_MCP_Z;Pinky_PIP_X;Pinky_PIP_Y;Pinky_PIP_Z;Pinky_DIP_X;Pinky_DIP_Y;Pinky_DIP_Z;Pinky_TIP_X;Pinky_TIP_Y;Pinky_TIP_Z;Hand_X;Hand_Y;Hand_Z;Thumb_CMC_X;Thumb_CMC_Y;Thumb_CMC_Z;Thumb_MCP_X;Thumb_MCP_Y;Thumb_MCP_Z;Thumb_DIP_X;Thumb_DIP_Y;Thumb_DIP_Z;Thumb_TIP_X;Thumb_TIP_Y;Thumb_TIP_Z;Index_CMC_X;Index_CMC_Y;Index_CMC_Z;Index_MCP_X;Index_MCP_Y;Index_MCP_Z;Index_PIP_X;Index_PIP_Y;Index_PIP_Z;Index_DIP_X;Index_DIP_Y;Index_DIP_Z;Index_TIP_X;Index_TIP_Y;Index_TIP_Z;Middle_CMC_X;Middle_CMC_Y;Middle_CMC_Z;Middle_MCP_X;Middle_MCP_Y;Middle_MCP_Z;Middle_PIP_X;Middle_PIP_Y;Middle_PIP_Z;Middle_DIP_X;Middle_DIP_Y;Middle_DIP_Z;Middle_TIP_X;Middle_TIP_Y;Middle_TIP_Z;Ring_CMC_X;Ring_CMC_Y;Ring_CMC_Z;Ring_MCP_X;Ring_MCP_Y;Ring_MCP_Z;Ring_PIP_X;Ring_PIP_Y;Ring_PIP_Z;Ring_DIP_X;Ring_DIP_Y;Ring_DIP_Z;Ring_TIP_X;Ring_TIP_Y;Ring_TIP_Z;Pinky_CMC_X;Pinky_CMC_Y;Pinky_CMC_Z;Pinky_MCP_X;Pinky_MCP_Y;Pinky_MCP_Z;Pinky_PIP_X;Pinky_PIP_Y;Pinky_PIP_Z;Pinky_DIP_X;Pinky_DIP_Y;Pinky_DIP_Z;Pinky_TIP_X;Pinky_TIP_Y;Pinky_TIP_Z;Hand_Velocity_X;Hand_Velocity_Y;Hand_Velocity_Z;Thumb_CMC_Velocity_X;Thumb_CMC_Velocity_Y;Thumb_CMC_Velocity_Z;Thumb_MCP_Velocity_X;Thumb_MCP_Velocity_Y;Thumb_MCP_Velocity_Z;Thumb_DIP_Velocity_X;Thumb_DIP_Velocity_Y;Thumb_DIP_Velocity_Z;Thumb_TIP_Velocity_X;Thumb_TIP_Velocity_Y;Thumb_TIP_Velocity_Z;Index_CMC_Velocity_X;Index_CMC_Velocity_Y;Index_CMC_Velocity_Z;Index_MCP_Velocity_X;Index_MCP_Velocity_Y;Index_MCP_Velocity_Z;Index_PIP_Velocity_X;Index_PIP_Velocity_Y;Index_PIP_Velocity_Z;Index_DIP_Velocity_X;Index_DIP_Velocity_Y;Index_DIP_Velocity_Z;Index_TIP_Velocity_X;Index_TIP_Velocity_Y;Index_TIP_Velocity_Z;Middle_CMC_Velocity_X;Middle_CMC_Velocity_Y;Middle_CMC_Velocity_Z;Middle_MCP_Velocity_X;Middle_MCP_Velocity_Y;Middle_MCP_Velocity_Z;Middle_PIP_Velocity_X;Middle_PIP_Velocity_Y;Middle_PIP_Velocity_Z;Middle_DIP_Velocity_X;Middle_DIP_Velocity_Y;Middle_DIP_Velocity_Z;Middle_TIP_Velocity_X;Middle_TIP_Velocity_Y;Middle_TIP_Velocity_Z;Ring_CMC_Velocity_X;Ring_CMC_Velocity_Y;Ring_CMC_Velocity_Z;Ring_MCP_Velocity_X;Ring_MCP_Velocity_Y;Ring_MCP_Velocity_Z;Ring_PIP_Velocity_X;Ring_PIP_Velocity_Y;Ring_PIP_Velocity_Z;Ring_DIP_Velocity_X;Ring_DIP_Velocity_Y;Ring_DIP_Velocity_Z;Ring_TIP_Velocity_X;Ring_TIP_Velocity_Y;Ring_TIP_Velocity_Z;Pinky_CMC_Velocity_X;Pinky_CMC_Velocity_Y;Pinky_CMC_Velocity_Z;Pinky_MCP_Velocity_X;Pinky_MCP_Velocity_Y;Pinky_MCP_Velocity_Z;Pinky_PIP_Velocity_X;Pinky_PIP_Velocity_Y;Pinky_PIP_Velocity_Z;Pinky_DIP_Velocity_X;Pinky_DIP_Velocity_Y;Pinky_DIP_Velocity_Z;Pinky_TIP_Velocity_X;Pinky_TIP_Velocity_Y;Pinky_TIP_Velocity_Z;Hand_Acceleration_X;Hand_Acceleration_Y;Hand_Acceleration_Z;Thumb_CMC_Acceleration_X;Thumb_CMC_Acceleration_Y;Thumb_CMC_Acceleration_Z;Thumb_MCP_Acceleration_X;Thumb_MCP_Acceleration_Y;Thumb_MCP_Acceleration_Z;Thumb_DIP_Acceleration_X;Thumb_DIP_Acceleration_Y;Thumb_DIP_Acceleration_Z;Thumb_TIP_Acceleration_X;Thumb_TIP_Acceleration_Y;Thumb_TIP_Acceleration_Z;Index_CMC_Acceleration_X;Index_CMC_Acceleration_Y;Index_CMC_Acceleration_Z;Index_MCP_Acceleration_X;Index_MCP_Acceleration_Y;Index_MCP_Acceleration_Z;Index_PIP_Acceleration_X;Index_PIP_Acceleration_Y;Index_PIP_Acceleration_Z;Index_DIP_Acceleration_X;Index_DIP_Acceleration_Y;Index_DIP_Acceleration_Z;Index_TIP_Acceleration_X;Index_TIP_Acceleration_Y;Index_TIP_Acceleration_Z;Middle_CMC_Acceleration_X;Middle_CMC_Acceleration_Y;Middle_CMC_Acceleration_Z;Middle_MCP_Acceleration_X;Middle_MCP_Acceleration_Y;Middle_MCP_Acceleration_Z;Middle_PIP_Acceleration_X;Middle_PIP_Acceleration_Y;Middle_PIP_Acceleration_Z;Middle_DIP_Acceleration_X;Middle_DIP_Acceleration_Y;Middle_DIP_Acceleration_Z;Middle_TIP_Acceleration_X;Middle_TIP_Acceleration_Y;Middle_TIP_Acceleration_Z;Ring_CMC_Acceleration_X;Ring_CMC_Acceleration_Y;Ring_CMC_Acceleration_Z;Ring_MCP_Acceleration_X;Ring_MCP_Acceleration_Y;Ring_MCP_Acceleration_Z;Ring_PIP_Acceleration_X;Ring_PIP_Acceleration_Y;Ring_PIP_Acceleration_Z;Ring_DIP_Acceleration_X;Ring_DIP_Acceleration_Y;Ring_DIP_Acceleration_Z;Ring_TIP_Acceleration_X;Ring_TIP_Acceleration_Y;Ring_TIP_Acceleration_Z;Pinky_CMC_Acceleration_X;Pinky_CMC_Acceleration_Y;Pinky_CMC_Acceleration_Z;Pinky_MCP_Acceleration_X;Pinky_MCP_Acceleration_Y;Pinky_MCP_Acceleration_Z;Pinky_PIP_Acceleration_X;Pinky_PIP_Acceleration_Y;Pinky_PIP_Acceleration_Z;Pinky_DIP_Acceleration_X;Pinky_DIP_Acceleration_Y;Pinky_DIP_Acceleration_Z;Pinky_TIP_Acceleration_X;Pinky_TIP_Acceleration_Y;Pinky_TIP_Acceleration_Z;Pinch_ThumbToIndex;Pinch_ThumbToMiddle;Pinch_ThumbToRing;Pinch_ThumbToPinky;Thumb_CMC_Spread;Thumb_CMC_Flex;Thumb_PIP_Flex;Thumb_DIP_Flex;Index_MCP_Spread;Index_MCP_Flex;Index_PIP_Flex;Index_DIP_Flex;Middle_MCP_Spread;Middle_MCP_Flex;Middle_PIP_Flex;Middle_DIP_Flex;Ring_MCP_Spread;Ring_MCP_Flex;Ring_PIP_Flex;Ring_DIP_Flex;Pinky_MCP_Spread;Pinky_MCP_Flex;Pinky_PIP_Flex;Pinky_DIP_Flex;Thumb_CMC_Spread_AngularVelocity;Thumb_CMC_Flex_AngularVelocity;Thumb_PIP_Flex_AngularVelocity;Thumb_DIP_Flex_AngularVelocity;Index_MCP_Spread_AngularVelocity;Index_MCP_Flex_AngularVelocity;Index_PIP_Flex_AngularVelocity;Index_DIP_Flex_AngularVelocity;Middle_MCP_Spread_AngularVelocity;Middle_MCP_Flex_AngularVelocity;Middle_PIP_Flex_AngularVelocity;Middle_DIP_Flex_AngularVelocity;Ring_MCP_Spread_AngularVelocity;Ring_MCP_Flex_AngularVelocity;Ring_PIP_Flex_AngularVelocity;Ring_DIP_Flex_AngularVelocity;Pinky_MCP_Spread_AngularVelocity;Pinky_MCP_Flex_AngularVelocity;Pinky_PIP_Flex_AngularVelocity;Pinky_DIP_Flex_AngularVelocity;Thumb_CMC_Spread_AngularAcceleration;Thumb_CMC_Flex_AngularAcceleration;Thumb_PIP_Flex_AngularAcceleration;Thumb_DIP_Flex_AngularAcceleration;Index_MCP_Spread_AngularAcceleration;Index_MCP_Flex_AngularAcceleration;Index_PIP_Flex_AngularAcceleration;Index_DIP_Flex_AngularAcceleration;Middle_MCP_Spread_AngularAcceleration;Middle_MCP_Flex_AngularAcceleration;Middle_PIP_Flex_AngularAcceleration;Middle_DIP_Flex_AngularAcceleration;Ring_MCP_Spread_AngularAcceleration;Ring_MCP_Flex_AngularAcceleration;Ring_PIP_Flex_AngularAcceleration;Ring_DIP_Flex_AngularAcceleration;Pinky_MCP_Spread_AngularAcceleration;Pinky_MCP_Flex_AngularAcceleration;Pinky_PIP_Flex_AngularAcceleration;Pinky_DIP_Flex_AngularAcceleration
0;0;00:00:00:000;0;0;0;4,303022;0,932888;2,474433;8,207137;-1,402044;1,081833;11,45118;-3,595156;-0,075185;13,89517;-5,335599;-0,940687;3,751882;-0,026536;2,158096;9,074678;-4,192781;5,528232;13,2684;-7,021067;5,040882;13,51058;-6,285772;2,448571;11,76804;-5,028143;2,283902;3,030359;-1,255805;1,777496;7,924653;-6,059121;4,940006;12,17607;-7,735205;1,646309;10,49023;-5,977793;-0,198156;9,011808;-5,590896;1,796755;2,342076;-2,368279;1,489824;6,354204;-7,365515;4,157057;9,907688;-9,028962;1,085608;8,648397;-7,028298;-0,409746;7,256137;-6,587844;1,672519;1,690908;-3,44997;1,181063;4,436626;-8,31577;3,11242;6,715645;-8,808319;-0,097268;5,478381;-7,287232;-0,631112;4,662624;-7,417537;1,521204;63,03556;-13,73721;58,94998;-150,5259;70,35225;-179,9137;-147,4315;70,35227;-179,9136;-144,8909;70,19575;-178,6871;-144,8909;70,1958;-178,6871;62,65557;-13,73722;58,94999;95,74474;-16,64533;54,35331;-175,1061;-15,91034;54,42447;-94,55997;-16,05118;55,44455;-94,5547;-15,81951;55,42535;64,1152;-16,408;53,3424;127,1635;-14,55658;57,69682;-128,9161;-16,02657;56,37494;-34,89001;-14,57886;55,4875;-34,84361;-14,70259;55,30397;66,0002;-19,14072;47,06553;131,0567;-20,19863;48,17659;-125,0742;-21,519;46,6305;-30,55375;-18,05782;44,74043;-30,47745;-18,19521;44,49516;69,26553;-22,65726;37,73233;149,7456;-20,50704;46,81556;-106,3628;-21,17235;45,17847;-12,00762;-17,35427;44,56718;-11,92062;-17,41315;44,27601;0;0;0;0;0;0;0;0;0;0;0;0;0;0;0;0;0;0;0;0;0;0;0;0;0;0;0;0;0;0;0;0;0;0;0;0;0;0;0;0;0;0;0;0;0;0;0;0;0;0;0;0;0;0;0;0;0;0;0;0;0;0;0;0;0;0;0;0;0;0;0;0;0;0;0;0;0;0;0;0;0;0;0;0;0;0;0;0;0;0;0;0;0;0;0;0;0;0;0;0;0;0;0;0;0;0;0;0;0;0;0;0;0;0;0;0;0;0;0;0;0;0;0;0;0;0;0;0;0;0;0;0;0;0;0;0;0;0;0;0;0;0;0;0;0;0;0;0;0;0;3,875202;5,604103;7,243873;9,779328;43,56209;-0,278117;3,094337;1,386351;-5,266894;31,62336;89,1691;80,82518;-1,454142;63,82736;103,5775;93,78993;-12,08296;65,25134;103,3226;93,87173;-13,368;83,17043;103,312;94,14545;2613,725;-16,68703;185,6602;83,18106;-316,0136;1897,402;5350,146;4849,511;-87,24852;3829,642;6214,647;5627,396;-724,9774;3915,08;6199,358;5632,304;-802,08;4990,225;6198,719;5648,727;156823,5;-1001,222;11139,61;4990,863;-18960,82;113844,1;321008,7;290970,6;-5234,911;229778,5;372878,8;337643,7;-43498,64;234904,8;371961,5;337938,2;-48124,79;299413,5;371923,1;338923,6
1;16;00:00:00:016;0;0;0;4,303022;0,932888;2,474433;8,207317;-1,402044;1,082338;11,45151;-3,595155;-0,074255;13,89561;-5,335599;-0,939439;3,751882;-0,026536;2,158096;9,074678;-4,192781;5,528232;13,2684;-7,021067;5,040882;13,51286;-6,287323;2,448344;11,77125;-5,028943;2,279663;3,030359;-1,255805;1,777496;7,924653;-6,059121;4,940006;12,17608;-7,735202;1,646312;10,49023;-5,977794;-0,198156;9,011809;-5,590898;1,796756;2,342076;-2,368279;1,489824;6,354204;-7,365515;4,157057;9,907688;-9,028962;1,085608;8,648397;-7,028298;-0,409746;7,256137;-6,587844;1,672519;1,690908;-3,44997;1,181063;4,436626;-8,31577;3,11242;6,715645;-8,808319;-0,097268;5,478381;-7,287232;-0,631112;4,662624;-7,417537;1,521204;63,03556;-13,73721;58,94998;-150,5244;70,3594;-179,912;-147,4299;70,35941;-179,912;-144,8889;70,20286;-178,6851;-144,8888;70,20288;-178,685;62,65557;-13,73722;58,94999;95,74474;-16,64533;54,35331;-175,1647;-15,91033;54,42448;-94,67133;-16,05018;55,44469;-94,66596;-15,81854;55,42502;64,1152;-16,408;53,3424;127,1634;-14,55654;57,69692;-128,9161;-16,02653;56,37504;-34,89003;-14,57882;55,48759;-34,84365;-14,70255;55,30405;66,0002;-19,14072;47,06553;131,0567;-20,19863;48,17659;-125,0742;-21,519;46,6305;-30,55375;-18,05782;44,74043;-30,47745;-18,19521;44,49516;69,26553;-22,65726;37,73233;149,7456;-20,50704;46,81556;-106,3628;-21,17235;45,17847;-12,00762;-17,35427;44,56718;-11,92062;-17,41315;44,27601;0;0;0;-46,98651;-52,97134;68,83678;-300,2869;-109,1283;358,7949;-523,3898;-141,4043;608,1023;-695,787;-160,3858;798,6389;-82,90028;1,592182;87,81697;-402,268;254,5724;338,778;-675,9878;264,8185;626,9664;-683,4706;81,03921;700,0745;-570,8434;52,78788;589,8336;-128,1028;73,24449;110,653;-469,4109;364,4489;371,4788;-727,3104;161,6903;718,1746;-615,3678;16,30716;650,2763;-523,3641;142,0871;507,6827;-167,1445;142,0923;127,9133;-498,7821;444,932;374,3121;-731,9893;273,8392;683,4777;-615,696;120,0274;613,9242;-522,3531;244,7279;470,2848;-206,0608;206,9865;146,4389;-503,7064;501,94;359,3893;-642,2621;295,1572;580,2758;-536,8752;217,8985;495,2607;-488,293;361,4705;392,6631;0;0;0;-2819,191;-3178,28;4130,206;-18017,21;-6547,701;21527,7;-31403,39;-8484,255;36486,14;-41747,22;-9623,148;47918,33;-4974,017;95,53089;5269,018;-24136,08;15274,34;20326,68;-40559,27;15889,11;37617,98;-41008,24;4862,353;42004,47;-34250,6;3167,273;35390,01;-7686,167;4394,669;6639,181;-28164,65;21866,93;22288,73;-43638,62;9701,417;43090,47;-36922,06;978,4295;39016,58;-31401,85;8525,224;30460,96;-10028,67;8525,538;7674,799;-29926,92;26695,92;22458,72;-43919,35;16430,35;41008,66;-36941,76;7201,644;36835,45;-31341,18;14683,67;28217,08;-12363,65;12419,19;8786,337;-30222,38;30116,4;21563,36;-38535,73;17709,43;34816,54;-32212,51;13073,91;29715,64;-29297,58;21688,23;23559,78;3,869056;5,60388;7,24383;9,779433;43,55612;-0,274144;3,094337;1,386351;-5,266894;31,62336;89,11049;80,77242;-1,454008;63,82735;103,5775;93,78992;-12,08296;65,25134;103,3226;93,87173;-13,368;83,17043;103,312;94,14545;-0,357971;0,238409;0;0;0;0;-3,51654;-3,165893;0,008075;-0,000458;0;-0,000916;0;0;0;0;0;0;0;0;-156845;1015,526;-11139,61;-4990,863;18960,82;-113844,1;-321219,7;-291160,6;5235,396;-229778,5;-372878,8;-337643,8;43498,64;-234904,8;-371961,5;-337938,2;48124,79;-299413,5;-371923,1;-338923,6
2;32;00:00:00:032;0;0;0;4,30294;0,933787;2,474236;8,207813;-1,400061;1,081941;11,45255;-3,592273;-0,074839;13,89708;-5,332038;-0,940168;3,752022;-0,025753;2,157863;9,076074;-4,190909;5,527363;13,27074;-7,017749;5,039677;13,51478;-6,283853;2,447142;11,77273;-5,026064;2,278604;3,030785;-1,255175;1,777216;7,92648;-6,057494;4,93907;12,17821;-7,732122;1,645035;10,49171;-5,975146;-0,199249;9,013297;-5,588795;1,795772;2,342763;-2,367801;1,489504;6,356312;-7,364225;4,156123;9,909724;-9,02689;1,084165;8,65019;-7,026065;-0,410771;7,258029;-6,586067;1,671657;1,691848;-3,449633;1,180705;4,438909;-8,314887;3,111533;6,717853;-8,806625;-0,098333;5,480174;-7,28581;-0,631987;4,664583;-7,416478;1,52037;63,04092;-13,73901;58,96311;-150,5363;70,3588;-179,9088;-147,4418;70,35886;-179,9087;-144,9007;70,20238;-178,6817;-144,9007;70,2024;-178,6817;62,66093;-13,73901;58,9631;95,7487;-16,6445;54,37177;-175,1608;-15,90949;54,44298;-94,66742;-16,0494;55,46319;-94,66203;-15,81775;55,44354;64,12079;-16,40928;53,35523;127,168;-14,55682;57,71334;-128,9115;-16,0267;56,39133;-34,88546;-14,57893;55,504;-34,83908;-14,70264;55,32046;66,006;-19,14141;47,07804;131,0665;-20,20341;48,17746;-125,0642;-21,52353;46,6311;-30,54383;-18,06204;44,74163;-30,46751;-18,19939;44,49631;69,27151;-22,65705;37,74443;149,7514;-20,5077;46,82791;-106,357;-21,17285;45,19076;-12,00187;-17,35472;44,57987;-11,91487;-17,41356;44,28868;0;0;0;-46,98651;-52,97134;68,83678;-300,2924;-109,1196;358,7735;-523,4001;-141,3882;608,0626;-695,8007;-160,3642;798,5858;-82,90028;1,592182;87,81697;-402,268;254,5724;338,778;-675,9604;264,8188;626,9689;-683,5875;81,13246;700,0901;-571,0286;52,83592;590,0891;-128,1028;73,24449;110,653;-469,4109;364,4489;371,4788;-727,3001;161,6901;718,1746;-615,3684;16,30727;650,2758;-523,3667;142,0872;507,682;-167,1445;142,0923;127,9133;-498,7821;444,932;374,3121;-732,0174;273,8385;683,4717;-615,6927;120,0274;613,926;-522,3442;244,7279;470,2897;-206,0608;206,9865;146,4389;-503,7064;501,94;359,3893;-642,2621;295,1572;580,2758;-536,8752;217,8985;495,2607;-488,293;361,4705;392,6631;0;0;0;0;0;0;-0,331879;0,524998;-1,28746;-0,61512;0,963449;-2,37751;-0,815392;1,298189;-3,18718;0;0;0;0;0;0;1,639366;0,018597;0,148773;-7,015228;5,595088;0,938415;-11,11507;2,882123;15,33222;0;0;0;0;0;0;0,61512;-0,009298;0,005722;-0,037193;0,006706;-0,031471;-0,154495;0,007868;-0,042915;0;0;0;0;0;0;-1,690865;-0,041485;-0,36335;0,203133;0,001431;0,11158;0,535011;0,002861;0,297546;0;0;0;0;0;0;0;0;0;0;0;0;0;0;0;3,868722;5,603809;7,243705;9,779479;43,55363;-0,272434;3,094273;1,386351;-5,26105;31,62307;89,11048;80,77242;-1,450504;63,82731;103,5775;93,78993;-12,09447;65,25245;103,3226;93,87175;-13,368;83,17043;103,312;94,14545;-0,149689;0,102596;-0,003805;0;0,350647;-0,017624;-0,000458;0;0,210214;-0,002518;0;0,000916;-0,690765;0,066834;0;0,000916;0;0;0;0;12,49695;-8,148765;-0,22831;0;21,03881;-1,057434;210,9649;189,9536;12,1283;-0,123596;0;0,109863;-41,44592;4,01001;0;0,054932;0;0;0;0
3;48;00:00:00:048;0;0;0;4,302625;0,933597;2,474855;8,207163;-1,400728;1,082421;11,4516;-3,593336;-0,074454;13,8959;-5,333401;-0,939849;3,75167;-0,025919;2,158472;9,074791;-4,191285;5,529182;13,26947;-7,017201;5,036297;13,51135;-6,281552;2,444057;11,76898;-5,023901;2,277732;3,030381;-1,255306;1,777811;7,925121;-6,057813;4,940859;12,17719;-7,73317;1,647632;10,4912;-5,97613;-0,197049;9,012502;-5,589464;1,797705;2,342303;-2,367893;1,490081;6,354959;-7,364465;4,157766;9,909016;-9,027377;1,08669;8,649556;-7,026927;-0,408811;7,257018;-6,586675;1,673311;1,691338;-3,44969;1,181267;4,437636;-8,315036;3,112946;6,717056;-8,807254;-0,096509;5,479604;-7,286368;-0,630491;4,663652;-7,416782;1,521744;63,0302;-13,73969;58,96037;-150,5249;70,35453;-179,9038;-147,4305;70,35455;-179,9037;-144,8898;70,19803;-178,6771;-144,8898;70,19804;-178,677;62,65022;-13,7397;58,96037;95,81035;-16,64889;54,36228;-175,0993;-15,91395;54,43432;-94,60603;-16,05491;55,45438;-94,60072;-15,82325;55,43499;64,11004;-16,41097;53,35297;127,1576;-14,55835;57,70925;-128,9219;-16,02847;56,38752;-34,89575;-14,58085;55,4999;-34,84936;-14,7046;55,31637;65,99536;-19,14423;47,07624;131,0517;-20,20204;48,18742;-125,0791;-21,52254;46,6414;-30,55843;-18,0615;44,75099;-30,48211;-18,19891;44,50572;69,26125;-22,66146;37,7431;149,7407;-20,51056;46,82637;-106,3677;-21,17599;45,18932;-12,01226;-17,35796;44,57767;-11,92525;-17,41687;44,28651;0;0;0;-46,98159;-53,02526;68,84858;-300,3463;-109,2783;358,7571;-523,5067;-141,6342;608,024;-695,9484;-160,6761;798,5307;-82,90865;1,545165;87,83099;-402,3517;254,46;338,8301;-676,1141;264,3004;626,8431;-683,6922;80,70675;699,7941;-571,0976;52,59358;589,8433;-128,1283;73,20667;110,6698;-469,5206;364,3513;371,535;-727,4329;161,5053;718,2511;-615,457;16,14842;650,3417;-523,4548;141,961;507,7413;-167,1857;142,0636;127,9325;-498,9085;444,8546;374,3682;-732,1114;273,7148;683,5643;-615,8036;119,8934;613,9857;-522,4666;244,6212;470,3364;-206,1172;206,9663;146,4605;-503,8433;501,887;359,4425;-642,3947;295,0555;580,3396;-536,9828;217,8131;495,3132;-488,4106;361,4069;392,7131;0;0;0;0,295043;-3,235459;0,708103;-3,230095;-9,52506;-0,9799;-6,394386;-14,76145;-2,314567;-8,863448;-18,71395;-3,304482;-0,501752;-2,821019;0,841498;-5,023956;-6,74057;3,129959;-9,221076;-31,10218;-7,544517;-6,279945;-25,5425;-17,76409;-4,1399;-14,54043;-14,74571;-1,531362;-2,268791;1,00708;-6,577492;-5,855083;3,370285;-7,965087;-11,08718;4,586219;-5,312919;-9,531229;3,953933;-5,28717;-7,571696;3,556252;-2,474069;-1,722336;1,150131;-7,584571;-4,64344;3,363132;-5,639076;-7,420062;5,558967;-6,654739;-8,039474;3,576278;-7,344245;-6,400108;2,803802;-3,38459;-1,213074;1,291036;-8,213996;-3,178596;3,192902;-7,947921;-6,0997;3,83377;-6,457329;-5,1198;3,149986;-7,055283;-3,813743;3,001213;3,869415;5,604221;7,243894;9,779275;43,56499;-0,280159;3,094337;1,386633;-5,268605;31,69385;89,11048;80,77242;-1,451987;63,82733;103,5775;93,78992;-12,08296;65,25134;103,3226;93,87173;-13,368;83,17043;103,312;94,14545;0,681839;-0,463514;0,003805;0,016937;-0,4533;4,246902;0;0,000458;-0,088999;0,001144;0;-0,000458;0,690765;-0,066834;0;-0,000916;0;0;0;0;49,89165;-33,96663;0,456619;1,016235;-48,23684;255,8716;0,027466;0,027466;-17,95277;0,219727;0;-0,082397;82,89183;-8,02002;0;-0,109863;0;0;0;0
4;64;00:00:00:064;0;0;0;4,302625;0,933597;2,474855;8,207163;-1,400728;1,082421;11,4516;-3,593336;-0,074454;13,8959;-5,333401;-0,939849;3,75167;-0,025919;2,158472;9,074791;-4,191285;5,529182;13,26947;-7,017201;5,036297;13,51135;-6,281552;2,444057;11,76898;-5,023901;2,277732;3,030381;-1,255306;1,777811;7,925121;-6,057813;4,940859;12,17719;-7,73317;1,647632;10,4912;-5,97613;-0,197049;9,012502;-5,589464;1,797705;2,342303;-2,367893;1,490081;6,354959;-7,364465;4,157766;9,909016;-9,027377;1,08669;8,649556;-7,026927;-0,408811;7,257018;-6,586675;1,673311;1,691338;-3,44969;1,181267;4,437636;-8,315036;3,112946;6,717056;-8,807254;-0,096509;5,479604;-7,286368;-0,630491;4,663652;-7,416782;1,521744;63,0302;-13,73969;58,96037;-150,5249;70,35453;-179,9038;-147,4305;70,35455;-179,9037;-144,8898;70,19803;-178,6771;-144,8898;70,19804;-178,677;62,65022;-13,7397;58,96037;95,81035;-16,64889;54,36228;-175,0993;-15,91395;54,43432;-94,60603;-16,05491;55,45438;-94,60072;-15,82325;55,43499;64,11004;-16,41097;53,35297;127,1576;-14,55835;57,70925;-128,9219;-16,02847;56,38752;-34,89575;-14,58085;55,4999;-34,84936;-14,7046;55,31637;65,99536;-19,14423;47,07624;131,0517;-20,20204;48,18742;-125,0791;-21,52254;46,6414;-30,55843;-18,0615;44,75099;-30,48211;-18,19891;44,50572;69,26125;-22,66146;37,7431;149,7407;-20,51056;46,82637;-106,3677;-21,17599;45,18932;-12,01226;-17,35796;44,57767;-11,92525;-17,41687;44,28651;0;0;0;-46,9627;-53,01384;68,81144;-300,3073;-109,2383;358,7283;-523,4495;-141,5704;608,001;-695,877;-160,5943;798,5115;-82,88754;1,555122;87,79442;-402,2748;254,4826;338,7209;-676,0381;264,2675;627,046;-683,4864;80,56875;699,9792;-570,8731;52,46378;589,8956;-128,1041;73,21455;110,6341;-469,4391;364,3705;371,4276;-727,3716;161,5682;718,0953;-615,426;16,20743;650,2096;-523,4071;142,0011;507,6253;-167,1581;142,0691;127,8979;-498,8273;444,869;374,2696;-732,0689;273,7441;683,4128;-615,7656;119,9452;613,8681;-522,4059;244,6577;470,2372;-206,0866;206,9697;146,4267;-503,767;501,896;359,3577;-642,3468;295,0933;580,2302;-536,9486;217,8466;495,2234;-488,3547;361,4251;392,6307;0;0;0;1,133323;0,685215;-2,228379;2,338886;2,401113;-1,729488;3,430367;3,830194;-1,387596;4,28009;4,9088;-1,14727;1,266003;0,597462;-2,194762;4,617691;1,354694;-6,550312;4,563331;-1,971245;12,17079;12,34817;-8,280157;11,10935;13,4697;-7,787704;3,135681;1,454115;0,472069;-2,143621;4,889488;1,148701;-6,443024;3,673553;3,770828;-9,349822;1,856804;3,540516;-7,925033;2,863884;2,407551;-6,958008;1,655102;0,329733;-2,077818;4,872322;0,861168;-5,916595;2,549171;1,753807;-9,089469;2,277374;3,102779;-7,052422;3,642082;2,188682;-5,953788;1,835346;0,205994;-2,022743;4,577636;0,535011;-5,085468;2,869606;2,264499;-6,566048;2,051353;2,008438;-5,384445;3,353119;1,094341;-4,946708;3,869415;5,604221;7,243894;9,779275;43,56499;-0,280159;3,094337;1,386633;-5,268605;31,69385;89,11048;80,77242;-1,451987;63,82733;103,5775;93,78992;-12,08296;65,25134;103,3226;93,87173;-13,368;83,17043;103,312;94,14545;0;0;0;0;0;0;0;0;0;0;0;0;0;0;0;0;0;0;0;0;-40,91034;27,81086;-0,22831;-1,016235;27,19802;-254,8141;0;-0,027466;5,339955;-0,068665;0;0,027466;-41,44592;4,01001;0;0,054932;0;0;0;0
5;80;00:00:00:080;0;0;0;4,303017;0,9336;2,474174;8,206996;-1,401199;1,080967;11,45094;-3,594201;-0,07652;13,89487;-5,33456;-0,942367;3,751948;-0,025916;2,157988;9,075197;-4,191238;5,52855;13,27006;-7,01653;5,033654;13,51067;-6,28073;2,441339;11,76805;-5,023321;2,275853;3,030519;-1,2553;1,777582;7,925312;-6,057757;4,940621;12,17681;-7,733902;1,647048;10,49073;-5,976935;-0,197631;9,012326;-5,589892;1,797269;2,34232;-2,367872;1,490087;6,35495;-7,364395;4,157903;9,908484;-9,027973;1,086582;8,648979;-7,027625;-0,409018;7,256745;-6,586997;1,673228;1,691235;-3,449662;1,181498;4,437421;-8,31496;3,113456;6,716388;-8,807767;-0,096231;5,478979;-7,28686;-0,630251;4,663297;-7,41693;1,522107;63,03279;-13,72944;58,95548;-150,5045;70,33904;-179,889;-147,4101;70,33903;-179,8889;-144,8705;70,18237;-178,6634;-144,8704;70,18241;-178,6633;62,6528;-13,72944;58,95549;95,83372;-16,63596;54,36383;-175,076;-15,90107;54,43618;-94,58248;-16,04243;55,45613;-94,57716;-15,81076;55,43681;64,11161;-16,40052;53,34826;127,1602;-14,54843;57,70345;-128,9195;-16,01849;56,38171;-34,89354;-14,57084;55,49419;-34,84719;-14,69458;55,31068;65,99573;-19,13367;47,07184;131,0523;-20,1915;48,18295;-125,0788;-21,51198;46,63704;-30,55851;-18,05094;44,74675;-30,48224;-18,18835;44,5015;69,25975;-22,65097;37,7394;149,7411;-20,49999;46,82199;-106,3676;-21,16544;45,18505;-12,01237;-17,3474;44,57344;-11,92542;-17,40631;44,28228;0;0;0;-46,9627;-53,01384;68,81144;-300,3215;-109,2619;358,7046;-523,4756;-141,6136;607,9574;-695,9121;-160,6525;798,453;-82,88754;1,555122;87,79442;-402,2748;254,4826;338,7209;-676,0003;264,1617;626,9838;-683,4523;80,49669;699,8597;-570,8553;52,44076;589,7942;-128,1041;73,21455;110,6341;-469,4391;364,3705;371,4276;-727,3746;161,5681;718,0952;-615,4259;16,2074;650,2096;-523,4064;142,0011;507,6255;-167,1581;142,0691;127,8979;-498,8273;444,869;374,2696;-732,0689;273,7441;683,4128;-615,7656;119,9452;613,8681;-522,4059;244,6577;470,2372;-206,0866;206,9697;146,4267;-503,767;501,896;359,3577;-642,3468;295,0933;580,2302;-536,9486;217,8466;495,2234;-488,3547;361,4251;392,6307;0;0;0;0;0;0;-0,855446;-1,414776;-1,421928;-1,570702;-2,596378;-2,612114;-2,105713;-3,492594;-3,513336;0;0;0;0;0;0;2,26593;-6,351471;-3,730773;2,048492;-4,32372;-7,172584;1,067161;-1,381159;-6,082534;0;0;0;0;0;0;-0,174522;-0,002146;-0,005722;0,008583;-0,001341;0;0,042915;0;0,011444;0;0;0;0;0;0;0;0;0;0;0;0;0;0;0;0;0;0;0;0;0;0;0;0;0;0;0;0;0;0;3,870039;5,604469;7,243943;9,779158;43,57171;-0,28461;3,094337;1,386492;-5,262055;31,71698;89,11049;80,77241;-1,453065;63,82735;103,5774;93,7899;-12,08296;65,25134;103,3226;93,87173;-13,368;83,17043;103,312;94,14545;0,403061;-0,267077;0;-0,008461;0,39299;1,387596;0,000458;-0,000916;-0,064666;0,001373;-0,000458;-0,001373;0;0;0;0;0;0;0;0;24,18365;-16,02459;0;-0,507689;23,5794;83,25575;0,027466;-0,054932;-3,879976;0,082397;-0,027466;-0,082397;0;0;0;0;0;0;0;0
6;96;00:00:00:096;0;0;0;4,305674;0,934943;2,469038;8,208869;-1,397317;1,069396;11,4523;-3,588208;-0,093535;13,89589;-5,326981;-0,963514;3,754703;-0,024745;2,153205;9,084403;-4,188515;5,515481;13,28013;-7,011029;5,012171;13,51619;-6,27349;2,419931;11,77257;-5,017005;2,257992;3,03343;-1,254365;1,77327;7,934741;-6,055421;4,928336;12,18291;-7,728166;1,628746;10,49358;-5,971399;-0,213144;9,017516;-5,585847;1,783776;2,345446;-2,367192;1,486246;6,364065;-7,362591;4,147142;9,914556;-9,023206;1,0707;8,652109;-7,022971;-0,422569;7,262294;-6,583823;1,661605;1,694531;-3,449209;1,178092;4,445704;-8,313775;3,104789;6,720842;-8,804233;-0,107972;5,481963;-7,283775;-0,639866;4,669088;-7,415052;1,513481;63,10811;-13,70968;58,96745;-150,5685;70,25742;-179,9196;-147,474;70,25741;-179,9196;-144,939;70,10124;-178,6983;-144,939;70,10126;-178,6983;62,72812;-13,70968;58,96746;95,93252;-16,6116;54,36929;-174,9776;-15,87683;54,44296;-94,48351;-16,01988;55,46251;-94,47836;-15,78817;55,44365;64,18549;-16,37369;53,35723;127,2354;-14,52717;57,71418;-128,8443;-15,99555;56,39059;-34,81926;-14,54679;55,50514;-34,77295;-14,6703;55,32148;66,06721;-19,09926;47,07827;131,125;-20,15841;48,18771;-125,0065;-21,47706;46,64037;-30,48902;-18,01383;44,75507;-30,41286;-18,15095;44,50969;69,3259;-22,60608;37,74378;149,813;-20,46529;46,82665;-106,2965;-21,12882;45,18921;-11,94327;-17,31009;44,58269;-11,8565;-17,36866;44,29152;0;0;0;-46,98618;-53,01401;68,85235;-300,3271;-109,2594;358,766;-523,4652;-141,6091;608,0338;-695,8893;-160,6464;798,5402;-82,90426;1,554966;87,82346;-402,2992;254,4798;338,7589;-676,0434;264,015;627,0759;-683,4101;80,37496;699,8997;-570,7933;52,38289;589,8037;-128,1123;73,21414;110,6479;-469,4505;364,3671;371,4419;-727,3521;161,6121;718,1302;-615,3976;16,2557;650,2447;-523,3957;142,0268;507,6518;-167,1592;142,0679;127,8976;-498,8268;444,8647;374,2614;-732,037;273,7799;683,4193;-615,731;119,987;613,8804;-522,3895;244,677;470,2422;-206,0804;206,968;146,4129;-503,7541;501,8914;359,3271;-642,3067;295,1241;580,2135;-536,9111;217,8761;495,209;-488,3334;361,434;392,6089;0;0;0;-1,40816;-0,010014;2,4544;-0,33617;0,150204;3,680706;0,626564;0,273228;4,580497;1,367569;0,362635;5,229949;-1,003146;-0,009388;1,742721;-1,461983;-0,170231;2,274513;-2,586365;-8,800506;5,530357;2,529144;-7,303475;2,400398;3,719329;-3,472209;0,569344;-0,494957;-0,023961;0,826836;-0,683784;-0,198841;0,858307;1,350403;2,636432;2,102852;1,693726;2,898127;2,102852;0,640869;1,542091;1,576424;-0,061512;-0,072241;-0,018597;0,025749;-0,25177;-0,492096;1,914024;2,148628;0,389099;2,077102;2,510547;0,741005;0,981331;1,158714;0,297546;0,371933;-0,102997;-0,831127;0,775337;-0,274658;-1,835346;2,40612;1,848221;-1,001358;2,251625;1,768112;-0,864029;1,278877;0,533581;-1,308918;3,870747;5,60474;7,243995;9,779027;43,57907;-0,289613;3,094337;1,386351;-5,265219;31,74061;89,11048;80,77242;-1,4532;63,82735;103,5775;93,78992;-12,08296;65,25134;103,3226;93,87173;-13,368;83,17043;103,312;94,14545;0,441513;-0,300179;0;-0,008476;-0,189858;1,417694;-0,000458;0,000458;-0,008082;-0,000458;0,000458;0,001373;0;0;0;0;0;0;0;0;2,307129;-1,98612;0;-0,000858;-34,97085;1,805878;-0,054932;0,082397;3,395033;-0,109863;0,054932;0,164795;0;0;0;0;0;0;0;0
7;112;00:00:00:112;0;0;0;4,308419;0,93262;2,465126;8,209805;-1,400165;1,061325;11,45166;-3,591494;-0,105167;13,89404;-5,330597;-0,977866;3,756852;-0,02677;2,149429;9,088708;-4,193549;5,504551;13,28236;-7,018108;4,995427;13,51623;-6,279215;2,403376;11,77315;-5,021668;2,2439;3,034841;-1,256017;1,769683;7,937915;-6,059865;4,91775;12,18227;-7,732439;1,613169;10,49163;-5,974353;-0,226254;9,01768;-5,589235;1,772312;2,346246;-2,368519;1,482866;6,366078;-7,36624;4,137563;9,912999;-9,026548;1,056843;8,649637;-7,025299;-0,434291;7,26204;-6,586653;1,651465;1,694708;-3,450212;1,174896;4,446396;-8,316414;3,096722;6,718169;-8,806136;-0,118532;5,479201;-7,285089;-0,648523;4,668447;-7,417065;1,505581;63,17196;-13,70137;58,93567;-150,6398;70,2108;179,9968;-147,5454;70,21079;179,9969;-145,0128;70,05513;-178,784;-145,0128;70,05515;-178,784;62,79198;-13,70137;58,93566;96,00111;-16,60484;54,31781;-174,9093;-15,87014;54,39236;-94,41504;-16,01436;55,41174;-94,40995;-15,78263;55,39315;64,249;-16,35937;53,32269;127,2995;-14,51779;57,68085;-128,7801;-15,98473;56,35561;-34,75564;-14,53501;55,47189;-34,70932;-14,65833;55,28808;66,12962;-19,07834;47,0412;131,1882;-20,13863;48,14927;-124,9433;-21,4557;46,60059;-30,42793;-17,99053;44,71953;-30,35183;-18,12741;44,47403;69,38528;-22,57587;37,70432;149,8758;-20,44412;46,78803;-106,234;-21,10597;45,15005;-11,88249;-17,28662;44,54796;-11,79583;-17,3449;44,25677;0;0;0;-47,14563;-53,09464;69,1605;-300,4203;-109,4607;359,492;-523,5111;-141,9106;609,1132;-695,9029;-161,0231;799,8875;-83,06955;1,48467;88,11046;-402,8515;254,3164;339,543;-676,728;263,6841;628,3575;-683,7992;79,93997;701,1782;-571,0856;52,00383;590,872;-128,287;73,1581;110,9066;-470,0162;364,2269;372,179;-727,7203;161,2679;719,2283;-615,5686;15,92354;651,1757;-523,7066;141,7841;508,4616;-167,3467;142,0271;128,128;-499,3737;444,7566;374,907;-732,4012;273,4938;684,3723;-615,9187;119,7078;614,6935;-522,7224;244,4866;470,9396;-206,2782;206,9409;146,6172;-504,251;501,8203;359,8471;-642,574;294,912;580,9179;-537,0901;217,691;495,7859;-488,6808;361,3213;393,1264;0;0;0;-9,567439;-4,837989;18,489;-5,591869;-12,07709;43,56479;-2,755165;-18,08882;64,76497;-0,815392;-22,60351;80,84106;-9,917377;-4,217773;17,21978;-33,13923;-9,801864;47,04809;-41,0757;-19,85693;76,89285;-23,34308;-26,09932;76,7126;-17,53807;-22,7437;64,09835;-10,48207;-3,362417;15,52248;-33,94603;-8,414268;44,22712;-22,09282;-20,65158;65,88649;-10,25677;-19,93015;55,85861;-18,65387;-14,56332;48,58589;-11,25169;-2,44832;13,82589;-32,81307;-6,491661;38,73968;-21,85535;-17,16327;57,17467;-11,26385;-16,75272;48,78616;-19,97566;-11,42692;41,84532;-11,86609;-1,629353;12,25805;-29,81758;-4,262924;31,19802;-16,03603;-12,7244;42,26589;-10,74314;-11,1022;34,61265;-20,84827;-6,762028;31,05497;3,86955;5,6044;7,243931;9,779187;43,57003;-0,283535;3,094273;1,386492;-5,282348;31,74149;89,1105;80,77241;-1,454008;63,82735;103,5775;93,78992;-12,08296;65,25134;103,3226;93,87173;-13,368;83,17043;103,312;94,14545;-0,542221;0,364723;-0,003805;0,008476;-1,027708;0,053101;0,000916;-0,000458;-0,048466;0,000458;0;0;0;0;0;0;0;0;0;0;-59,02404;39,8941;-0,22831;1,017094;-50,27103;-81,8756;0,082397;-0,054932;-2,423;0,054932;-0,027466;-0,082397;0;0;0;0;0;0;0;0
8;128;00:00:00:128;0;0;0;4,308419;0,93262;2,465126;8,209805;-1,400165;1,061325;11,45166;-3,591494;-0,105167;13,89404;-5,330597;-0,977866;3,756852;-0,02677;2,149429;9,088708;-4,193549;5,504551;13,28236;-7,018108;4,995427;13,51623;-6,279215;2,403376;11,77315;-5,021668;2,2439;3,034841;-1,256017;1,769683;7,937915;-6,059865;4,91775;12,18227;-7,732439;1,613169;10,49163;-5,974353;-0,226254;9,01768;-5,589235;1,772312;2,346246;-2,368519;1,482866;6,366078;-7,36624;4,137563;9,912999;-9,026548;1,056843;8,649637;-7,025299;-0,434291;7,26204;-6,586653;1,651465;1,694708;-3,450212;1,174896;4,446396;-8,316414;3,096722;6,718169;-8,806136;-0,118532;5,479201;-7,285089;-0,648523;4,668447;-7,417065;1,505581;63,17196;-13,70137;58,93567;-150,6398;70,2108;179,9968;-147,5454;70,21079;179,9969;-145,0128;70,05513;-178,784;-145,0128;70,05515;-178,784;62,79198;-13,70137;58,93566;96,00111;-16,60484;54,31781;-174,9093;-15,87014;54,39236;-94,41504;-16,01436;55,41174;-94,40995;-15,78263;55,39315;64,249;-16,35937;53,32269;127,2995;-14,51779;57,68085;-128,7801;-15,98473;56,35561;-34,75564;-14,53501;55,47189;-34,70932;-14,65833;55,28808;66,12962;-19,07834;47,0412;131,1882;-20,13863;48,14927;-124,9433;-21,4557;46,60059;-30,42793;-17,99053;44,71953;-30,35183;-18,12741;44,47403;69,38528;-22,57587;37,70432;149,8758;-20,44412;46,78803;-106,234;-21,10597;45,15005;-11,88249;-17,28662;44,54796;-11,79583;-17,3449;44,25677;0;0;0;-47,31032;-52,95526;69,3952;-300,4765;-109,2898;359,9763;-523,4729;-141,7134;609,8112;-695,7924;-160,8061;800,7487;-83,1985;1,606219;88,33703;-403,1098;254,6185;340,1988;-676,8617;264,1088;629,3621;-683,8018;80,28348;702,1715;-571,1206;52,2836;591,7175;-128,3717;73,25717;111,1218;-470,2067;364,4935;372,8141;-727,6819;161,5243;720,1629;-615,4514;16,10081;651,9622;-523,7165;141,9874;509,1494;-167,3947;142,1067;128,3308;-499,4944;444,9755;375,4817;-732,3079;273,6944;685,2037;-615,7704;119,8475;615,3969;-522,7072;244,6564;471,548;-206,2888;207,0011;146,809;-504,2926;501,9786;360,3312;-642,4136;295,0262;581,5516;-536,9244;217,7698;496,3053;-488,6424;361,4421;393,6005;0;0;0;-9,881257;8,363127;14,08231;-3,368855;10,25247;29,05511;2,29454;11,8289;41,87965;6,634712;13,02123;51,67294;-7,73692;7,292932;13,59415;-15,49816;18,12315;39,34764;-8,019446;25,48456;60,27602;-0,160217;20,61009;59,59796;-2,09713;16,78633;50,73166;-5,080461;5,944132;12,91251;-11,42692;15,99884;38,10882;2,300262;15,38515;56,07605;7,029533;10,6363;47,19543;-0,595093;12,19582;41,26739;-2,880335;4,775047;12,16721;-7,244109;13,13496;34,48104;5,601882;12,03203;49,88765;8,89778;8,382081;42,20008;0,912666;10,1881;36,50379;-0,636578;3,612041;11,50846;-2,491951;9,498595;29,04367;9,621619;6,85215;38,01727;9,942054;4,726409;31,16512;2,308845;7,248401;28,44143;3,86955;5,6044;7,243931;9,779187;43,57003;-0,283535;3,094273;1,386492;-5,282348;31,74149;89,1105;80,77241;-1,454008;63,82735;103,5775;93,78992;-12,08296;65,25134;103,3226;93,87173;-13,368;83,17043;103,312;94,14545;0;0;0;0;0;0;0;0;0;0;0;0;0;0;0;0;0;0;0;0;32,53326;-21,88339;0,22831;-0,508547;61,66248;-3,186035;-0,054932;0,027466;2,907943;-0,027466;0;0;0;0;0;0;0;0;0;0
9;144;00:00:00:144;0;0;0;4,310919;0,930014;2,461736;8,209942;-1,404411;1,054098;11,44971;-3,597102;-0,115634;13,89048;-5,337233;-0,990792;3,75862;-0,029043;2,146307;9,091206;-4,199108;5,496182;13,28289;-7,025842;4,982943;13,51502;-6,286489;2,390864;11,77249;-5,027955;2,233121;3,03569;-1,257859;1,766917;7,93901;-6,064741;4,909966;12,17973;-7,738853;1,601502;10,4885;-5,979462;-0,236132;9,016419;-5,593997;1,763739;2,346309;-2,369966;1,480451;6,365882;-7,370189;4,130825;9,909129;-9,031965;1,046669;8,645869;-7,029435;-0,442828;7,2603;-6,590471;1,644211;1,693985;-3,451278;1,172807;4,444871;-8,319213;3,091388;6,713737;-8,809415;-0,125845;5,475077;-7,287653;-0,654508;4,666044;-7,419656;1,50024;63,21987;-13,68655;58,89615;-150,6736;70,16129;179,9368;-147,5792;70,1613;179,9369;-145,0494;70,0059;-178,8466;-145,0494;70,00591;-178,8466;62,83989;-13,68656;58,89615;96,04924;-16,58766;54,27276;-174,8613;-15,85301;54,34795;-94,36672;-15,99805;55,36711;-94,36167;-15,76632;55,34872;64,29578;-16,34007;53,28136;127,3478;-14,50301;57,63814;-128,7317;-15,96889;56,31171;-34,70788;-14,51845;55,42932;-34,66158;-14,64162;55,24543;66,17458;-19,05425;46,99834;131,2379;-20,11933;48,09384;-124,8937;-21,43514;46,54414;-30,38017;-17,96848;44,66647;-30,30414;-18,10516;44,42088;69,42645;-22,5452;37,66034;149,9211;-20,41984;46,74407;-106,1894;-21,08049;45,1058;-11,83913;-17,26071;44,50692;-11,75258;-17,31878;44,21571;0;0;0;-47,31032;-52,95526;69,3952;-300,48;-109,2956;359,9705;-523,4794;-141,7241;609,8004;-695,801;-160,8205;800,7343;-83,1985;1,606219;88,33703;-403,1098;254,6185;340,1988;-676,8781;264,1086;629,3606;-683,8137;80,28332;702,1703;-571,1249;52,28358;591,7168;-128,3717;73,25717;111,1218;-470,2067;364,4935;372,8141;-727,6898;161,5243;720,1627;-615,451;16,10083;651,9625;-523,7145;141,9874;509,1498;-167,3947;142,1067;128,3308;-499,4944;444,9755;375,4817;-732,3361;273,6937;685,1976;-615,767;119,8475;615,3987;-522,6983;244,6564;471,5529;-206,2888;207,0011;146,809;-504,2926;501,9786;360,3312;-642,4136;295,0262;581,5516;-536,9244;217,7698;496,3053;-488,6424;361,4421;393,6005;0;0;0;0;0;0;-0,213146;-0,34976;-0,350475;-0,389099;-0,640154;-0,649452;-0,520706;-0,864029;-0,869751;0;0;0;0;0;0;-0,987053;-0,014305;-0,091553;-0,712395;-0,009298;-0,074387;-0,260353;-0,001073;-0,042915;0;0;0;0;0;0;-0,472069;-0,001431;-0,014305;0,025749;0,001341;0,017166;0,117302;-0,000715;0,025749;0;0;0;0;0;0;-1,688004;-0,041485;-0,36335;0,203133;0,001431;0,11158;0,535011;0,001431;0,297546;0;0;0;0;0;0;0;0;0;0;0;0;0;0;0;3,869773;5,604446;7,243833;9,779157;43,5717;-0,284684;3,094273;1,386351;-5,285871;31,74167;89,11048;80,77241;-1,456697;63,82739;103,5775;93,78992;-12,09447;65,25245;103,3226;93,87175;-13,368;83,17043;103,312;94,14545;0,10025;-0,068979;0;-0,008476;-0,211372;0,010872;-0,000916;0;-0,161355;0,00206;0;-0,000458;-0,690765;0,066834;0;0,000916;0;0;0;0;6,015014;-4,138756;0;-0,508547;-12,68234;0,652313;-0,054932;0;-9,681272;0,123596;0;-0,027466;-41,44592;4,01001;0;0,054932;0;0;0;0
10;160;00:00:00:160;0;0;0;4,313092;0,931951;2,457193;8,21078;-1,401059;1,043526;11,44953;-3,592575;-0,131201;13,88958;-5,33182;-1,010118;3,760848;-0,027354;2,142424;9,098545;-4,194991;5,487175;13,29149;-7,019183;4,970203;13,52046;-6,280243;2,377729;11,77697;-5,022846;2,221518;3,038012;-1,256491;1,763896;7,946483;-6,061136;4,902323;12,18456;-7,733692;1,589689;10,49061;-5,975332;-0,246422;9,020415;-5,590295;1,75492;2,348778;-2,368898;1,478246;6,37307;-7,36728;4,124928;9,914087;-9,027605;1,037433;8,648142;-7,026079;-0,451136;7,264475;-6,587518;1,637248;1,696564;-3,450496;1,171377;4,451362;-8,317163;3,087566;6,717095;-8,806765;-0,131965;5,477288;-7,285543;-0,659489;4,670534;-7,417667;1,496107;63,26922;-13,6514;58,9072;-150,6643;70,07082;179,9675;-147,5699;70,07082;179,9675;-145,0458;69,91537;-178,8213;-145,0457;69,91541;-178,8213;62,88923;-13,6514;58,9072;96,09195;-16,54301;54,29683;-174,8187;-15,80843;54,37257;-94,32325;-15,9542;55,39139;-94,31828;-15,72246;55,3732;64,34191;-16,3004;53,2911;127,3955;-14,46502;57,65305;-128,6847;-15,92983;56,32561;-34,6618;-14,47871;55,4446;-34,61561;-14,60173;55,26064;66,21655;-19,00996;47,00736;131,2771;-20,07186;48,11324;-124,8556;-21,38669;46,56308;-30,34454;-17,91889;44,68835;-30,26869;-18,05542;44,44275;69,46104;-22,49507;37,66981;149,9632;-20,37538;46,75209;-106,1485;-21,03492;45,11381;-11,79965;-17,21475;44,51793;-11,71334;-17,27262;44,22675;0;0;0;-47,46035;-52,79885;69,59858;-300,5438;-109,1325;360,3117;-523,4642;-141,5559;610,2588;-695,724;-160,6485;801,2821;-83,30453;1,742598;88,52432;-403,2596;254,952;340,7009;-676,8388;264,5734;630,1162;-683,6894;80,72025;702,9262;-571,0665;52,66088;592,3666;-128,4226;73,36772;111,2877;-470,2724;364,7861;373,2812;-727,5239;161,9092;720,863;-615,2643;16,40738;652,5546;-523,6421;142,2731;509,6633;-167,3985;142,1935;128,4757;-499,4827;445,2124;375,886;-732,0757;274,0194;685,8141;-615,5443;120,0956;615,9091;-522,6028;244,8855;471,9832;-206,2454;207,065;146,9343;-504,2011;502,1466;360,6512;-642,1477;295,2229;581,9904;-536,677;217,9237;496,6644;-488,4982;361,5976;393,9209;0;0;0;-9,001493;9,384512;12,20262;-3,828048;9,788274;20,47348;0,909805;10,0944;27,50874;4,620552;10,32257;32,87315;-6,3622;8,182749;11,23774;-8,992194;20,00999;30,12657;2,360344;27,89068;45,33863;7,458686;26,21591;45,35579;3,504753;22,63784;38,98429;-3,053427;6,632924;9,956359;-3,942489;17,55523;28,02229;9,950637;23,09346;42,0227;11,20376;18,39325;35,52818;4,345893;17,14468;30,81035;-0,228882;5,209922;8,693217;0,703812;14,21356;24,25861;15,62118;19,54222;36,9873;13,36384;14,88733;30,61866;5,730628;13,74435;25,81501;2,603531;3,835201;7,518767;5,490303;10,07938;19,20175;15,95306;11,80172;26,32713;14,84585;9,23252;21,54636;8,651732;9,328364;19,22607;3,873249;5,605448;7,244129;9,778692;43,59787;-0,302304;3,094273;1,38621;-5,27065;31,74089;89,11048;80,77242;-1,451987;63,82733;103,5775;93,78992;-12,08296;65,25134;103,3226;93,87173;-13,368;83,17043;103,312;94,14545;1,5699;-1,057205;0;-0,008469;0,913239;-0,046692;0;0,000458;0,282569;-0,003433;0;0,000458;0,690765;-0,066834;0;-0,000916;0;0;0;0;88,17901;-59,29355;0;0,000429;67,47665;-3,453826;0,054932;0,027466;26,63541;-0,32959;0;0,054932;82,89183;-8,02002;0;-0,109863;0;0;0;0
11;176;00:00:00:176;0;0;0;4,313092;0,931951;2,457193;8,21078;-1,401059;1,043526;11,44953;-3,592575;-0,131201;13,88958;-5,33182;-1,010118;3,760848;-0,027354;2,142424;9,098545;-4,194991;5,487175;13,29149;-7,019183;4,970203;13,52046;-6,280243;2,377729;11,77697;-5,022846;2,221518;3,038012;-1,256491;1,763896;7,946483;-6,061136;4,902323;12,18456;-7,733692;1,589689;10,49061;-5,975332;-0,246422;9,020415;-5,590295;1,75492;2,348778;-2,368898;1,478246;6,37307;-7,36728;4,124928;9,914087;-9,027605;1,037433;8,648142;-7,026079;-0,451136;7,264475;-6,587518;1,637248;1,696564;-3,450496;1,171377;4,451362;-8,317163;3,087566;6,717095;-8,806765;-0,131965;5,477288;-7,285543;-0,659489;4,670534;-7,417667;1,496107;63,26922;-13,6514;58,9072;-150,6643;70,07082;179,9675;-147,5699;70,07082;179,9675;-145,0458;69,91537;-178,8213;-145,0457;69,91541;-178,8213;62,88923;-13,6514;58,9072;96,09195;-16,54301;54,29683;-174,8187;-15,80843;54,37257;-94,32325;-15,9542;55,39139;-94,31828;-15,72246;55,3732;64,34191;-16,3004;53,2911;127,3955;-14,46502;57,65305;-128,6847;-15,92983;56,32561;-34,6618;-14,47871;55,4446;-34,61561;-14,60173;55,26064;66,21655;-19,00996;47,00736;131,2771;-20,07186;48,11324;-124,8556;-21,38669;46,56308;-30,34454;-17,91889;44,68835;-30,26869;-18,05542;44,44275;69,46104;-22,49507;37,66981;149,9632;-20,37538;46,75209;-106,1485;-21,03492;45,11381;-11,79965;-17,21475;44,51793;-11,71334;-17,27262;44,22675;0;0;0;-47,59072;-52,91513;69,87115;-300,5941;-109,3336;360,946;-523,4537;-141,8275;611,1929;-695,6703;-160,9733;802,4417;-83,4382;1,64121;88,75731;-403,7;254,705;341,2414;-677,3544;264,1739;630,8806;-684,0161;80,34555;703,7143;-571,3357;52,35437;593,0627;-128,562;73,28564;111,469;-470,7208;364,5698;373,7398;-727,8139;161,5995;721,5718;-615,3907;16,15955;653,1721;-523,8818;142,051;510,1924;-167,5466;142,1294;128,608;-499,914;445,0378;376,2398;-732,3732;273,7578;686,3683;-615,6807;119,8942;616,4076;-522,8533;244,7083;472,401;-206,4001;207,0181;147,0201;-504,5905;502,0236;360,8806;-642,3492;295,0639;582,3575;-536,8096;217,7971;496,9633;-488,7676;361,4783;394,1689;0;0;0;-7,822751;-6,976604;16,35432;-3,014087;-12,06779;38,06018;0,629425;-16,2971;56,04172;3,218651;-19,48643;69,57435;-8,019804;-6,08325;13,97896;-26,42155;-14,81867;32,42826;-30,93624;-23,97108;45,85933;-19,59801;-22,48228;47,28698;-16,15047;-18,39065;41,77093;-8,362054;-4,925251;10,87689;-26,9022;-12,97903;27,51589;-17,39788;-18,57948;42,52624;-7,584571;-14,87016;37,04452;-14,38522;-13,32521;31,74877;-8,885621;-3,84593;7,938622;-25,87795;-10,47134;21,22593;-17,84992;-15,697;33,2508;-8,179664;-12,08353;29,91199;-15,02895;-10,63299;25,06828;-9,285449;-2,812385;5,149841;-23,36883;-7,384299;13,76009;-12,08782;-9,537219;22,03274;-7,956504;-7,593154;17,93003;-16,16478;-7,161139;14,88161;3,873249;5,605448;7,244129;9,778692;43,59787;-0,302304;3,094273;1,38621;-5,27065;31,74089;89,11048;80,77242;-1,451987;63,82733;103,5775;93,78992;-12,08296;65,25134;103,3226;93,87173;-13,368;83,17043;103,312;94,14545;0;0;0;0;0;0;0;0;0;0;0;0;0;0;0;0;0;0;0;0;-94,19402;63,43231;0;0,508118;-54,7943;2,801513;0;-0,027466;-16,95414;0,205994;0;-0,027466;-41,44592;4,01001;0;0,054932;0;0;0;0
12;192;00:00:00:192;0;0;0;4,314023;0,932628;2,455301;8,212199;-1,39863;1,040091;11,45144;-3,58869;-0,135992;13,8919;-5,326839;-1,015955;3,761941;-0,026764;2,140511;9,102731;-4,193659;5,481247;13,2967;-7,015806;4,961439;13,52402;-6,27611;2,369034;11,77988;-5,019469;2,214023;3,039327;-1,256025;1,761962;7,950999;-6,060006;4,896391;12,18796;-7,730091;1,581091;10,49249;-5,971732;-0,253614;9,023177;-5,587819;1,748593;2,350321;-2,368573;1,476311;6,37763;-7,366434;4,119385;9,917338;-9,024935;1,029409;8,65032;-7,023002;-0,457697;7,267646;-6,585514;1,631569;1,698315;-3,450294;1,169433;4,455716;-8,316635;3,082696;6,719983;-8,804466;-0,138135;5,479396;-7,283496;-0,664552;4,67378;-7,416567;1,49141;63,30436;-13,65183;58,91813;-150,7136;70,0582;179,9408;-147,6192;70,05823;179,9408;-145,0955;69,90314;-178,8483;-145,0955;69,90314;-178,8483;62,92437;-13,65183;58,91813;96,12533;-16,53777;54,31347;-174,7854;-15,80323;54,38967;-94,28983;-15,94959;55,40837;-94,28492;-15,71783;55,39031;64,37737;-16,29748;53,30038;127,4307;-14,46461;57,66369;-128,6493;-15,92865;56,33532;-34,62663;-14,477;55,45524;-34,58043;-14,59991;55,2712;66,25199;-19,00334;47,01506;131,3168;-20,06984;48,10868;-124,8156;-21,38365;46,55757;-30,30548;-17,91464;44,68541;-30,22965;-18,05101;44,43972;69,49567;-22,4831;37,6758;149,9989;-20,36862;46,7589;-106,1128;-21,0272;45,12025;-11,7649;-17,20668;44,52687;-11,67862;-17,26438;44,23568;0;0;0;-47,59072;-52,91513;69,87115;-300,5649;-109,2855;360,9945;-523,4001;-141,7391;611,282;-695,5985;-160,8544;802,5613;-83,4382;1,64121;88,75731;-403,7;254,705;341,2414;-677,318;264,1743;630,884;-683,9897;80,34583;703,717;-571,3261;52,35444;593,0642;-128,562;73,28564;111,469;-470,7208;364,5698;373,7398;-727,8132;161,5995;721,5719;-615,3907;16,15952;653,1721;-523,8821;142,051;510,1924;-167,5466;142,1294;128,608;-499,914;445,0378;376,2398;-732,4014;273,7571;686,3622;-615,6772;119,8943;616,4094;-522,8444;244,7083;472,4059;-206,4001;207,0181;147,0201;-504,5905;502,0236;360,8806;-642,3492;295,0639;582,3575;-536,8096;217,7971;496,9633;-488,7676;361,4783;394,1689;0;0;0;0;0;0;1,750946;2,888918;2,90966;3,212929;5,302906;5,347251;4,311561;7,129669;7,175445;0;0;0;0;0;0;2,18296;0,024319;0,205994;1,579285;0,017166;0,160217;0,575066;0,003934;0,088692;0;0;0;0;0;0;0,040054;0;0,005722;-0,002861;-0,001341;0;-0,011444;0;0;0;0;0;0;0;0;-1,690865;-0,041485;-0,366211;0,203133;0,001431;0,11158;0,53215;0,002861;0,297546;0;0;0;0;0;0;0;0;0;0;0;0;0;0;0;3,871416;5,604935;7,243921;9,778935;43,58411;-0,29302;3,094337;1,386351;-5,262874;31,7405;89,11047;80,77242;-1,451852;63,82733;103,5774;93,7899;-12,09447;65,25245;103,3226;93,87175;-13,368;83,17043;103,312;94,14545;-0,825119;0,557041;0,003805;0,008469;0,466547;-0,023804;-0,000458;0;0,00809;0;-0,000458;-0,001373;-0,690765;0,066834;0;0,000916;0;0;0;0;-49,50713;33,42247;0,22831;0,508118;27,99282;-1,428222;-0,027466;0;0,485373;0;-0,027466;-0,082397;-41,44592;4,01001;0;0,054932;0;0;0;0
13;208;00:00:00:208;0;0;0;4,314023;0,932628;2,455301;8,211668;-1,398629;1,038626;11,45047;-3,588687;-0,138681;13,89059;-5,326836;-1,01957;3,761941;-0,026764;2,140511;9,102731;-4,193659;5,481247;13,29672;-7,015778;4,961449;13,52404;-6,276089;2,369041;11,77989;-5,019461;2,214026;3,039327;-1,256025;1,761962;7,950999;-6,060006;4,896391;12,18796;-7,730093;1,581089;10,49249;-5,971731;-0,253615;9,023178;-5,587818;1,748593;2,350321;-2,368573;1,476311;6,37763;-7,366434;4,119385;9,91764;-9,0246;1,029576;8,65027;-7,023032;-0,457725;7,267514;-6,585592;1,631498;1,698315;-3,450294;1,169433;4,455716;-8,316635;3,082696;6,719983;-8,804466;-0,138135;5,479396;-7,283496;-0,664552;4,67378;-7,416567;1,49141;63,30436;-13,65183;58,91813;-150,7179;70,0376;179,9362;-147,6235;70,03757;179,9363;-145,101;69,88247;-178,8541;-145,101;69,88257;-178,854;62,92437;-13,65183;58,91813;96,12522;-16,5376;54,31392;-174,7855;-15,80306;54,39011;-94,28997;-15,94941;55,40882;-94,28505;-15,71765;55,39076;64,37737;-16,29748;53,30038;127,4307;-14,46465;57,66362;-128,6492;-15,92867;56,33525;-34,6266;-14,47703;55,45517;-34,58042;-14,59993;55,27114;66,25199;-19,00334;47,01506;131,3129;-20,06589;48,1202;-124,8197;-21,37981;46,56922;-30,30963;-17,91092;44,69685;-30,23379;-18,04731;44,45116;69,49567;-22,4831;37,6758;149,9989;-20,36862;46,7589;-106,1128;-21,0272;45,12025;-11,7649;-17,20668;44,52687;-11,67862;-17,26438;44,23568;0;0;0;-47,64658;-52,9557;69,98469;-300,6867;-109,4918;361,1395;-523,5822;-142,0834;611,4573;-695,8278;-161,3028;802,761;-83,50382;1,605816;88,87213;-403,9512;254,625;341,597;-677,6285;263,9717;631,41;-684,2017;80,09782;704,239;-571,4999;52,15182;593,514;-128,6408;73,25766;111,585;-470,9917;364,502;374,0957;-728,0176;161,3834;722,0878;-615,5034;15,9435;653,6036;-524,0477;141,9024;510,5721;-167,6392;142,1099;128,7241;-500,1876;444,9871;376,5725;-732,5682;273,5976;686,8497;-615,8114;119,7097;616,8013;-523,0435;244,588;472,7418;-206,5052;207,006;147,1368;-504,8518;501,9919;361,1727;-642,5225;294,926;582,7278;-536,9362;217,6743;497,2671;-488,9624;361,4123;394,4507;0;0;0;-3,351331;-2,43473;6,812096;-7,309913;-12,38036;8,7018;-10,92052;-20,65587;10,51998;-13,75866;-26,90005;11,98196;-3,937482;-2,123639;6,889343;-15,06901;-4,796504;21,3418;-18,63384;-12,15362;31,5628;-12,71725;-14,88089;31,31675;-10,42557;-12,1572;26,99089;-4,732847;-1,678348;6,962299;-16,25633;-4,065513;21,35324;-12,2652;-12,96687;30,9534;-6,760597;-12,96177;25,8894;-9,939193;-8,917092;22,7766;-5,556821;-1,169443;6,96516;-16,41369;-3,046989;19,96136;-10,01358;-9,571551;29,25109;-8,048057;-11,07645;23,50902;-11,94763;-7,216929;20,14732;-6,302834;-0,72813;6,998062;-15,67268;-1,896858;17,52949;-10,3941;-8,278369;22,21298;-7,590293;-7,371425;18,23044;-11,68728;-3,959655;16,90864;3,873719;5,605583;7,244155;9,77863;43,60141;-0,304632;3,094337;1,386351;-5,26239;31,74047;89,11049;80,77242;-1,451852;63,82733;103,5775;93,78992;-12,08296;65,25134;103,3226;93,87173;-13,368;83,17043;103,312;94,14545;1,03775;-0,696688;0;0;0,029039;-0,001831;0,000916;0,000458;0;0;0,000458;0,000916;0,690765;-0,066834;0;-0,000916;0;0;0;0;111,7721;-75,22372;-0,22831;-0,508118;-26,25045;1,318359;0,082397;0,027466;-0,485373;0;0,054932;0,137329;82,89183;-8,02002;0;-0,109863;0;0;0;0
14;224;00:00:00:224;0;0;0;4,312543;0,932822;2,457828;8,210015;-1,400069;1,043369;11,44861;-3,591485;-0,13198;13,88855;-5,330654;-1,011351;3,76045;-0,026594;2,143132;9,097929;-4,193099;5,489645;13,29153;-7,016578;4,974123;13,52084;-6,278206;2,381514;11,77713;-5,021192;2,224682;3,037805;-1,255872;1,764694;7,946157;-6,059464;4,90492;12,18503;-7,7322;1,59339;10,49124;-5,974358;-0,243367;9,02063;-5,589099;1,75763;2,348732;-2,368398;1,47912;6,373016;-7,365903;4,127472;9,914773;-9,02645;1,040943;8,648911;-7,025321;-0,448231;7,26481;-6,586512;1,639814;1,696681;-3,450117;1,172328;4,451596;-8,316162;3,089925;6,717978;-8,806136;-0,129093;5,478119;-7,285133;-0,657128;4,670977;-7,416938;1,498342;63,2542;-13,64792;58,91632;-150,6393;70,05408;179,9959;-147,5448;70,05404;179,9959;-145,0219;69,89845;-178,794;-145,0219;69,89847;-178,794;62,87421;-13,64792;58,91633;96,07468;-16,53826;54,31317;-174,8359;-15,80363;54,38868;-94,3404;-15,94912;55,40752;-94,33541;-15,71737;55,38926;64,32642;-16,29836;53,30103;127,3802;-14,46169;57,66279;-128,7001;-15,92686;56,33579;-34,67717;-14,47595;55,45438;-34,63102;-14,59902;55,27046;66,20068;-19,00958;47,01812;131,2611;-20,07117;48,1243;-124,8717;-21,38641;46,57454;-30,36033;-17,9191;44,69879;-30,28448;-18,0557;44,45321;69,44496;-22,49711;37,68154;149,9472;-20,37504;46,76324;-106,1646;-21,03501;45,12516;-11,81537;-17,215;44,52816;-11,72906;-17,27295;44,237;0;0;0;-47,64658;-52,9557;69,98469;-300,6962;-109,56;361,1588;-523,5995;-142,2085;611,4926;-695,8513;-161,4709;802,8087;-83,50382;1,605816;88,87213;-403,9512;254,625;341,597;-677,6376;263,97;631,4087;-684,2083;80,09657;704,2379;-571,5023;52,15135;593,5135;-128,6408;73,25766;111,585;-470,9917;364,502;374,0957;-728,0168;161,3836;722,0879;-615,5035;15,94347;653,6036;-524,0479;141,9023;510,5721;-167,6392;142,1099;128,7241;-500,1876;444,9871;376,5725;-732,5864;273,5775;686,8397;-615,8083;119,7114;616,8029;-523,0356;244,5927;472,746;-206,5052;207,006;147,1368;-504,8518;501,9919;361,1727;-642,5225;294,926;582,7278;-536,9362;217,6743;497,2671;-488,9624;361,4123;394,4507;0;0;0;0;0;0;-0,569344;-4,087686;1,155853;-1,044273;-7,507323;2,117157;-1,404762;-10,09011;2,861023;0;0;0;0;0;0;-0,540733;-0,105858;-0,080109;-0,394821;-0,075102;-0,060081;-0,145912;-0,027895;-0,031471;0;0;0;0;0;0;0,051498;0,012159;0,005722;-0,002861;-0,001341;0,002861;-0,011444;-0,002861;0;0;0;0;0;0;0;-1,084328;-1,204491;-0,597954;0,183106;0,107288;0,097275;0,472069;0,281811;0,257492;0;0;0;0;0;0;0;0;0;0;0;0;0;0;0;3,87631;5,60631;7,244296;9,778285;43,62086;-0,31784;3,094273;1,386633;-5,264103;31,74055;89,11047;80,77242;-1,451583;63,82733;103,5775;93,78991;-12,08296;65,25134;103,3226;93,87173;-13,368;83,17043;103,312;94,14545;1,167297;-0,792475;-0,003805;0,016937;-0,102768;0,004921;-0,000916;-0,000458;0,016172;-0,000229;0;-0,000458;0;0;0;0;0;0;0;0;7,77282;-5,747222;-0,22831;1,016235;-7,908439;0,405121;-0,109863;-0,054932;0,970316;-0,013733;-0,027466;-0,082397;-41,44592;4,01001;0;0,054932;0;0;0;0
15;240;00:00:00:240;0;0;0;4,311527;0,933049;2,459522;8,209838;-1,400508;1,048477;11,44911;-3,592477;-0,123968;13,88955;-5,332062;-1,00113;3,759494;-0,026396;2,14481;9,095133;-4,192547;5,494695;13,28845;-7,016887;4,981574;13,51905;-6,279047;2,38893;11,77564;-5,021745;2,231082;3,036914;-1,255704;1,766346;7,943464;-6,058954;4,909906;12,18361;-7,732922;1,600638;10,49085;-5,975294;-0,237267;9,019393;-5,589418;1,76299;2,347874;-2,36824;1,480732;6,370559;-7,365448;4,132071;9,913246;-9,027368;1,04735;8,648567;-7,026124;-0,442673;7,263658;-6,58665;1,644696;1,695869;-3,449978;1,173909;4,44952;-8,315794;3,093897;6,717291;-8,80673;-0,123995;5,477797;-7,285749;-0,652945;4,669684;-7,416971;1,502197;63,22444;-13,64931;58,91853;-150,5956;70,09538;-179,9675;-147,5012;70,09536;-179,9674;-144,976;69,93941;-178,7554;-144,976;69,93944;-178,7553;62,84446;-13,64932;58,91853;96,04646;-16,54434;54,31074;-174,864;-15,8097;54,38588;-94,36861;-15,95471;55,40483;-94,36357;-15,72297;55,38643;64,29658;-16,30257;53,30457;127,3509;-14,46452;57,66348;-128,7296;-15,93034;56,33722;-34,70638;-14,47987;55,45505;-34,66023;-14,60303;55,27119;66,17106;-19,0169;47,02294;131,2351;-20,08191;48,11827;-124,8976;-21,39781;46,56902;-30,38527;-17,93129;44,6915;-30,30942;-18,06798;44,44598;69,41634;-22,50888;37,68768;149,9173;-20,3825;46,76883;-106,1943;-21,04326;45,13102;-11,84432;-17,22353;44,53191;-11,75797;-17,28162;44,24076;0;0;0;-47,55775;-52,96738;69,83308;-300,5689;-109,4273;360,921;-523,4365;-141,9556;611,1763;-695,6596;-161,1276;802,4307;-83,41433;1,595657;88,71484;-403,6631;254,5914;341,0932;-677,3558;264,0176;630,6454;-684,0379;80,22337;703,4874;-571,3448;52,25513;592,8729;-128,5495;73,24849;111,4211;-470,7012;364,4695;373,584;-727,8467;161,5099;721,3497;-615,4281;16,10105;652,989;-523,8936;141,9792;510,0302;-167,5439;142,0994;128,5556;-499,9108;444,9553;376,0872;-732,4425;273,6878;686,1516;-615,7234;119,8488;616,2352;-522,8645;244,6479;472,252;-206,4071;206,9953;146,9631;-504,6046;501,9636;360,739;-642,4021;295,0262;582,1852;-536,8595;217,7725;496,8216;-488,7941;361,4345;394,0348;0;0;0;5,329549;-0,700593;-9,095906;7,6375;7,961511;-14,26935;9,787559;15,172;-18,9743;11,49845;20,60151;-22,67647;5,369782;-0,609532;-9,437441;17,2863;-2,01559;-30,23243;16,90864;2,861023;-45,79353;10,22243;7,608174;-45,03536;9,449958;6,226658;-38,43498;5,478858;-0,550389;-9,835481;17,42935;-1,955509;-30,70306;10,20527;7,579564;-44,29435;4,520416;9,454786;-36,87858;9,258269;4,613399;-32,5098;5,720615;-0,62871;-10,10942;16,60824;-1,908302;-29,11806;8,631705;6,618977;-41,28742;5,09262;8,241176;-34,06334;10,26821;3,311634;-29,64305;5,882263;-0,638008;-10,42128;14,83154;-1,702309;-26,021;7,21836;6,01387;-32,55272;4,597663;5,892276;-26,73054;10,09369;1,336098;-24,95527;3,87455;5,605806;7,244093;9,778522;43,60762;-0,308878;3,094337;1,386492;-5,270427;31,74087;89,11048;80,77241;-1,453738;63,82734;103,5774;93,78992;-12,09447;65,25245;103,3226;93,87175;-13,368;83,17043;103,312;94,14545;-0,794678;0,537701;0,003805;-0,008461;-0,379429;0,019455;0,000458;-0,000458;-0,129318;0,000687;-0,000458;0,000916;-0,690765;0,066834;0;0,000916;0;0;0;0;-117,7185;79,81052;0,456619;-1,523924;-16,59965;0,87204;0,082397;0;-8,72941;0,054932;-0,027466;0,082397;-41,44592;4,01001;0;0,054932;0;0;0;0
16;256;00:00:00:256;0;0;0;4,311442;0,934565;2,459096;8,210372;-1,398085;1,04826;11,45023;-3,5893;-0,123979;13,89114;-5,328316;-1,000974;3,759654;-0,025075;2,144546;9,096692;-4,189311;5,494583;13,29099;-7,012221;4,981641;13,52114;-6,274739;2,388854;11,77726;-5,018095;2,230918;3,03739;-1,254632;1,76629;7,945503;-6,056114;4,910112;12,18586;-7,729354;1,600747;10,4925;-5,972399;-0,23725;9,021083;-5,586673;1,763064;2,34864;-2,367397;1,480867;6,372908;-7,363145;4,132556;9,915928;-9,024373;1,047843;8,650481;-7,023778;-0,442402;7,265573;-6,584439;1,644997;1,696915;-3,449355;1,174228;4,452059;-8,314161;3,094641;6,71974;-8,804874;-0,12335;5,479783;-7,284306;-0,652407;4,671861;-7,415478;1,50281;63,22416;-13,64095;58,93457;-150,5736;70,09395;-179,9307;-147,4792;70,09391;-179,9307;-144,9543;69,93783;-178,7189;-144,9543;69,93783;-178,7189;62,84417;-13,64095;58,93457;96,04399;-16,53401;54,33218;-174,8664;-15,79936;54,40728;-94,37086;-15,94433;55,42618;-94,36584;-15,71258;55,40778;64,29544;-16,29428;53,32088;127,3506;-14,45648;57,67879;-128,7301;-15,92231;56,35261;-34,70699;-14,47185;55,47043;-34,66085;-14,59501;55,28659;66,16895;-19,00876;47,0396;131,232;-20,07259;48,13827;-124,9011;-21,38856;46,58921;-30,38894;-17,92214;44,71157;-30,31311;-18,05887;44,46607;69,41278;-22,50119;37,70501;149,9152;-20,37438;46,78556;-106,1967;-21,0352;45,14787;-11,84679;-17,2155;44,54861;-11,76049;-17,27361;44,25749;0;0;0;-47,49682;-52,981;69,73145;-300,5535;-109,3931;360,6223;-523,4577;-141,8817;610,71;-695,7079;-161,0238;801,8368;-83,35697;1,583777;88,61415;-403,4953;254,5583;340,7902;-677,1459;264,0364;630,2007;-683,9122;80,27399;703,0443;-571,2487;52,28836;592,49;-128,4961;73,2384;111,322;-470,5396;364,4389;373,2848;-727,7642;161,5533;720,9147;-615,4045;16,15727;652,623;-523,8188;141,9984;509,7087;-167,4924;142,09;128,4588;-499,7634;444,9279;375,8113;-732,3427;273,743;685,7689;-615,7038;119,8969;615,9011;-522,798;244,6563;471,9577;-206,3584;206,987;146,8682;-504,48;501,9414;360,5007;-642,361;295,0619;581,8793;-536,8402;217,8095;496,5706;-488,7166;361,4365;393,8035;0;0;0;3,65585;-0,816822;-6,09827;0,92411;2,050638;-17,91715;-1,276016;4,4353;-27,97794;-2,901077;6,225585;-35,6369;3,441453;-0,712797;-6,041407;10,06794;-1,988411;-18,1818;12,59422;1,125812;-26,6819;7,538795;3,037691;-26,58749;5,770683;1,994133;-22,97687;3,207922;-0,605464;-5,946636;9,696006;-1,835346;-17,95006;4,949569;2,60067;-26,09825;1,419067;3,372878;-21,95835;4,488945;1,149416;-19,29188;3,087759;-0,567913;-5,803585;8,843421;-1,639366;-16,55388;5,988121;3,315926;-22,95971;1,178741;2,888918;-20,04146;3,991127;0,499248;-17,65823;2,922535;-0,500679;-5,691289;7,475852;-1,327515;-14,30082;2,469063;2,138614;-18,35346;1,158714;2,218723;-15,05756;4,652023;0,117302;-13,87739;3,874251;5,60572;7,24411;9,778561;43,60538;-0,307365;3,094337;1,386351;-5,26507;31,7406;89,11049;80,7724;-1,454546;63,82735;103,5775;93,78993;-12,09109;65,25212;103,3226;93,87173;-13,368;83,17043;103,312;94,14545;-0,134125;0,09078;0;-0,008476;0,321379;-0,016365;0,000458;-0,000458;-0,048451;0,000916;0,000458;0,000458;0,202446;-0,019684;0;-0,000916;0;0;0;0;39,63317;-26,81522;-0,22831;-0,000858;42,04845;-2,1492;0;0;4,852009;0,013733;0,054932;-0,027466;53,59267;-5,19104;0;-0,109863;0;0;0;0
17;272;00:00:00:272;0;0;0;4,311442;0,934565;2,459096;8,210372;-1,398085;1,04826;11,45023;-3,5893;-0,123979;13,89114;-5,328316;-1,000974;3,759654;-0,025075;2,144546;9,096692;-4,189311;5,494583;13,29099;-7,012221;4,981641;13,52114;-6,274739;2,388854;11,77726;-5,018095;2,230918;3,03739;-1,254632;1,76629;7,945503;-6,056114;4,910112;12,18586;-7,729354;1,600747;10,4925;-5,972399;-0,23725;9,021083;-5,586673;1,763064;2,34864;-2,367397;1,480867;6,372908;-7,363145;4,132556;9,915928;-9,024373;1,047843;8,650481;-7,023778;-0,442402;7,265573;-6,584439;1,644997;1,696915;-3,449355;1,174228;4,452059;-8,314161;3,094641;6,71974;-8,804874;-0,12335;5,479783;-7,284306;-0,652407;4,671861;-7,415478;1,50281;63,22416;-13,64095;58,93457;-150,5736;70,09395;-179,9307;-147,4792;70,09391;-179,9307;-144,9543;69,93783;-178,7189;-144,9543;69,93783;-178,7189;62,84417;-13,64095;58,93457;96,04399;-16,53401;54,33218;-174,8664;-15,79936;54,40728;-94,37086;-15,94433;55,42618;-94,36584;-15,71258;55,40778;64,29544;-16,29428;53,32088;127,3506;-14,45648;57,67879;-128,7301;-15,92231;56,35261;-34,70699;-14,47185;55,47043;-34,66085;-14,59501;55,28659;66,16895;-19,00876;47,0396;131,232;-20,07259;48,13827;-124,9011;-21,38856;46,58921;-30,38894;-17,92214;44,71157;-30,31311;-18,05887;44,46607;69,41278;-22,50119;37,70501;149,9152;-20,37438;46,78556;-106,1967;-21,0352;45,14787;-11,84679;-17,2155;44,54861;-11,76049;-17,27361;44,25749;0;0;0;-47,49173;-53,07193;69,757;-300,5856;-109,5384;360,6354;-523,5248;-142,0723;610,7107;-695,803;-161,2486;801,8275;-83,36658;1,504473;88,63001;-403,5889;254,3642;340,7969;-677,2985;263,7565;630,1967;-684,0378;80,01553;703,0488;-571,3462;52,06941;592,4999;-128,5246;73,17409;111,3254;-470,662;364,2685;373,2724;-727,8992;161,3392;720,9081;-615,5037;15,98357;652,622;-523,9202;141,8337;509,7043;-167,5384;142,0394;128,4508;-499,9043;444,7897;375,7821;-732,5035;273,5634;685,7394;-615,8187;119,7562;615,8849;-522,9129;244,5236;471,9396;-206,4212;206,9496;146,8491;-504,6323;501,8434;360,456;-642,5078;294,9505;581,8406;-536,9594;217,7229;496,5384;-488,8472;361,3469;393,7667;0;0;0;0,305772;-5,456328;1,533151;-1,922607;-8,721828;0,781059;-4,02832;-11,43694;0,040054;-5,702018;-13,48615;-0,56076;-0,576854;-4,758244;0,952005;-5,616188;-11,64865;0,404835;-9,160995;-16,79563;-0,246048;-7,535933;-15,50853;0,277519;-5,853652;-13,13746;0,592232;-1,714468;-3,858447;0,202417;-7,341384;-10,221;-0,743866;-8,099555;-12,84242;-0,39196;-5,950927;-10,42172;-0,05722;-6,082534;-9,884118;-0,266075;-2,757311;-3,035545;-0,484943;-8,454322;-8,291244;-1,749516;-9,65309;-10,78176;-1,773834;-6,889343;-8,443593;-0,975609;-6,892204;-7,960795;-1,087189;-3,763675;-2,241611;-1,149416;-9,140967;-5,879402;-2,677917;-8,81195;-6,681919;-2,320289;-7,149695;-5,195617;-1,936912;-7,836341;-5,374431;-2,207279;3,874251;5,60572;7,24411;9,778561;43,60538;-0,307365;3,094337;1,386351;-5,26507;31,7406;89,11049;80,7724;-1,454546;63,82735;103,5775;93,78993;-12,09109;65,25212;103,3226;93,87173;-13,368;83,17043;103,312;94,14545;0;0;0;0;0;0;0;0;0;0;0;0;0;0;0;0;0;0;0;0;8,047485;-5,446815;0;0,508547;-19,28272;0,981903;-0,027466;0,027466;2,907085;-0,054932;-0,027466;-0,027466;-12,14676;1,18103;0;0,054932;0;0;0;0
18;288;00:00:00:288;0;0;0;4,310742;0,934888;2,460201;8,210048;-1,398258;1,051228;11,4502;-3,589886;-0,119406;13,89133;-5,329211;-0,995174;3,759002;-0,024793;2,145691;9,094822;-4,188561;5,498249;13,28907;-7,011881;4,987159;13,52006;-6,274946;2,39429;11,77632;-5,018208;2,235568;3,036793;-1,254397;1,767483;7,943719;-6,055435;4,913835;12,18504;-7,72953;1,60614;10,49227;-5,972962;-0,232775;9,020261;-5,586743;1,767004;2,348075;-2,36719;1,482092;6,371294;-7,362558;4,136086;9,915167;-9,024627;1,052809;8,65027;-7,024294;-0,438254;7,264752;-6,584434;1,648628;1,69639;-3,449183;1,17549;4,450715;-8,313704;3,097794;6,719345;-8,805225;-0,119402;5,479623;-7,284713;-0,649165;4,671041;-7,415378;1,505835;63,20224;-13,63926;58,93693;-150,5365;70,11375;-179,8985;-147,442;70,11378;-179,8985;-144,9162;69,95738;-178,6859;-144,9162;69,95738;-178,6858;62,82226;-13,63927;58,93692;96,02213;-16,53462;54,33424;-174,8882;-15,79995;54,40905;-94,39265;-15,94454;55,42801;-94,38762;-15,71281;55,40952;64,27319;-16,29469;53,32432;127,3282;-14,45459;57,68316;-128,7527;-15,92092;56,35758;-34,72946;-14,4708;55,47483;-34,68336;-14,59403;55,29103;66,14654;-19,01151;47,04411;131,2094;-20,07494;48,14324;-124,9238;-21,39148;46,5947;-30,41105;-17,92575;44,71558;-30,33522;-18,06256;44,47013;69,39062;-22,50732;37,71069;149,8926;-20,37723;46,79063;-106,2193;-21,03865;45,15317;-11,8688;-17,21916;44,55233;-11,78249;-17,27737;44,26123;0;0;0;-47,49173;-53,07193;69,757;-300,5812;-109,5313;360,6426;-523,517;-142,059;610,724;-695,7924;-161,2308;801,8453;-83,36658;1,504473;88,63001;-403,5889;254,3642;340,7969;-677,3057;263,7564;630,196;-684,043;80,01541;703,0483;-571,3481;52,06939;592,4995;-128,5246;73,17409;111,3254;-470,662;364,2685;373,2724;-727,894;161,3392;720,9083;-615,5039;15,98359;652,6218;-523,9214;141,8337;509,704;-167,5384;142,0394;128,4508;-499,9043;444,7897;375,7821;-732,5035;273,5634;685,7394;-615,8187;119,7562;615,8849;-522,9129;244,5236;471,9396;-206,4212;206,9496;146,8491;-504,6323;501,8434;360,456;-642,5078;294,9505;581,8406;-536,9594;217,7229;496,5384;-488,8472;361,3469;393,7667;0;0;0;0;0;0;0,258923;0,432015;0,433445;0,47493;0,79608;0,798225;0,638008;1,070022;1,075745;0;0;0;0;0;0;-0,432015;-0,005722;-0,037193;-0,311852;-0,006795;-0,034332;-0,114441;-0,001431;-0,020027;0;0;0;0;0;0;0,30899;-0,001431;0,011444;-0,014305;0,001341;-0,017166;-0,074387;0;-0,014305;0;0;0;0;0;0;0;0;0;0;0;0;0;0;0;0;0;0;0;0;0;0;0;0;0;0;0;0;0;0;3,873976;5,605649;7,244091;9,778595;43,60333;-0,305999;3,094337;1,386492;-5,266596;31,74068;89,11048;80,77241;-1,452796;63,82735;103,5774;93,78991;-12,09109;65,25212;103,3226;93,87173;-13,368;83,17043;103,312;94,14545;-0,123367;0,081968;0;0,008476;-0,091553;0,004692;-0,000458;0,000458;0,105007;-0,000458;-0,000458;-0,001373;0;0;0;0;0;0;0;0;-7,402038;4,918098;0;0,508547;-5,493163;0,281525;-0,027466;0,027466;6,300401;-0,027466;-0,027466;-0,082397;0;0;0;0;0;0;0;0
19;304;00:00:00:304;0;0;0;4,31043;0,934696;2,460821;8,209789;-1,398928;1,052788;11,44997;-3,590953;-0,117043;13,8911;-5,330577;-0,9922;3,758652;-0,02496;2,146303;9,093542;-4,18894;5,500074;13,28752;-7,012823;4,989851;13,51902;-6,276091;2,396973;11,77547;-5,019142;2,237882;3,03639;-1,254529;1,76808;7,942361;-6,055756;4,91563;12,1841;-7,730465;1,608782;10,49175;-5,973954;-0,230575;9,019447;-5,58744;1,768929;2,347616;-2,367282;1,482671;6,369943;-7,362799;4,137736;9,914073;-9,025553;1,055124;8,649706;-7,025123;-0,436255;7,263914;-6,584944;1,650379;1,69588;-3,449241;1,176055;4,449443;-8,313855;3,099213;6,718551;-8,805857;-0,117575;5,479055;-7,285274;-0,647666;4,670112;-7,415684;1,507214;63,1915;-13,63994;58,93417;-150,522;70,12463;-179,8902;-147,4276;70,12462;-179,8901;-144,9012;69,96809;-178,677;-144,9011;69,96816;-178,6769;62,81152;-13,63994;58,93417;96,01192;-16,53694;54,3299;-174,8984;-15,80227;54,40457;-94,40283;-15,9467;55,42355;-94,3978;-15,71496;55,40503;64,26242;-16,29637;53,32203;127,3171;-14,45493;57,6819;-128,7639;-15,92151;56,35661;-34,74054;-14,47156;55,47355;-34,69443;-14,59482;55,28977;66,13589;-19,01432;47,04228;131,1998;-20,07871;48,13827;-124,9334;-21,39549;46,58993;-30,42029;-17,93007;44,71016;-30,34447;-18,06691;44,46472;69,38036;-22,51173;37,70933;149,8819;-20,38007;46,78906;-106,2299;-21,04179;45,15171;-11,87921;-17,2224;44,55011;-11,79288;-17,28067;44,25901;0;0;0;-47,4497;-53,09132;69,69073;-300,5589;-109,5163;360,4693;-523,5101;-142,0154;610,4583;-695,797;-161,1657;801,5089;-83,32749;1,487564;88,56129;-403,4766;254,3192;340,5769;-677,2007;263,7359;629,864;-683,9855;80,02779;702,7214;-571,2943;52,07609;592,2201;-128,4888;73,15997;111,2538;-470,5549;364,2278;373,049;-727,8408;161,3498;720,585;-615,4904;16,01732;652,3532;-523,8732;141,8379;509,4674;-167,5045;142,0269;128,3772;-499,8075;444,7545;375,5704;-732,4661;273,5784;685,4396;-615,805;119,7872;615,6365;-522,861;244,5233;471,7232;-206,3897;206,9393;146,7733;-504,5517;501,816;360,2669;-642,4841;294,9716;581,6038;-536,9498;217,7473;496,3438;-488,798;361,3409;393,5852;0;0;0;2,521276;-1,163363;-3,976464;1,338959;0,899792;-10,39839;0,409126;2,61569;-15,94162;-0,277519;3,905296;-20,18738;2,345681;-1,014545;-4,123806;6,734848;-2,699375;-13,19933;6,299973;-1,23167;-19,9213;3,450394;0,743151;-19,61517;3,230095;0,402331;-16,76559;2,150059;-0,847578;-4,295825;6,422997;-2,446174;-13,40103;3,195763;0,637293;-19,40346;0,806809;2,023726;-16,11328;2,895355;0,253201;-14,19926;2,034187;-0,746727;-4,412412;5,810737;-2,111435;-12,70294;2,245903;0,902653;-17,98439;0,818253;1,858949;-14,90021;3,109932;-0,015736;-12,98332;1,889705;-0,620842;-4,54545;4,837989;-1,645088;-11,34968;1,421928;1,266003;-14,21356;0,575066;1,464844;-11,67297;2,949714;-0,359058;-10,89048;3,873801;5,605609;7,244054;9,778622;43,602;-0,305076;3,094273;1,38621;-5,268791;31,7408;89,11047;80,77242;-1,451313;63,82732;103,5775;93,78992;-12,09447;65,25245;103,3226;93,87175;-13,368;83,17043;103,312;94,14545;-0,07988;0,055389;-0,003805;-0,016944;-0,131664;0,007095;-0,000458;0,000458;0,088949;-0,001602;0,000458;0,000916;-0,202446;0,019684;0;0,000916;0;0;0;0;2,609253;-1,594734;-0,22831;-1,525211;-2,406693;0,144196;0;0;-0,963449;-0,068665;0,054932;0,137329;-12,14676;1,18103;0;0,054932;0;0;0;0
20;320;00:00:00:320;0;0;0;4,309879;0,935568;2,461454;8,209719;-1,397935;1,054549;11,45032;-3,589859;-0,114299;13,89178;-5,329407;-0,988695;3,758254;-0,0242;2,147008;9,092924;-4,187046;5,50254;13,28711;-7,010836;4,993537;13,51907;-6,274491;2,400587;11,77549;-5,01764;2,240979;3,036183;-1,253909;1,768877;7,942035;-6,054081;4,918224;12,18457;-7,728963;1,612478;10,49238;-5,972974;-0,227522;9,019656;-5,586241;1,771635;2,34757;-2,366782;1,483544;6,369889;-7,36142;4,140276;9,914757;-9,024394;1,058631;8,650473;-7,02436;-0,433351;7,264249;-6,583934;1,652943;1,695997;-3,44886;1,177004;4,449675;-8,312854;3,101568;6,719431;-8,805225;-0,114704;5,479887;-7,284859;-0,645305;4,670553;-7,414952;1,509446;63,1765;-13,63645;58,9433;-150,491;70,1349;-179,8555;-147,3965;70,1349;-179,8554;-144,8698;69,97817;-178,6419;-144,8698;69,97819;-178,6419;62,7965;-13,63645;58,9433;95,99748;-16,53601;54,33637;-174,9128;-15,80132;54,41086;-94,41726;-15,94549;55,42989;-94,41219;-15,71377;55,41129;64,24696;-16,29433;53,33197;127,3018;-14,45158;57,69173;-128,7793;-15,91849;56,36686;-34,75592;-14,46877;55,48343;-34,70982;-14,59209;55,29968;66,12003;-19,01391;47,05303;131,1838;-20,07801;48,14933;-124,9495;-21,3952;46,60139;-30,43606;-17,93027;44,72059;-30,36026;-18,06718;44,4752;69,36428;-22,51377;37,72107;149,8659;-20,37973;46,80021;-106,246;-21,04187;45,16307;-11,89492;-17,22265;44,56036;-11,80859;-17,28099;44,26926;0;0;0;-47,43097;-53,07981;69,65353;-300,5441;-109,4772;360,3745;-523,4973;-141,9535;610,3144;-695,785;-161,0865;801,3276;-83,30646;1,497589;88,52459;-403,3999;254,3419;340,4674;-677,1246;263,7922;629,7009;-683,9354;80,09632;702,559;-571,2475;52,13211;592,0806;-128,4646;73,16791;111,2179;-470,4735;364,247;372,9413;-727,783;161,4059;720,4264;-615,4595;16,07689;652,221;-523,8246;141,8798;509,3517;-167,4769;142,0325;128,3425;-499,7263;444,769;375,4713;-732,4005;273,634;685,3007;-615,7712;119,8369;615,5165;-522,8107;244,5539;471,6181;-206,3591;206,9428;146,7395;-504,4754;501,8251;360,1817;-642,4365;295,0095;581,4941;-536,9157;217,7809;496,2539;-488,7422;361,3593;393,5025;0;0;0;1,123845;0,690579;-2,232313;0,889778;2,343893;-5,689144;0,766754;3,714323;-8,634566;0,720978;4,750728;-10,87761;1,262069;0,601485;-2,201557;4,603385;1,363277;-6,570339;4,571914;3,380299;-9,784698;3,004074;4,111647;-9,738921;2,806663;3,360987;-8,374213;1,449823;0,476718;-2,150059;4,886627;1,155853;-6,463051;3,470421;3,363132;-9,515761;1,853943;3,574043;-7,930755;2,912521;2,513408;-6,940842;1,653671;0,333309;-2,08497;4,8666;0,86689;-5,943775;3,939628;3,333092;-8,33702;2,031326;2,982616;-7,198333;3,018379;1,833915;-6,302834;1,833915;0,208855;-2,032041;4,577636;0,546455;-5,109787;2,858162;2,271652;-6,577492;2,04277;2,019882;-5,395889;3,347397;1,098633;-4,965305;3,873844;5,605621;7,244051;9,778613;43,60234;-0,305334;3,094337;1,386351;-5,272434;31,74098;89,11048;80,77242;-1,450909;63,82733;103,5774;93,78992;-12,09447;65,25245;103,3226;93,87175;-13,368;83,17043;103,312;94,14545;0,02037;-0,015478;0,003805;0,008469;-0,218582;0,010872;0,000458;0;0,024269;0,000687;-0,000458;0;0;0;0;0;0;0;0;0;6,015014;-4,252052;0,456619;1,524782;-5,215072;0,226593;0,054932;-0,027466;-3,880834;0,137329;-0,054932;-0,054932;12,14676;-1,18103;0;-0,054932;0;0;0;0
21;336;00:00:00:336;0;0;0;4,309248;0,937244;2,46192;8,209337;-1,395364;1,054226;11,45022;-3,586545;-0,115244;13,89192;-5,325531;-0,990097;3,757948;-0,022738;2,147559;9,093344;-4,183455;5,504576;13,28883;-7,005549;4,996871;13,52084;-6,269741;2,403775;11,77674;-5,013685;2,243607;3,036291;-1,252722;1,769533;7,943083;-6,050925;4,920413;12,18661;-7,72509;1,615582;10,49415;-5,969954;-0,224979;9,021015;-5,583317;1,773895;2,348044;-2,365844;1,484289;6,37143;-7,358856;4,142459;9,917533;-9,020988;1,061779;8,652532;-7,021941;-0,430922;7,265793;-6,581611;1,655052;1,696831;-3,448164;1,17784;4,451645;-8,311026;3,103635;6,722013;-8,803284;-0,112224;5,482102;-7,283371;-0,643265;4,672493;-7,413332;1,511392;63,16396;-13,63236;58,96295;-150,4676;70,11849;-179,8174;-147,3732;70,11848;-179,8173;-144,8475;69,96162;-178,605;-144,8475;69,96163;-178,605;62,78397;-13,63236;58,96295;95,98194;-16,52945;54,36564;-174,9282;-15,79474;54,43993;-94,43262;-15,93864;55,45895;-94,42753;-15,70692;55,4403;64,23391;-16,29145;53,35232;127,2889;-14,4473;57,71267;-128,7924;-15,91452;56,38819;-34,76902;-14,46498;55,50442;-34,72294;-14,58834;55,3207;66,10654;-19,01242;47,07412;131,1663;-20,07231;48,18218;-124,9673;-21,38994;46,63474;-30,45366;-17,92555;44,75286;-30,37786;-18,06253;44,50751;69,35038;-22,51435;37,74309;149,8522;-20,3783;46,82166;-106,2597;-21,04081;45,18468;-11,90833;-17,22172;44,58103;-11,82201;-17,28012;44,28994;0;0;0;-47,39794;-53,13209;69,61554;-300,5839;-109,6092;360,1957;-523,5993;-142,1522;610,0154;-695,9341;-161,3356;800,937;-83,28259;1,452003;88,48225;-403,3628;254,2282;340,3195;-677,0573;263,6735;629,4838;-683,9073;80,00072;702,3456;-571,2377;52,0421;591,8966;-128,4522;73,13069;111,1701;-470,4539;364,1465;372,7857;-727,8075;161,3158;720,2047;-615,4971;16,01808;652,0377;-523,838;141,8078;509,1891;-167,4742;142,0025;128,2901;-499,7231;444,6863;375,319;-732,4133;273,5652;685,0964;-615,8206;119,7911;615,3405;-522,8397;244,4933;471,4594;-206,3661;206,9199;146,6825;-504,4893;501,7651;360,0404;-642,4893;294,9715;581,3218;-536,9656;217,756;496,1122;-488,7687;361,3153;393,3686;0;0;0;1,982152;-3,136754;-2,279162;-2,387523;-7,923602;-10,72597;-6,116867;-11,91831;-17,93861;-8,949279;-14,94813;-23,4375;1,432299;-2,735183;-2,540588;2,228737;-6,819248;-8,874892;4,036903;-7,122517;-13,03196;1,688004;-5,735993;-12,8088;0,58651;-5,400538;-11,03783;0,746727;-2,233028;-2,869606;1,17588;-6,029605;-9,336947;-1,473427;-5,407333;-13,30376;-2,254486;-3,528446;-11,00063;-0,803947;-4,317998;-9,756087;0,165224;-1,802444;-3,141403;0,191689;-4,963874;-9,140967;-0,772476;-4,128456;-12,25948;-2,966881;-2,748012;-10,56576;-1,739502;-3,63636;-9,527205;-0,41914;-1,37186;-3,418207;-0,835419;-3,604888;-8,480071;-3,170013;-2,274513;-10,33687;-2,99263;-1,494884;-8,497237;-1,587868;-2,633571;-8,035182;3,876602;5,606406;7,244312;9,778248;43,62305;-0,319277;3,0944;1,386492;-5,263247;31,74051;89,11047;80,77243;-1,449694;63,8273;103,5775;93,7899;-12,08296;65,25134;103,3226;93,87173;-13,368;83,17043;103,312;94,14545;1,243057;-0,836592;0,003791;0,008476;0,551233;-0,028038;-0,000916;0,000916;0,072863;-0,001602;0,000458;-0,001373;0,690765;-0,066834;0;-0,000916;0;0;0;0;73,3612;-49,26681;-0,000858;0,000429;46,18892;-2,334594;-0,082397;0,054932;2,915668;-0,137329;0,054932;-0,082397;41,44592;-4,01001;0;-0,054932;0;0;0;0
22;352;00:00:00:352;0;0;0;4,308767;0,939987;2,461717;8,209647;-1,391595;1,054514;11,45129;-3,581924;-0,114448;13,89359;-5,320265;-0,988883;3,757871;-0,020345;2,147718;9,094828;-4,177542;5,506615;13,29135;-6,998319;5,000137;13,5232;-6,263401;2,406775;11,77866;-5,008031;2,246064;3,03673;-1,250774;1,770156;7,945352;-6,045715;4,923152;12,18975;-7,719392;1,619191;10,49658;-5,965768;-0,22217;9,023205;-5,578946;1,776484;2,348949;-2,364291;1,485331;6,374264;-7,354598;4,145661;9,920954;-9,016754;1,065671;8,655448;-7,018564;-0,427745;7,268503;-6,57793;1,658029;1,698189;-3,447;1,179289;4,45491;-8,307966;3,107141;6,725606;-8,800588;-0,10843;5,485097;-7,281393;-0,640129;4,675456;-7,41082;1,514547;63,14977;-13,61388;58,98966;-150,4019;70,11224;-179,7325;-147,3075;70,11223;-179,7325;-144,7828;69,95489;-178,521;-144,7828;69,9549;-178,521;62,76978;-13,61388;58,98965;95,96693;-16,51333;54,3905;-174,9432;-15,77858;54,46457;-94,44728;-15,92223;55,48356;-94,44218;-15,69052;55,46484;64,21773;-16,27441;53,38023;127,2737;-14,42832;57,74165;-128,8082;-15,89588;56,41768;-34,78493;-14,44658;55,53357;-34,73894;-14,56999;55,34992;66,08822;-18,99717;47,10345;131,151;-20,05954;48,20363;-124,9831;-21,37757;46,65669;-30,46955;-17,91367;44,77393;-30,39386;-18,05072;44,52866;69,32922;-22,50213;37,77455;149,8337;-20,36313;46,85146;-106,2788;-21,02614;45,2149;-11,92713;-17,20724;44,60995;-11,8409;-17,26574;44,31892;0;0;0;-47,36007;-53,23268;69,58756;-300,576;-109,7882;360,1901;-523,6207;-142,3964;610,0264;-695,9792;-161,6291;800,9597;-83,26425;1,364283;88,44922;-403,3879;254,0128;340,1973;-677,1749;263,3561;629,2823;-684,0242;79,71558;702,1531;-571,3167;51,80474;591,7383;-128,4587;73,05946;111,1308;-470,5168;363,9572;372,6544;-727,9243;161,0835;720,0187;-615,6035;15,83695;651,885;-523,921;141,6324;509,0532;-167,5026;141,9462;128,2454;-499,8156;444,5324;375,188;-732,5999;273,3602;684,9033;-615,9417;119,646;615,1961;-522,9261;244,3539;471,3363;-206,4161;206,8782;146,6324;-504,6075;501,6553;359,9164;-642,6443;294,8551;581,173;-537,0985;217,6668;495,9898;-488,8851;361,2182;393,2518;0;0;0;2,271831;-6,03497;-1,678348;0,472069;-10,73813;-0,33474;-1,281738;-14,6513;0,658035;-2,703666;-17,60602;1,361847;1,099706;-5,263164;-1,981616;-1,51062;-12,9261;-7,33137;-7,055283;-19,0444;-12,0821;-7,012367;-17,1082;-11,54709;-4,734993;-14,24146;-9,498595;-0,388384;-4,273653;-2,358913;-3,773689;-11,35969;-7,880687;-7,003784;-13,93962;-11,15799;-6,385803;-10,86831;-9,158134;-4,98104;-10,52642;-8,153914;-1,7066;-3,376007;-2,682924;-5,547523;-9,23252;-7,86066;-11,18946;-12,29525;-11,58714;-7,264136;-8,707522;-8,663177;-5,181312;-8,361339;-7,381438;-3,001213;-2,504825;-3,008365;-7,092476;-6,583214;-7,440089;-9,295463;-6,986618;-8,929252;-7,97367;-5,355834;-7,344245;-6,983757;-5,830764;-7,006645;3,87754;5,606679;7,244286;9,778121;43,63011;-0,324101;3,094337;1,386351;-5,266373;31,74067;89,11048;80,77242;-1,447668;63,82726;103,5775;93,78993;-12,09109;65,25212;103,3226;93,87173;-13,368;83,17043;103,312;94,14545;0,423203;-0,289421;-0,003791;-0,008476;-0,187597;0,00927;0,000916;-0,000916;0,121579;-0,002747;0;0,001831;-0,488319;0,04715;0;0;0;0;0;0;-49,19128;32,83023;-0,454903;-1,017094;-44,32983;2,238464;0,109863;-0,109863;2,922964;-0,068665;-0,027466;0,192261;-70,74508;6,838989;0;0,054932;0;0;0;0
23;368;00:00:00:368;0;0;0;4,307903;0,940667;2,462968;8,20902;-1,391271;1,057009;11,45086;-3,581896;-0,110852;13,89331;-5,320458;-0,984438;3,757122;-0,019752;2,149033;9,092929;-4,176023;5,510901;13,28922;-6,997499;5,006427;13,5141;-6,257689;2,413839;11,76664;-5,004764;2,266347;3,036119;-1,250286;1,771548;7,943667;-6,044359;4,927536;12,1891;-7,71909;1,625441;10,49671;-5,965767;-0,216911;9,022654;-5,578383;1,78114;2,348443;-2,363883;1,486781;6,372857;-7,353457;4,149847;9,920541;-9,016515;1,071489;8,655648;-7,018623;-0,422844;7,267999;-6,577426;1,66234;1,697796;-3,446676;1,180801;4,45387;-8,307115;3,110912;6,72569;-8,800581;-0,103735;5,485359;-7,281534;-0,636273;4,674966;-7,410392;1,518156;63,12404;-13,61106;58,99601;-150,359;70,12174;-179,6921;-147,2646;70,12174;-179,6921;-144,7396;69,96411;-178,4804;-144,7396;69,96411;-178,4804;62,74406;-13,61106;58,99601;95,94334;-16,51615;54,38899;-174,7616;-15,78137;54,46276;-94,08096;-15,92815;55,48127;-94,07631;-15,69631;55,4641;64,19152;-16,27405;53,38787;127,249;-14,42798;57,74372;-128,833;-15,89608;56,4204;-34,80961;-14,44717;55,53564;-34,76363;-14,57064;55,35205;66,06174;-18,99957;47,11237;131,1254;-20,06261;48,20972;-125,0088;-21,38129;46,66338;-30,49455;-17,91817;44,77895;-30,41883;-18,05533;44,53372;69,30289;-22,50855;37,78493;149,807;-20,36563;46,86106;-106,3056;-21,02935;45,22478;-11,95321;-17,21072;44,61797;-11,86697;-17,26934;44,32696;0;0;0;-47,3312;-53,39727;69,59975;-300,6131;-110,0448;360,1421;-523,7187;-142,7295;609,9222;-696,1252;-162,0202;800,811;-83,25961;1,220729;88,43967;-403,477;253,658;340,075;-677,3707;262,9218;629,0823;-684,1556;79,63293;701,4726;-571,4302;52,58061;591,4161;-128,485;72,94264;111,0934;-470,6529;363,6446;372,49;-728,1268;160,7415;719,8016;-615,7491;15,58571;651,717;-524,0488;141,37;508,8987;-167,5569;141,853;128,1829;-499,9857;444,2769;374,9959;-732,8134;273,106;684,6678;-616,1156;119,4434;615,006;-523,0861;244,1331;471,1591;-206,4976;206,8083;146,5454;-504,8034;501,4718;359,706;-642,8599;294,6933;580,9454;-537,2782;217,5481;495,8016;-489,0629;361,0675;393,0625;0;0;0;1,732707;-9,875893;0,731349;-2,224445;-15,39445;-2,883911;-5,882263;-19,99068;-6,254196;-8,766173;-23,46682;-8,920669;0,27895;-8,613243;-0,573277;-5,34439;-21,28744;-7,339953;-11,75308;-26,0582;-12,00771;-7,887839;-4,959583;-40,82965;-6,812096;46,55242;-19,32621;-1,58143;-7,009506;-2,243042;-8,16822;-18,75686;-9,861945;-12,15649;-20,51711;-13,02052;-8,734702;-15,07401;-10,08224;-7,670402;-15,7392;-9,266852;-3,257275;-5,588293;-3,748655;-10,20241;-15,32936;-11,52563;-12,81166;-15,25211;-14,12201;-10,43701;-12,15577;-11,4069;-9,601592;-13,2494;-10,63442;-4,890918;-4,189968;-5,214929;-11,75308;-11,01208;-12,62283;-12,93468;-9,70745;-13,65566;-10,78319;-7,121086;-11,29246;-10,66589;-9,042262;-11,35826;3,897434;5,606979;7,244317;9,777966;43,63881;-0,329949;3,094337;1,386351;-5,275963;31,74116;89,31564;80,95705;-1,452526;63,82733;103,5775;93,78992;-12,09447;65,25245;103,3226;93,87175;-13,368;83,17043;103,312;94,14545;0,52208;-0,350933;0;0;-0,575409;0,02964;12,30972;11,07788;-0,291495;0,004349;0;-0,000458;-0,202446;0,019684;0;0,000916;0;0;0;0;5,932619;-3,690719;0,227451;0,508547;-23,2687;1,222229;738,5283;664,7277;-24,78447;0,42572;0;-0,137329;17,1524;-1,647949;0;0,054932;0;0;0;0
24;384;00:00:00:384;0;0;0;4,307903;0,940667;2,462968;8,20902;-1,391271;1,057009;11,45086;-3,581896;-0,110852;13,89331;-5,320458;-0,984438;3,757122;-0,019752;2,149033;9,092929;-4,176023;5,510901;13,28922;-6,997499;5,006427;13,5141;-6,257689;2,413839;11,76664;-5,004764;2,266347;3,036119;-1,250286;1,771548;7,943667;-6,044359;4,927536;12,1891;-7,71909;1,625441;10,49671;-5,965767;-0,216911;9,022654;-5,578383;1,78114;2,348443;-2,363883;1,486781;6,372857;-7,353457;4,149847;9,920541;-9,016515;1,071489;8,655648;-7,018623;-0,422844;7,267999;-6,577426;1,66234;1,697796;-3,446676;1,180801;4,45387;-8,307115;3,110912;6,72569;-8,800581;-0,103735;5,485359;-7,281534;-0,636273;4,674966;-7,410392;1,518156;63,12404;-13,61106;58,99601;-150,359;70,12174;-179,6921;-147,2646;70,12174;-179,6921;-144,7396;69,96411;-178,4804;-144,7396;69,96411;-178,4804;62,74406;-13,61106;58,99601;95,94334;-16,51615;54,38899;-174,7616;-15,78137;54,46276;-94,08096;-15,92815;55,48127;-94,07631;-15,69631;55,4641;64,19152;-16,27405;53,38787;127,249;-14,42798;57,74372;-128,833;-15,89608;56,4204;-34,80961;-14,44717;55,53564;-34,76363;-14,57064;55,35205;66,06174;-18,99957;47,11237;131,1254;-20,06261;48,20972;-125,0088;-21,38129;46,66338;-30,49455;-17,91817;44,77895;-30,41883;-18,05533;44,53372;69,30289;-22,50855;37,78493;149,807;-20,36563;46,86106;-106,3056;-21,02935;45,22478;-11,95321;-17,21072;44,61797;-11,86697;-17,26934;44,32696;0;0;0;-47,27938;-53,43807;69,5247;-300,5754;-110,0642;359,9924;-523,6929;-142,7312;609,7064;-696,1082;-162,0086;800,5443;-83,21468;1,185134;88,36076;-403,3631;253,5669;339,8178;-677,2433;262,8726;628,705;-683,6095;79,29023;701,0488;-570,7088;52,38454;590,1992;-128,4484;72,91333;111,0099;-470,5518;363,5632;372,227;-728,0879;160,7234;719,4268;-615,7564;15,58564;651,4015;-524,0158;141,3363;508,6194;-167,5266;141,8285;128,0959;-499,9012;444,2085;374,7447;-732,7886;273,0917;684,3188;-616,1277;119,4469;614,7119;-523,0558;244,1028;470,9005;-206,474;206,7889;146,4547;-504,741;501,4207;359,4797;-642,8649;294,6929;580,6638;-537,2939;217,5566;495,5703;-489,0335;361,0417;392,846;0;0;0;3,10868;-2,447605;-4,50325;2,258777;-1,165867;-8,982181;1,550674;-0,099421;-12,94327;1,024246;0,694513;-16,00456;2,695441;-2,135709;-4,734635;6,834984;-5,465984;-15,42949;7,647513;-2,954006;-22,63927;32,77015;-20,56181;-25,43163;43,28155;-11,76417;-73,01902;2,199411;-1,758456;-5,013227;6,068229;-4,883766;-15,78283;2,337456;-1,083612;-22,49622;-0,437737;-0,004023;-18,93139;1,982689;-2,024173;-16,75987;1,820326;-1,471996;-5,220651;5,06401;-4,105567;-15,06901;1,487732;-0,861168;-20,94269;-0,723839;0,211716;-17,64393;1,816749;-1,816749;-15,51819;1,414776;-1,164436;-5,443096;3,745079;-3,067016;-13,57555;-0,303268;-0,024319;-16,90006;-0,941276;0,509262;-13,87882;1,76239;-1,542091;-12,99047;3,897434;5,606979;7,244317;9,777966;43,63881;-0,329949;3,094337;1,386351;-5,275963;31,74116;89,31564;80,95705;-1,452526;63,82733;103,5775;93,78992;-12,09447;65,25245;103,3226;93,87175;-13,368;83,17043;103,312;94,14545;0;0;0;0;0;0;0;0;0;0;0;0;0;0;0;0;0;0;0;0;-31,32477;21,05598;0;0;34,52453;-1,778412;-738,5833;-664,6727;17,48972;-0,260925;0;0,027466;12,14676;-1,18103;0;-0,054932;0;0;0;0
25;400;00:00:00:400;0;0;0;4,305935;0,943613;2,465282;8,208064;-1,388919;1,063121;11,45078;-3,580034;-0,101364;13,89391;-5,318963;-0,972326;3,755548;-0,017182;2,151804;9,089599;-4,169524;5,521305;13,28727;-6,98814;5,012365;13,48431;-6,230465;2,422676;11,72656;-4,987392;2,321316;3,035033;-1,248177;1,774893;7,941085;-6,038578;4,938773;12,18925;-7,715502;1,641303;10,49788;-5,964158;-0,203871;9,022292;-5,575244;1,792747;2,347757;-2,362146;1,490619;6,37107;-7,348642;4,161104;9,92112;-9,014043;1,086745;8,657185;-7,017496;-0,410193;7,267979;-6,574641;1,673602;1,697519;-3,445325;1,185133;4,453008;-8,303558;3,121618;6,727269;-8,799514;-0,090919;5,487069;-7,281159;-0,625727;4,675118;-7,408226;1,528222;63,0598;-13,58869;59,02093;-150,2108;70,14722;-179,5434;-147,1164;70,14717;-179,5434;-144,5911;69,98845;-178,3315;-144,591;69,98846;-178,3315;62,67981;-13,5887;59,02094;95,99566;-16,5015;54,41104;-174,0647;-15,76681;54,4855;-92,80322;-15,92549;55,50203;-92,80003;-15,69335;55,49024;64,1245;-16,25788;53,41645;127,1838;-14,40661;57,77059;-128,8992;-15,87618;56,44915;-34,87561;-14,42825;55,56274;-34,82972;-14,55193;55,3793;65,99224;-18,99052;47,14481;131,058;-20,05465;48,23678;-125,077;-21,37504;46,69218;-30,56153;-17,91401;44,80348;-30,48588;-18,05144;44,55843;69,23111;-22,51027;37,82222;149,7369;-20,35687;46,89528;-106,3762;-21,02249;45,25997;-12,02235;-17,20455;44,64823;-11,93616;-17,26351;44,35732;0;0;0;-47,27938;-53,43807;69,5247;-300,6044;-110,1118;359,9443;-523,7459;-142,8185;609,6182;-696,1796;-162,1259;800,4258;-83,21468;1,185134;88,36076;-403,3631;253,5669;339,8178;-677,2399;262,3416;628,3759;-683,4396;79,88219;698,8838;-570,6315;55,773;589,1939;-128,4484;72,91333;111,0099;-470,5518;363,5632;372,227;-728,0852;160,7235;719,4268;-615,7565;15,58564;651,4014;-524,0165;141,3363;508,6192;-167,5266;141,8285;128,0959;-499,9012;444,2085;374,7447;-732,805;273,0912;684,3154;-616,1257;119,4469;614,713;-523,0507;244,1029;470,9034;-206,474;206,7889;146,4547;-504,741;501,4207;359,4797;-642,8649;294,6929;580,6638;-537,2939;217,5566;495,5703;-489,0335;361,0417;392,846;0;0;0;0;0;0;-1,736641;-2,85244;-2,883911;-3,184319;-5,235672;-5,295753;-4,282951;-7,038116;-7,106781;0;0;0;0;0;0;0,203133;-31,85892;-19,74106;10,19382;35,51781;-129,899;4,634857;203,3075;-60,31608;0;0;0;0;0;0;0,163078;0,001431;0,005722;-0,008583;0;-0,005722;-0,040054;0;-0,011444;0;0;0;0;0;0;-0,984192;-0,025749;-0,208855;0,117302;0;0,065804;0,30899;0,002861;0,174522;0;0;0;0;0;0;0;0;0;0;0;0;0;0;0;3,956696;5,607494;7,244352;9,777725;43,65241;-0,339206;3,094337;1,386351;-5,282941;31,85884;89,96039;81,53736;-1,451583;63,82733;103,5775;93,78991;-12,10117;65,2531;103,3226;93,87173;-13,368;83,17043;103,312;94,14545;0,815964;-0,555382;0;0;-0,418682;7,061119;38,68469;34,81888;0,056598;-0,000229;0;-0,000916;-0,401802;0,03891;0;-0,000916;0;0;0;0;48,95782;-33,32291;0;0;-25,12092;423,6671;2321,081;2089,133;3,395891;-0,013733;0;-0,054932;-24,10812;2,334594;0;-0,054932;0;0;0;0
26;416;00:00:00:416;0;0;0;4,305935;0,943613;2,465282;8,208064;-1,388919;1,063121;11,45078;-3,580034;-0,101364;13,89391;-5,318963;-0,972326;3,755548;-0,017182;2,151804;9,089599;-4,169524;5,521305;13,28727;-6,98814;5,012365;13,48431;-6,230465;2,422676;11,72656;-4,987392;2,321316;3,035033;-1,248177;1,774893;7,941085;-6,038578;4,938773;12,18925;-7,715502;1,641303;10,49788;-5,964158;-0,203871;9,022292;-5,575244;1,792747;2,347757;-2,362146;1,490619;6,37107;-7,348642;4,161104;9,92112;-9,014043;1,086745;8,657185;-7,017496;-0,410193;7,267979;-6,574641;1,673602;1,697519;-3,445325;1,185133;4,453008;-8,303558;3,121618;6,727269;-8,799514;-0,090919;5,487069;-7,281159;-0,625727;4,675118;-7,408226;1,528222;63,0598;-13,58869;59,02093;-150,2108;70,14722;-179,5434;-147,1164;70,14717;-179,5434;-144,5911;69,98845;-178,3315;-144,591;69,98846;-178,3315;62,67981;-13,5887;59,02094;95,99566;-16,5015;54,41104;-174,0647;-15,76681;54,4855;-92,80322;-15,92549;55,50203;-92,80003;-15,69335;55,49024;64,1245;-16,25788;53,41645;127,1838;-14,40661;57,77059;-128,8992;-15,87618;56,44915;-34,87561;-14,42825;55,56274;-34,82972;-14,55193;55,3793;65,99224;-18,99052;47,14481;131,058;-20,05465;48,23678;-125,077;-21,37504;46,69218;-30,56153;-17,91401;44,80348;-30,48588;-18,05144;44,55843;69,23111;-22,51027;37,82222;149,7369;-20,35687;46,89528;-106,3762;-21,02249;45,25997;-12,02235;-17,20455;44,64823;-11,93616;-17,26351;44,35732;0;0;0;-47,1613;-53,61479;69,38586;-300,5471;-110,2529;359,5776;-523,7415;-142,9301;609,0489;-696,2158;-162,2156;799,6992;-83,12027;1,030929;88,19449;-403,1632;253,1769;339,1936;-677,1229;261,7801;628,0196;-681,6525;78,24875;698,3536;-568,2267;54,73072;585,8958;-128,3832;72,78681;110,8092;-470,3969;363,2163;371,5528;-728,0941;160,5081;718,475;-615,827;15,48906;650,619;-523,9948;141,1479;507,9228;-167,4854;141,7243;127,8656;-499,7939;443,9196;374,0693;-732,8397;272,943;683,4;-616,2179;119,3793;613,954;-523,0494;243,9358;470,2277;-206,4574;206,7078;146,1948;-504,6893;501,2073;358,8374;-642,9597;294,6289;579,8948;-537,3965;217,534;494,9376;-489,0427;360,9118;392,242;0;0;0;7,084966;-10,60331;-8,330225;3,44038;-8,469342;-22,0027;0,263214;-6,701231;-34,15775;-2,171516;-5,383014;-43,59912;5,664825;-9,252279;-9,976028;11,99055;-23,4003;-37,45508;7,02095;-33,6914;-21,38042;107,2283;-98,00648;-31,81171;144,2871;-62,53695;-197,8884;3,908157;-7,591008;-12,04133;9,292602;-20,81108;-40,45057;-0,53215;-12,92038;-57,10602;-4,22573;-5,794912;-46,94366;1,301765;-11,30247;-41,78524;2,471924;-6,25062;-13,81803;6,437302;-17,33208;-40,52639;-2,082824;-8,89635;-54,9202;-5,530357;-4,058361;-45,54176;0,074387;-10,02502;-40,54069;0,997066;-4,865169;-15,59543;3,10421;-12,80022;-38,54084;-5,684852;-3,840923;-46,13685;-6,159782;-1,351833;-37,96577;-0,549316;-7,799148;-36,23914;3,956696;5,607494;7,244352;9,777725;43,65241;-0,339206;3,094337;1,386351;-5,282941;31,85884;89,96039;81,53736;-1,451583;63,82733;103,5775;93,78991;-12,10117;65,2531;103,3226;93,87173;-13,368;83,17043;103,312;94,14545;0;0;0;0;0;0;0;0;0;0;0;0;0;0;0;0;0;0;0;0;-48,95782;33,32291;0;0;25,12092;-423,6671;-2321,081;-2089,133;-3,395891;0,013733;0;0,054932;24,10812;-2,334594;0;0,054932;0;0;0;0
27;432;00:00:00:432;0;0;0;4,305285;0,947328;2,464991;8,208022;-1,384213;1,062881;11,45137;-3,574507;-0,101406;13,89502;-5,312809;-0,972167;3,755393;-0,01394;2,152099;9,091219;-4,161473;5,524711;13,29049;-6,976995;5,011819;13,46983;-6,208987;2,423887;11,70595;-4,972644;2,350362;3,035509;-1,245534;1,775936;7,943664;-6,031468;4,94331;12,19292;-7,708433;1,647264;10,50081;-5,959149;-0,199188;9,024876;-5,569662;1,797062;2,348799;-2,360024;1,492337;6,37435;-7,342807;4,166378;9,925499;-9,008418;1,0934;8,66064;-7,013527;-0,404968;7,271046;-6,570003;1,678428;1,699115;-3,443721;1,187508;4,456834;-8,29934;3,12737;6,731582;-8,796278;-0,084672;5,490679;-7,278879;-0,620563;4,678627;-7,404938;1,533406;63,03619;-13,55889;59,05452;-150,1066;70,12634;-179,418;-147,0121;70,12631;-179,418;-144,4889;69,96685;-178,2082;-144,4889;69,96689;-178,2081;62,6562;-13,55888;59,05452;96,0416;-16,47637;54,43961;-173,6379;-15,74173;54,51466;-92,03284;-15,90771;55,52983;-92,03053;-15,67543;55,52128;64,09769;-16,23046;53,452;127,1593;-14,37703;57,80536;-128,9245;-15,84716;56,48476;-34,90128;-14,3996;55,59781;-34,85552;-14,52337;55,41446;65,96201;-18,96608;47,18269;131,0274;-20,02899;48,277;-125,1086;-21,35016;46,73343;-30,59329;-17,89012;44,84297;-30,51776;-18,02768;44,59803;69,19629;-22,49077;37,86359;149,7063;-20,33256;46,93396;-106,4077;-20,99899;45,29928;-12,05336;-17,18137;44,68544;-11,96731;-17,24047;44,39459;0;0;0;-47,1613;-53,61479;69,38586;-300,5914;-110,3258;359,5038;-523,8229;-143,0639;608,9136;-696,325;-162,3955;799,5175;-83,12027;1,030929;88,19449;-403,1632;253,1769;339,1936;-677,1348;261,4617;627,8205;-681,562;78,60703;697,0742;-568,1874;56,73075;585,3337;-128,3832;72,78681;110,8092;-470,3969;363,2163;371,5528;-728,092;160,5081;718,475;-615,8271;15,48909;650,6188;-523,9952;141,148;507,9226;-167,4854;141,7243;127,8656;-499,7939;443,9196;374,0693;-732,835;272,9431;683,4009;-616,2184;119,3792;613,9536;-523,0509;243,9357;470,2268;-206,4574;206,7078;146,1948;-504,6893;501,2073;358,8374;-642,9597;294,6289;579,8948;-537,3965;217,534;494,9376;-489,0427;360,9118;392,242;0;0;0;0;0;0;-2,659321;-4,373788;-4,424572;-4,880905;-8,026599;-8,116721;-6,554604;-10,79321;-10,9005;0;0;0;0;0;0;-0,718117;-19,10305;-11,94477;5,424499;21,49665;-76,7641;2,363205;120,002;-33,72287;0;0;0;0;0;0;0,123024;-0,002861;0;-0,005722;0,001341;-0,011444;-0,02861;0,001431;-0,011444;0;0;0;0;0;0;0,28038;0,004292;0,05722;-0,031471;-0,002861;-0,022888;-0,088692;-0,002861;-0,051498;0;0;0;0;0;0;0;0;0;0;0;0;0;0;0;3,993356;5,608285;7,244526;9,777358;43,67326;-0,353317;3,094273;1,386351;-5,290132;31,92961;90,34136;81,88026;-1,450909;63,82732;103,5775;93,78992;-12,09923;65,2529;103,3226;93,87173;-13,368;83,17043;103,312;94,14545;1,251068;-0,846691;-0,003805;0;-0,431442;4,245758;22,85843;20,57419;0,040455;-0,000458;0;0,000458;0,116329;-0,011902;0,000458;0;0;0;0;0;75,06408;-50,80146;-0,22831;0;-25,88653;254,7455;1371,505;1234,451;2,427292;-0,027466;0;0,027466;6,979751;-0,714111;0,027466;0;0;0;0;0
28;448;00:00:00:448;0;0;0;4,305285;0,947328;2,464991;8,208236;-1,38421;1,06347;11,45176;-3,574501;-0,100327;13,89554;-5,312803;-0,970715;3,755393;-0,01394;2,152099;9,091219;-4,161473;5,524711;13,29169;-6,974178;5,006234;13,46236;-6,200819;2,41931;11,69579;-4,967662;2,358232;3,035509;-1,245534;1,775936;7,943664;-6,031468;4,94331;12,19309;-7,708165;1,647346;10,50079;-5,959156;-0,199199;9,024822;-5,569716;1,797035;2,348799;-2,360024;1,492337;6,37435;-7,342807;4,166378;9,925922;-9,007944;1,093633;8,660569;-7,01357;-0,405005;7,270859;-6,570113;1,678326;1,699115;-3,443721;1,187508;4,456834;-8,29934;3,12737;6,731582;-8,796278;-0,084672;5,490679;-7,278879;-0,620563;4,678627;-7,404938;1,533406;63,03619;-13,55889;59,05452;-150,1046;70,13464;-179,416;-147,0102;70,13464;-179,4159;-144,4865;69,97511;-178,2056;-144,4864;69,97515;-178,2056;62,6562;-13,55888;59,05452;96,10742;-16,47012;54,45548;-173,4258;-15,73557;54,53141;-91,68861;-15,90516;55,54592;-91,68666;-15,67285;55,5388;64,09769;-16,23046;53,452;127,1577;-14,37439;57,81174;-128,9262;-15,84455;56,49121;-34,90298;-14,39702;55,60423;-34,8572;-14,52078;55,42087;65,96201;-18,96608;47,18269;131,0218;-20,02333;48,29325;-125,1144;-21,34464;46,74987;-30,59913;-17,88478;44,85911;-30,52363;-18,02236;44,61419;69,19629;-22,49077;37,86359;149,7063;-20,33256;46,93396;-106,4077;-20,99899;45,29928;-12,05336;-17,18137;44,68544;-11,96731;-17,24047;44,39459;0;0;0;-47,12232;-53,83769;69,40328;-300,574;-110,5839;359,5428;-523,8309;-143,3511;608,9612;-696,3548;-162,7048;799,5684;-83,11092;0,836425;88,17682;-403,2605;252,6938;338,9892;-677,2295;260,476;627,6638;-680,5729;77,32927;696,2931;-566,8963;56,57396;583,2018;-128,4118;72,62819;110,7466;-470,5516;362,7898;371,2805;-728,2924;160,084;718,1179;-616,0038;15,18865;650,337;-524,155;140,8131;507,6625;-167,5479;141,597;127,7625;-499,9908;443,5695;373,7529;-733,0579;272,6066;683,0103;-616,4306;119,1412;613,6375;-523,2476;243,6574;469,9302;-206,5532;206,6116;146,0523;-504,9189;500,9543;358,4923;-643,2184;294,4347;579,52;-537,6132;217,3973;494,6277;-489,2532;360,7145;391,9309;0;0;0;2,338886;-13,37421;1,045346;1,039982;-15,48314;2,340317;-0,480652;-17,22765;2,858162;-1,785278;-18,55802;3,055572;0,56076;-11,67029;-1,060009;-5,833625;-28,98359;-12,26091;-5,67913;-59,14163;-9,40132;59,34619;-76,66576;-46,86355;77,46505;-9,407758;-127,9163;-1,711607;-9,51755;-3,754377;-9,284019;-25,59471;-16,33358;-12,02488;-25,44308;-21,43192;-10,60581;-18,02578;-16,90578;-9,587287;-20,09368;-15,60688;-3,752946;-7,639646;-6,184101;-11,80744;-21,00849;-18,98575;-13,37242;-20,18881;-23,44322;-12,73155;-14,28366;-18,96572;-11,79886;-16,69979;-17,79842;-5,744934;-5,776405;-8,550166;-13,77583;-15,18631;-20,70522;-15,52391;-11,65152;-22,4905;-12,99477;-8,206843;-18,59093;-12,63142;-11,83462;-18,66245;4,004988;5,608059;7,244627;9,77748;43,66631;-0,348593;3,094273;1,386351;-5,273697;31,99916;90,48789;82,01215;-1,444285;63,82725;103,5774;93,7899;-12,08296;65,25134;103,3226;93,87173;-13,368;83,17043;103,312;94,14545;-0,417023;0,283442;0;0;0,98608;4,173317;8,791809;7,912902;0,397446;-0,00412;-0,000458;-0,000916;0,976238;-0,093842;-0,000458;0;0;0;0;0;-100,0854;67,80795;0,22831;0;85,05134;-4,346466;-843,997;-759,677;21,41948;-0,219727;-0,027466;-0,082397;51,59454;-4,916381;-0,054932;0;0;0;0;0
29;464;00:00:00:464;0;0;0;4,305285;0,947328;2,464991;8,208236;-1,38421;1,06347;11,45176;-3,574501;-0,100327;13,89554;-5,312803;-0,970715;3,755393;-0,01394;2,152099;9,091219;-4,161473;5,524711;13,29169;-6,974178;5,006234;13,45778;-6,197772;2,419926;11,68973;-4,966363;2,366903;3,035509;-1,245534;1,775936;7,943664;-6,031468;4,94331;12,19316;-7,708055;1,64738;10,50078;-5,959159;-0,199202;9,024799;-5,569739;1,797024;2,348799;-2,360024;1,492337;6,37435;-7,342807;4,166378;9,925554;-9,008355;1,093431;8,660631;-7,013534;-0,404973;7,271022;-6,570018;1,678414;1,699115;-3,443721;1,187508;4,456834;-8,29934;3,12737;6,731582;-8,796278;-0,084672;5,490679;-7,278879;-0,620563;4,678627;-7,404938;1,533406;63,03619;-13,55889;59,05452;-150,1046;70,13464;-179,416;-147,0102;70,13464;-179,4159;-144,4865;69,97511;-178,2056;-144,4864;69,97515;-178,2056;62,6562;-13,55888;59,05452;96,10742;-16,47012;54,45548;-173,3086;-15,73557;54,53141;-91,46582;-15,90715;55,54556;-91,46413;-15,67482;55,53937;64,09769;-16,23046;53,452;127,1571;-14,37331;57,81433;-128,9269;-15,84348;56,49384;-34,90368;-14,39596;55,60683;-34,85791;-14,51973;55,42348;65,96201;-18,96608;47,18269;131,0266;-20,02823;48,27917;-125,1094;-21,34942;46,73563;-30,59407;-17,88941;44,84512;-30,51856;-18,02697;44,6002;69,19629;-22,49077;37,86359;149,7063;-20,33256;46,93396;-106,4077;-20,99899;45,29928;-12,05336;-17,18137;44,68544;-11,96731;-17,24047;44,39459;0;0;0;-47,12232;-53,83769;69,40328;-300,5869;-110,584;359,5075;-523,8543;-143,3514;608,8964;-696,3862;-162,7052;799,4813;-83,11092;0,836425;88,17682;-403,2605;252,6938;338,9892;-677,3015;260,3069;627,9989;-680,101;77,01742;696,2886;-566,2809;56,91046;582,6581;-128,4118;72,62819;110,7466;-470,5516;362,7898;371,2805;-728,2946;160,068;718,1132;-616,0031;15,18906;650,3374;-524,1537;140,8163;507,6636;-167,5479;141,597;127,7625;-499,9908;443,5695;373,7529;-733,1178;272,5773;682,9889;-616,4222;119,1437;613,6421;-523,2255;243,664;469,9424;-206,5532;206,6116;146,0523;-504,9189;500,9543;358,4923;-643,2184;294,4347;579,52;-537,6132;217,3973;494,6277;-489,2532;360,7145;391,9309;0;0;0;0;0;0;-0,769615;-0,010014;-2,121448;-1,404762;-0,021458;-3,88813;-1,882553;-0,024319;-5,224227;0;0;0;0;0;0;-4,317283;-10,14233;20,10441;28,31841;-18,71109;-0,271797;36,92436;20,19024;-32,62138;0;0;0;0;0;0;-0,128746;-0,962019;-0,277519;0,042915;0,02414;0,022888;0,077248;0,195265;0,068665;0;0;0;0;0;0;-3,593444;-1,756668;-1,281738;0,50354;0,15378;0,274658;1,327515;0,397682;0,735283;0;0;0;0;0;0;0;0;0;0;0;0;0;0;0;4,015635;5,608074;7,244495;9,77748;43,66631;-0,348593;3,094273;1,386351;-5,273697;31,99916;90,60512;82,11767;-1,441436;63,8272;103,5775;93,78993;-12,09704;65,25269;103,3226;93,87174;-13,368;83,17043;103,312;94,14545;0;0;0;0;0;0;7,033538;6,331329;0,170889;-0,002975;0,000458;0,001831;-0,845261;0,081024;0;0,000458;0;0;0;0;25,02136;-17,00649;0;0;-59,1648;-250,399;-105,4962;-94,8944;-13,59343;0,068665;0,054932;0,164795;-109,2899;10,49194;0,027466;0,027466;0;0;0;0
30;480;00:00:00:480;0;0;0;4,305045;0,948392;2,465003;8,208128;-1,382546;1,062848;11,45181;-3,572337;-0,101452;13,89572;-5,310263;-0,972213;3,755343;-0,013012;2,152192;9,091876;-4,159194;5,525345;13,2927;-6,971047;5,005084;13,45331;-6,191061;2,419508;11,68357;-4,961728;2,375304;3,035702;-1,24478;1,776134;7,944692;-6,029466;4,944102;12,19446;-7,705769;1,648381;10,50194;-5,957176;-0,198346;9,025858;-5,567803;1,797818;2,349212;-2,359429;1,492628;6,375645;-7,341181;4,167262;9,927187;-9,00642;1,094537;8,661985;-7,011919;-0,404061;7,272257;-6,568453;1,679257;1,699742;-3,44328;1,187891;4,458339;-8,298182;3,128302;6,733259;-8,795005;-0,083635;5,492081;-7,277895;-0,619707;4,680001;-7,403895;1,534255;63,03195;-13,55474;59,06643;-150,0911;70,12244;-179,3927;-146,9966;70,12242;-179,3926;-144,4738;69,96288;-178,1832;-144,4738;69,96289;-178,1832;62,65197;-13,55474;59,06643;96,12852;-16,46945;54,45975;-173,1704;-15,73492;54,53596;-91,22199;-15,90886;55,54967;-91,2206;-15,6765;55,54452;64,09299;-16,22673;53,46422;127,1539;-14,3712;57,82162;-128,9301;-15,84145;56,50121;-34,90694;-14,39397;55,61413;-34,86118;-14,51775;55,4308;65,95683;-18,96286;47,19527;131,0223;-20,02568;48,28967;-125,1139;-21,34698;46,74626;-30,59857;-17,88711;44,85552;-30,52306;-18,02469;44,61059;69,1905;-22,48839;37,87672;149,701;-20,32936;46,94669;-106,413;-20,99594;45,31212;-12,05862;-17,17837;44,69791;-11,97259;-17,2375;44,40707;0;0;0;-47,12232;-53,83769;69,40328;-300,6109;-110,6236;359,4675;-523,8984;-143,424;608,8231;-696,4454;-162,8027;799,3828;-83,11092;0,836425;88,17682;-403,2605;252,6938;338,9892;-677,3327;260,2006;627,9298;-679,8175;76,94296;695,8486;-565,9127;57,44572;581,9677;-128,4118;72,62819;110,7466;-470,5516;362,7898;371,2805;-728,3132;160,0614;718,1108;-616,002;15,18924;650,3383;-524,1489;140,8177;507,6653;-167,5479;141,597;127,7625;-499,9908;443,5695;373,7529;-733,1011;272,6018;682,9998;-616,4252;119,1416;613,6404;-523,2335;243,6583;469,938;-206,5532;206,6116;146,0523;-504,9189;500,9543;358,4923;-643,2184;294,4347;579,52;-537,6132;217,3973;494,6277;-489,2532;360,7145;391,9309;0;0;0;0;0;0;-1,443386;-2,372503;-2,397537;-2,646446;-4,353046;-4,403114;-3,553391;-5,852222;-5,910873;0;0;0;0;0;0;-1,87397;-6,378651;-4,145622;17,00592;-4,467129;-26,3958;22,08996;32,11534;-41,42475;0;0;0;0;0;0;-1,115799;-0,395536;-0,145912;0,068665;0,010729;0,051498;0,291824;0,082254;0,100136;0;0;0;0;0;0;1,001358;1,470566;0,655174;-0,180244;-0,130892;-0,102997;-0,483513;-0,341892;-0,263214;0;0;0;0;0;0;0;0;0;0;0;0;0;0;0;4,027525;5,608473;7,244558;9,77728;43,67761;-0,356281;3,0944;1,38621;-5,28194;32,02305;90,72234;82,22317;-1,446451;63,82726;103,5775;93,78992;-12,09923;65,2529;103,3226;93,87173;-13,368;83,17043;103,312;94,14545;0,678177;-0,461283;0,007596;-0,008469;-0,494556;1,433372;7,033538;6,329956;-0,300872;0,003433;0;-0,000916;-0,130978;0,012817;0,000458;-0,000458;0;0;0;0;40,69061;-27,67696;0,455761;-0,508118;-29,67338;86,00233;0;-0,082397;-28,30567;0,384521;-0,027466;-0,164795;42,85697;-4,092407;0,027466;-0,054932;0;0;0;0
31;496;00:00:00:496;0;0;0;4,305042;0,949007;2,464771;8,208341;-1,382104;1,063507;11,45221;-3,57204;-0,1;13,89627;-5,310073;-0,970145;3,755363;-0,012475;2,152159;9,092043;-4,157831;5,526098;13,29301;-6,969574;5,006401;13,45127;-6,188613;2,420972;11,68074;-4,960276;2,380551;3,035753;-1,244338;1,776356;7,944904;-6,028251;4,945242;12,19468;-7,705116;1,649815;10,5021;-5,956925;-0,197246;9,026031;-5,567189;1,798856;2,349291;-2,359064;1,493081;6,375887;-7,340166;4,168682;9,927445;-9,005926;1,096257;8,662175;-7,011762;-0,40273;7,272453;-6,567913;1,680512;1,699848;-3,442993;1,188569;4,458596;-8,297429;3,129931;6,733501;-8,794837;-0,081927;5,492275;-7,277869;-0,618293;4,680219;-7,403457;1,535703;63,02632;-13,54456;59,06932;-150,0556;70,12823;-179,3576;-146,9612;70,1282;-179,3575;-144,4382;69,96835;-178,148;-144,4382;69,96841;-178,148;62,64634;-13,54456;59,06932;96,12154;-16,45915;54,46474;-173,1187;-15,72459;54,54085;-91,11738;-15,89941;55,55437;-91,1161;-15,66704;55,54965;64,08628;-16,21714;53,46769;127,1481;-14,36129;57,82429;-128,9362;-15,83167;56,50411;-34,91313;-14,3843;55,61693;-34,86739;-14,50809;55,43359;65,94896;-18,95403;47,19941;131,0145;-20,01671;48,29391;-125,122;-21,33821;46,75077;-30,60677;-17,87859;44,85962;-30,53131;-18,0162;44,61472;69,18102;-22,4809;37,88194;149,6931;-20,32056;46,95104;-106,4214;-20,98735;45,31668;-12,06682;-17,16987;44,70191;-11,98082;-17,22905;44,4111;0;0;0;-47,10788;-53,90155;69,4026;-300,593;-110,7046;359,5239;-523,8804;-143,5192;608,9257;-696,4282;-162,9086;799,5197;-83,10793;0,780724;88,17123;-403,2999;252,5571;338,9511;-677,3856;260,0128;627,9995;-679,5321;76,62999;695,7351;-565,5389;57,48515;581,4304;-128,4234;72,58295;110,7347;-470,6133;362,6696;371,233;-728,3925;159,9241;718,0507;-616,0713;15,07021;650,2869;-524,2122;140,7015;507,6177;-167,5727;141,5613;127,745;-500,0685;443,4719;373,6998;-733,199;272,4857;682,9335;-616,5065;119,0446;613,5857;-523,3076;243,5644;469,8875;-206,5908;206,5851;146,0293;-505,0091;500,8847;358,4363;-643,319;294,3583;579,4578;-537,6972;217,3383;494,5764;-489,3356;360,6519;391,88;0;0;0;0,866354;-3,831625;-0,041127;1,075745;-4,859447;3,380299;1,081467;-5,712032;6,15406;1,029968;-6,35004;8,213996;0,179529;-3,342035;-0,335813;-2,366066;-8,202552;-2,284527;-3,175735;-11,26671;4,182815;17,12608;-18,77832;-6,812096;22,42756;2,365708;-32,24086;-0,697374;-2,714038;-0,712395;-3,699302;-7,206916;-2,85387;-4,757881;-8,235454;-3,607749;-4,157066;-7,141381;-3,084183;-3,796577;-6,968737;-2,858162;-1,487017;-2,141475;-1,049995;-4,666328;-5,853652;-3,181458;-5,87368;-6,966591;-3,979682;-4,878044;-5,815029;-3,281593;-4,446029;-5,634784;-3,032684;-2,257347;-1,587868;-1,379728;-5,415916;-4,171371;-3,35741;-6,036758;-4,580497;-3,733634;-5,043983;-3,540516;-3,081321;-4,946708;-3,755092;-3,055572;4,032129;5,608268;7,244519;9,777376;43,67222;-0,352585;3,094273;1,386351;-5,280307;32,02297;90,78097;82,27592;-1,446857;63,82726;103,5775;93,78992;-12,09923;65,2529;103,3226;93,87173;-13,368;83,17043;103,312;94,14545;-0,32341;0,221787;-0,007596;0,008469;0,09799;-0,005035;3,517456;3,164978;-0,024347;0,000229;0;0,000458;0;0;0;0;0;0;0;0;-60,09521;40,98415;-0,911522;1,016235;35,55278;-86,30446;-210,9649;-189,8987;16,5915;-0,192261;0;0,082397;7,858657;-0,769043;-0,027466;0,027466;0;0;0;0
32;512;00:00:00:512;0;0;0;4,305202;0,948747;2,464593;8,208666;-1,382191;1,063506;11,45267;-3,571984;-0,099881;13,89684;-5,309908;-0,969943;3,755506;-0,012702;2,15191;9,092422;-4,158416;5,525033;13,29334;-6,97012;5,004732;13,45143;-6,188859;2,419384;11,68091;-4,960508;2,379224;3,035875;-1,244526;1,776017;7,945251;-6,028775;4,944044;12,19488;-7,705147;1,648182;10,5021;-5,95687;-0,198607;9,026148;-5,56738;1,797628;2,349398;-2,359222;1,492663;6,376188;-7,340609;4,167439;9,927673;-9,005876;1,094663;8,662152;-7,011699;-0,404096;7,272532;-6,568109;1,679268;1,699938;-3,44312;1,188072;4,458831;-8,297762;3,12871;6,733525;-8,794804;-0,083354;5,49226;-7,277781;-0,619468;4,680346;-7,403612;1,534566;63,03304;-13,5481;59,06795;-150,0722;70,13431;-179,3727;-146,9778;70,13429;-179,3727;-144,4543;69,97459;-178,1627;-144,4543;69,97461;-178,1626;62,65305;-13,54811;59,06795;96,12878;-16,46236;54,46241;-173,1115;-15,72782;54,53862;-91,11018;-15,90277;55,5521;-91,10893;-15,6704;55,54744;64,09342;-16,22003;53,46589;127,1543;-14,3636;57,82544;-128,9299;-15,83385;56,50507;-34,90685;-14,38637;55,61803;-34,8611;-14,51016;55,43469;65,9565;-18,95616;47,19717;131,0204;-20,01731;48,29628;-125,116;-21,33867;46,753;-30,6009;-17,87886;44,86221;-30,52545;-18,01644;44,6173;69,18898;-22,48182;37,87908;149,7007;-20,32266;46,9486;-106,4136;-20,98925;45,31411;-12,05926;-17,17168;44,69987;-11,97326;-17,23082;44,40905;0;0;0;-47,10768;-53,93845;69,41648;-300,5883;-110,7024;359,5133;-523,8725;-143,4844;608,8916;-696,418;-162,8493;799,4669;-83,10916;0,748504;88,17319;-403,3099;252,4753;338,9059;-677,4069;259,9244;627,9202;-679,4112;76,48317;695,647;-565,3699;57,39801;581,1153;-128,4264;72,55647;110,7214;-470,6261;362,5967;371,1646;-728,3973;159,885;717,9649;-616,0814;15,05522;650,2206;-524,2245;140,6647;507,5549;-167,5774;141,5394;127,7179;-500,083;443,411;373,6147;-733,2028;272,4564;682,8328;-616,5193;119,0352;613,5051;-523,3231;243,532;469,8101;-206,5971;206,5679;145,9886;-505,0246;500,8396;358,3386;-643,3336;294,3482;579,3552;-537,7089;217,3366;494,4915;-489,3487;360,6257;391,7931;0;0;0;0,012159;-2,214074;0,832915;0,28038;0,128031;-0,633717;0,47493;2,085685;-2,039909;0,612259;3,556252;-3,167152;-0,073671;-1,933202;0,118017;-0,600815;-4,908084;-2,710819;-1,273155;-5,305767;-4,75502;7,252692;-8,809446;-5,290031;10,13946;-5,227804;-18,90278;-0,183821;-1,589298;-0,799656;-0,766754;-4,374504;-4,102706;-0,294685;-2,346039;-5,14698;-0,606537;-0,899881;-3,976821;-0,738144;-2,211571;-3,765106;-0,283241;-1,315355;-1,630783;-0,869751;-3,653526;-5,111217;-0,231743;-1,758099;-6,04248;-0,766754;-0,563622;-4,835128;-0,929832;-1,942634;-4,64344;-0,380516;-1,029968;-2,439022;-0,926971;-2,709388;-5,865097;-0,872612;-0,606537;-6,151199;-0,700951;-0,097275;-5,089759;-0,781059;-1,576424;-5,214214;4,031046;5,607974;7,244503;9,77752;43,66403;-0,347054;3,094273;1,386351;-5,280864;32,023;90,78097;82,2759;-1,444014;63,82723;103,5775;93,78992;-12,09447;65,25245;103,3226;93,87175;-13,368;83,17043;103,312;94,14545;-0,491638;0,33185;0;0;-0,033417;0,00206;0;-0,000916;0,170589;-0,001831;0;-0,000458;0,285473;-0,027008;-0,000458;0,000916;0;0;0;0;-10,09369;6,603812;0,455761;-0,508118;-7,884406;0,42572;-211,0473;-189,9536;11,69615;-0,123596;0;-0,054932;17,12837;-1,620483;-0,027466;0,054932;0;0;0;0
33;528;00:00:00:528;0;0;0;4,305202;0,948747;2,464593;8,208666;-1,382191;1,063506;11,45267;-3,571984;-0,099881;13,89684;-5,309908;-0,969943;3,755506;-0,012702;2,15191;9,092422;-4,158416;5,525033;13,29334;-6,97012;5,004732;13,45143;-6,188859;2,419384;11,68091;-4,960508;2,379224;3,035875;-1,244526;1,776017;7,945251;-6,028775;4,944044;12,19488;-7,705147;1,648182;10,5021;-5,95687;-0,198607;9,026148;-5,56738;1,797628;2,349398;-2,359222;1,492663;6,376188;-7,340609;4,167439;9,927673;-9,005876;1,094663;8,662152;-7,011699;-0,404096;7,272532;-6,568109;1,679268;1,699938;-3,44312;1,188072;4,458831;-8,297762;3,12871;6,733525;-8,794804;-0,083354;5,49226;-7,277781;-0,619468;4,680346;-7,403612;1,534566;63,03304;-13,5481;59,06795;-150,0722;70,13431;-179,3727;-146,9778;70,13429;-179,3727;-144,4543;69,97459;-178,1627;-144,4543;69,97461;-178,1626;62,65305;-13,54811;59,06795;96,12878;-16,46236;54,46241;-173,1115;-15,72782;54,53862;-91,11018;-15,90277;55,5521;-91,10893;-15,6704;55,54744;64,09342;-16,22003;53,46589;127,1543;-14,3636;57,82544;-128,9299;-15,83385;56,50507;-34,90685;-14,38637;55,61803;-34,8611;-14,51016;55,43469;65,9565;-18,95616;47,19717;131,0204;-20,01731;48,29628;-125,116;-21,33867;46,753;-30,6009;-17,87886;44,86221;-30,52545;-18,01644;44,6173;69,18898;-22,48182;37,87908;149,7007;-20,32266;46,9486;-106,4136;-20,98925;45,31411;-12,05926;-17,17168;44,69987;-11,97326;-17,23082;44,40905;0;0;0;-47,11727;-53,92284;69,42717;-300,6079;-110,6972;359,5134;-523,9004;-143,4878;608,8845;-696,4522;-162,8592;799,4549;-83,1177;0,762139;88,18814;-403,3327;252,5105;338,9699;-677,4267;259,9572;628,0204;-679,421;76,49792;695,7422;-565,3799;57,41192;581,1949;-128,4337;72,56773;110,7417;-470,6468;362,6281;371,2365;-728,4098;159,8869;718,0629;-616,0814;15,05186;650,3022;-524,2315;140,6762;507,6286;-167,5838;141,5489;127,743;-500,101;443,4376;373,6891;-733,2166;272,4533;682,9283;-616,5179;119,0315;613,587;-523,3278;243,5438;469,8848;-206,6026;206,5755;146,0185;-505,0387;500,8596;358,4119;-643,335;294,3463;579,4409;-537,708;217,3314;494,562;-489,3563;360,635;391,8613;0;0;0;-0,575423;0,936627;0,641227;-1,173019;0,313997;0,005722;-1,676559;-0,203848;-0,429153;-2,054214;-0,594378;-0,723839;-0,512481;0,818074;0,896931;-1,367569;2,107143;3,835201;-1,190185;1,965523;6,008148;-0,589371;0,885129;5,716323;-0,600815;0,834346;4,780769;-0,438452;0,676274;1,220941;-1,244545;1,885414;4,314422;-0,743866;0,110149;5,879402;0;-0,201166;4,900932;-0,42057;0,690937;4,423141;-0,385523;0,570774;1,506328;-1,081467;1,59359;4,470348;-0,821114;-0,184536;5,736351;0,080109;-0,225306;4,915237;-0,283241;0,703812;4,480361;-0,326157;0,454903;1,788854;-0,846863;1,198768;4,398822;-0,085831;-0,120163;5,138397;0,054359;-0,316143;4,231452;-0,460625;0,557899;4,092693;4,031046;5,607974;7,244503;9,77752;43,66403;-0,347054;3,094273;1,386351;-5,280864;32,023;90,78097;82,2759;-1,444014;63,82723;103,5775;93,78992;-12,09447;65,25245;103,3226;93,87175;-13,368;83,17043;103,312;94,14545;0;0;0;0;0;0;0;0;0;0;0;0;0;0;0;0;0;0;0;0;29,49829;-19,911;0;0;2,005005;-0,123596;0;0,054932;-10,23531;0,109863;0;0,027466;-17,12837;1,620483;0,027466;-0,054932;0;0;0;0
34;544;00:00:00:544;0;0;0;4,305285;0,947328;2,464991;8,208481;-1,384209;1,064144;11,45221;-3,574498;-0,099088;13,89614;-5,312798;-0,969051;3,755393;-0,01394;2,152099;9,091219;-4,161473;5,524711;13,29176;-6,973317;5,002141;13,45609;-6,195586;2,416119;11,68783;-4,964404;2,364843;3,035509;-1,245534;1,775936;7,943664;-6,031468;4,94331;12,19308;-7,708169;1,647344;10,50079;-5,959156;-0,199198;9,024822;-5,569715;1,797036;2,348799;-2,360024;1,492337;6,37435;-7,342807;4,166378;9,925554;-9,008355;1,093431;8,660631;-7,013534;-0,404973;7,271022;-6,570018;1,678414;1,699115;-3,443721;1,187508;4,456834;-8,29934;3,12737;6,731582;-8,796278;-0,084672;5,490679;-7,278879;-0,620563;4,678627;-7,404938;1,533406;63,03619;-13,55889;59,05452;-150,1023;70,14409;-179,4136;-147,0079;70,14409;-179,4135;-144,4836;69,98458;-178,2027;-144,4836;69,98459;-178,2027;62,6562;-13,55888;59,05452;96,15591;-16,47232;54,44992;-173,2603;-15,73782;54,5265;-91,41755;-15,91023;55,54051;-91,41591;-15,67789;55,53454;64,09769;-16,23046;53,452;127,1578;-14,37443;57,81163;-128,9262;-15,84459;56,49109;-34,90295;-14,39706;55,60412;-34,85717;-14,52083;55,42076;65,96201;-18,96608;47,18269;131,0266;-20,02823;48,27917;-125,1094;-21,34942;46,73563;-30,59407;-17,88941;44,84512;-30,51856;-18,02697;44,6002;69,19629;-22,49077;37,86359;149,7063;-20,33256;46,93396;-106,4077;-20,99899;45,29928;-12,05336;-17,18137;44,68544;-11,96731;-17,24047;44,39459;0;0;0;-47,11727;-53,92284;69,42717;-300,5958;-110,6774;359,5335;-523,8782;-143,4513;608,9214;-696,4225;-162,8102;799,5044;-83,1177;0,762139;88,18814;-403,3327;252,5105;338,9699;-677,4128;259,8514;627,9554;-679,4402;76,15929;696,0394;-565,3764;56,43703;581,1987;-128,4337;72,56773;110,7417;-470,6468;362,6281;371,2365;-728,4106;159,8868;718,0628;-616,0814;15,05182;650,3022;-524,2313;140,6762;507,6285;-167,5838;141,5489;127,743;-500,101;443,4376;373,6891;-733,2228;272,4532;682,9271;-616,5172;119,0314;613,5875;-523,3258;243,5438;469,8859;-206,6026;206,5755;146,0185;-505,0387;500,8596;358,4119;-643,335;294,3463;579,4409;-537,708;217,3314;494,562;-489,3563;360,635;391,8613;0;0;0;0;0;0;0,723839;1,190901;1,207352;1,330376;2,187252;2,214432;1,785278;2,939701;2,972603;0;0;0;0;0;0;0,832558;-6,345749;-3,899574;-1,14727;-20,31791;17,82703;0,214577;-58,49361;0,220299;0;0;0;0;0;0;-0,054359;-0,004292;-0,002861;0,002861;-0,002682;-0,005722;0,014305;0;-0,005722;0;0;0;0;0;0;-0,377655;-0,010014;-0,080109;0,045776;-0,002861;0,02861;0,120163;0,001431;0,068665;0;0;0;0;0;0;0;0;0;0;0;0;0;0;0;4,014083;5,607759;7,244436;9,77762;43,65835;-0,343205;3,094337;1,386351;-5,279454;32,04639;90,60511;82,11766;-1,444285;63,82724;103,5774;93,78992;-12,09704;65,25269;103,3226;93,87174;-13,368;83,17043;103,312;94,14545;-0,340805;0,23097;0,003805;0;0,0846;1,403274;-10,55145;-9,494475;-0,016258;0,000229;-0,000458;0,000458;-0,154495;0,014191;0;-0,000458;0;0;0;0;-20,4483;13,85822;0,22831;0;5,076026;84,19646;-633,0871;-569,6685;-0,975466;0,013733;-0,027466;0,027466;-9,269713;0,85144;0;-0,027466;0;0;0;0
35;560;00:00:00:560;0;0;0;4,305285;0,947328;2,464991;8,208481;-1,384209;1,064144;11,45221;-3,574498;-0,099088;13,89614;-5,312798;-0,969051;3,755393;-0,01394;2,152099;9,091219;-4,161473;5,524711;13,29176;-6,973317;5,002141;13,45609;-6,195586;2,416119;11,68783;-4,964404;2,364843;3,035509;-1,245534;1,775936;7,943664;-6,031468;4,94331;12,19308;-7,708169;1,647344;10,50079;-5,959156;-0,199198;9,024822;-5,569715;1,797036;2,348799;-2,360024;1,492337;6,37435;-7,342807;4,166378;9,925554;-9,008355;1,093431;8,660631;-7,013534;-0,404973;7,271022;-6,570018;1,678414;1,699115;-3,443721;1,187508;4,456834;-8,29934;3,12737;6,731582;-8,796278;-0,084672;5,490679;-7,278879;-0,620563;4,678627;-7,404938;1,533406;63,03619;-13,55889;59,05452;-150,1023;70,14409;-179,4136;-147,0079;70,14409;-179,4135;-144,4836;69,98458;-178,2027;-144,4836;69,98459;-178,2027;62,6562;-13,55888;59,05452;96,15591;-16,47232;54,44992;-173,2603;-15,73782;54,5265;-91,41755;-15,91023;55,54051;-91,41591;-15,67789;55,53454;64,09769;-16,23046;53,452;127,1578;-14,37443;57,81163;-128,9262;-15,84459;56,49109;-34,90295;-14,39706;55,60412;-34,85717;-14,52083;55,42076;65,96201;-18,96608;47,18269;131,0266;-20,02823;48,27917;-125,1094;-21,34942;46,73563;-30,59407;-17,88941;44,84512;-30,51856;-18,02697;44,6002;69,19629;-22,49077;37,86359;149,7063;-20,33256;46,93396;-106,4077;-20,99899;45,29928;-12,05336;-17,18137;44,68544;-11,96731;-17,24047;44,39459;0;0;0;-47,12232;-53,83769;69,40328;-300,5847;-110,5563;359,4952;-523,8502;-143,3005;608,8738;-696,3806;-162,6368;799,4509;-83,11092;0,836425;88,17682;-403,2605;252,6938;338,9892;-677,3181;260,0432;628,1108;-679,7198;76,5629;696,2353;-565,7915;56,67078;582,0615;-128,4118;72,62819;110,7466;-470,5516;362,7898;371,2805;-728,3027;160,0682;718,113;-616,0027;15,18899;650,3376;-524,1517;140,8163;507,6641;-167,5479;141,597;127,7625;-499,9908;443,5695;373,7529;-733,0957;272,602;683,001;-616,4259;119,1416;613,6401;-523,2352;243,6584;469,9372;-206,5532;206,6116;146,0523;-504,9189;500,9543;358,4923;-643,2184;294,4347;579,52;-537,6132;217,3973;494,6277;-489,2532;360,7145;391,9309;0;0;0;-0,30309;5,109071;-1,433015;0,668049;7,261991;-2,298832;1,685143;9,050845;-2,855301;2,514839;10,40482;-3,212929;0,406623;4,457163;-0,679135;4,334449;11,00349;1,160145;5,684852;11,50703;9,326934;-16,7799;24,21641;11,75594;-24,90806;14,02545;51,77021;1,319647;3,627061;0,291109;5,710601;9,696006;2,642154;6,480217;10,8819;3,012657;4,714965;8,230357;2,12574;4,769325;8,404969;2,131462;2,155781;2,886057;1,17445;6,617546;7,913589;3,822326;7,627486;8,929252;4,437446;5,478858;6,606817;3,155708;5,435943;6,873608;3,075599;2,96402;2,162933;2,029896;7,18975;5,681991;4,823684;6,995201;5,307197;4,746437;5,690574;3,953933;3,939628;6,188392;4,773616;4,177093;4,014083;5,607759;7,244436;9,77762;43,65835;-0,343205;3,094337;1,386351;-5,279454;32,04639;90,60511;82,11766;-1,444285;63,82724;103,5774;93,78992;-12,09704;65,25269;103,3226;93,87174;-13,368;83,17043;103,312;94,14545;0;0;0;0;0;0;0;0;0;0;0;0;0;0;0;0;0;0;0;0;20,4483;-13,85822;-0,22831;0;-5,076026;-84,19646;633,0871;569,6685;0,975466;-0,013733;0,027466;-0,027466;9,269713;-0,85144;0;0,027466;0;0;0;0
36;576;00:00:00:576;0;0;0;4,304818;0,947301;2,465819;8,207965;-1,385193;1,066434;11,45161;-3,576278;-0,095519;13,89547;-5,315175;-0,964496;3,754856;-0,013964;2,153037;9,089208;-4,161448;5,528039;13,28951;-6,973591;5,005208;13,45716;-6,198187;2,418698;11,69007;-4,965566;2,361491;3,034876;-1,245543;1,777011;7,941511;-6,031417;4,946834;12,19149;-7,709627;1,652349;10,49993;-5,960816;-0,195056;9,023525;-5,570634;1,800711;2,348067;-2,360001;1,493526;6,372189;-7,342716;4,169847;9,923971;-9,00952;1,098249;8,659646;-7,01497;-0,401025;7,269567;-6,570718;1,681891;1,698292;-3,443676;1,188814;4,454785;-8,299221;3,130608;6,730256;-8,797331;-0,08074;5,489718;-7,279879;-0,61733;4,677112;-7,405262;1,53647;63,01585;-13,55361;59,05051;-150,059;70,15668;-179,3816;-146,9646;70,15668;-179,3815;-144,4398;69,99684;-178,1704;-144,4398;69,99687;-178,1704;62,63586;-13,55361;59,05051;96,15892;-16,46944;54,44508;-173,3452;-15,73495;54,5217;-91,58153;-15,90591;55,53593;-91,57975;-15,67358;55,52929;64,07664;-16,22713;53,44911;127,1373;-14,36971;57,80766;-128,9469;-15,84033;56,48771;-34,92359;-14,3931;55,60021;-34,87784;-14,51694;55,41689;65,94039;-18,96498;47,18094;131,004;-20,02584;48,28042;-125,1323;-21,34761;46,73745;-30,61651;-17,8883;44,84554;-30,54104;-18,02595;44,60066;69,17428;-22,49301;37,86325;149,6845;-20,33155;46,93277;-106,4296;-20,99856;45,29837;-12,07479;-17,18117;44,68299;-11,98874;-17,24038;44,39217;0;0;0;-47,12232;-53,83769;69,40328;-300,5873;-110,5607;359,4907;-523,855;-143,3086;608,8656;-696,387;-162,6477;799,4398;-83,11092;0,836425;88,17682;-403,2605;252,6938;338,9892;-677,3206;259,9373;628,0443;-679,7325;76,35878;696,3223;-565,7884;56,17216;582,0145;-128,4118;72,62819;110,7466;-470,5516;362,7898;371,2805;-728,3036;160,0682;718,113;-616,0027;15,18904;650,3377;-524,1516;140,8163;507,6642;-167,5479;141,597;127,7625;-499,9908;443,5695;373,7529;-733,0894;272,6021;683,0023;-616,4266;119,1416;613,6396;-523,2372;243,6583;469,936;-206,5532;206,6116;146,0523;-504,9189;500,9543;358,4923;-643,2184;294,4347;579,52;-537,6132;217,3973;494,6277;-489,2532;360,7145;391,9309;0;0;0;0;0;0;-0,158787;-0,26536;-0,268936;-0,291824;-0,487804;-0,492096;-0,389099;-0,652313;-0,666618;0;0;0;0;0;0;-0,148773;-6,354332;-3,991127;-0,763893;-12,24697;5,224227;0,185967;-29,91736;-2,820968;0;0;0;0;0;0;-0,054359;0,001431;0;0,002861;0,002682;0,005722;0,011444;0;0,005722;0;0;0;0;0;0;0,377655;0,010014;0,080109;-0,045776;0,002146;-0,025749;-0,120163;-0,001431;-0,071526;0;0;0;0;0;0;0;0;0;0;0;0;0;0;0;4,006018;5,607805;7,244469;9,777597;43,65961;-0,344011;3,094337;1,386351;-5,281569;32,06996;90,5172;82,03851;-1,444691;63,82724;103,5775;93,78991;-12,09447;65,25245;103,3226;93,87175;-13,368;83,17043;103,312;94,14545;0,07576;-0,048409;0;0;-0,126915;1,414032;-5,274353;-4,74884;-0,02439;0,000458;0,000458;-0,000916;0,154495;-0,014191;0;0,000458;0;0;0;0;4,545593;-2,90451;0;0;-7,614898;84,8419;-316,4612;-284,9304;-1,463413;0,027466;0,027466;-0,054932;9,269713;-0,85144;0;0,027466;0;0;0;0
37;592;00:00:00:592;0;0;0;4,304818;0,947301;2,465819;8,207965;-1,385193;1,066434;11,45161;-3,576278;-0,095519;13,89547;-5,315175;-0,964496;3,754856;-0,013964;2,153037;9,089208;-4,161448;5,528039;13,28951;-6,973591;5,005208;13,45716;-6,198187;2,418698;11,69007;-4,965566;2,361491;3,034876;-1,245543;1,777011;7,941511;-6,031417;4,946834;12,19149;-7,709627;1,652349;10,49993;-5,960816;-0,195056;9,023525;-5,570634;1,800711;2,348067;-2,360001;1,493526;6,372189;-7,342716;4,169847;9,923971;-9,00952;1,098249;8,659646;-7,01497;-0,401025;7,269567;-6,570718;1,681891;1,698292;-3,443676;1,188814;4,454785;-8,299221;3,130608;6,730256;-8,797331;-0,08074;5,489718;-7,279879;-0,61733;4,677112;-7,405262;1,53647;63,01585;-13,55361;59,05051;-150,059;70,15668;-179,3816;-146,9646;70,15668;-179,3815;-144,4398;69,99684;-178,1704;-144,4398;69,99687;-178,1704;62,63586;-13,55361;59,05051;96,15892;-16,46944;54,44508;-173,3452;-15,73495;54,5217;-91,58153;-15,90591;55,53593;-91,57975;-15,67358;55,52929;64,07664;-16,22713;53,44911;127,1373;-14,36971;57,80766;-128,9469;-15,84033;56,48771;-34,92359;-14,3931;55,60021;-34,87784;-14,51694;55,41689;65,94039;-18,96498;47,18094;131,004;-20,02584;48,28042;-125,1323;-21,34761;46,73745;-30,61651;-17,8883;44,84554;-30,54104;-18,02595;44,60066;69,17428;-22,49301;37,86325;149,6845;-20,33155;46,93277;-106,4296;-20,99856;45,29837;-12,07479;-17,18117;44,68299;-11,98874;-17,24038;44,39217;0;0;0;-47,09425;-53,83607;69,35361;-300,5564;-110,5017;359,3534;-523,8195;-143,2018;608,6515;-696,3469;-162,505;799,1664;-83,0787;0,837822;88,12056;-403,1398;252,6924;338,7895;-677,186;259,9537;627,8603;-679,7963;76,51483;696,1675;-565,9232;56,2419;582,2156;-128,3738;72,62875;110,6821;-470,4224;362,7867;371,0692;-728,2077;160,1556;717,8127;-615,9509;15,28866;650,0892;-524,0737;140,8714;507,4437;-167,5039;141,5956;127,6912;-499,8611;443,564;373,5447;-732,9944;272,6719;682,7132;-616,3676;119,2278;613,4028;-523,15;243,7004;469,7274;-206,5038;206,6089;145,9739;-504,7959;500,9471;358,298;-643,1388;294,4979;579,2841;-537,5555;217,4572;494,4337;-489,1623;360,7339;391,7472;0;0;0;1,684427;0,097275;-2,980828;1,855373;3,544807;-8,242606;2,134323;6,407261;-12,84599;2,40612;8,558034;-16,39938;1,933694;0,083819;-3,375649;7,241248;-0,087261;-11,98339;8,070945;0,987053;-11,04069;-3,825187;9,363412;-9,28688;-8,08525;4,184246;12,06493;2,277374;0,033975;-3,869533;7,753371;-0,184536;-12,68435;5,753517;5,2464;-18,01872;3,107071;5,977303;-14,90879;4,67205;3,309488;-13,22937;2,637148;-0,08297;-4,282236;7,77912;-0,329018;-12,48979;5,702018;4,188537;-17,34638;3,544807;5,171299;-14,2107;5,235672;2,521991;-12,51698;2,961159;-0,160217;-4,702091;7,375716;-0,429153;-11,65724;4,775047;3,792285;-14,15634;3,461838;3,599166;-11,63864;5,453109;1,164436;-11,02638;4,006018;5,607805;7,244469;9,777597;43,65961;-0,344011;3,094337;1,386351;-5,281569;32,06996;90,5172;82,03851;-1,444691;63,82724;103,5775;93,78991;-12,09447;65,25245;103,3226;93,87175;-13,368;83,17043;103,312;94,14545;0;0;0;0;0;0;0;0;0;0;0;0;0;0;0;0;0;0;0;0;-4,545593;2,90451;0;0;7,614898;-84,8419;316,4612;284,9304;1,463413;-0,027466;-0,027466;0,054932;-9,269713;0,85144;0;-0,027466;0;0;0;0
38;608;00:00:00:608;0;0;0;4,303399;0,94959;2,467415;8,208179;-1,38123;1,069797;11,4533;-3,570923;-0,09066;13,89831;-5,308772;-0,958499;3,754011;-0,011967;2,154521;9,088971;-4,156578;5,53209;13,29091;-6,966661;5,011283;13,45918;-6,191508;2,424738;11,6915;-4,959791;2,366674;3,034757;-1,243925;1,778347;7,94238;-6,027149;4,950637;12,19458;-7,703516;1,658086;10,50278;-5,955924;-0,190256;9,025378;-5,566252;1,804871;2,348582;-2,358736;1,494715;6,373979;-7,339268;4,173176;9,927754;-9,004746;1,103166;8,663088;-7,010957;-0,396828;7,271979;-6,567126;1,68549;1,699435;-3,442749;1,189866;4,457434;-8,296786;3,133286;6,734406;-8,794186;-0,077108;5,493371;-7,277374;-0,614356;4,679972;-7,402899;1,539137;62,99252;-13,5598;59,08282;-150,0397;70,17878;-179,3366;-146,9453;70,17878;-179,3365;-144,4193;70,01881;-178,1243;-144,4193;70,01883;-178,1242;62,61253;-13,5598;59,08281;96,13521;-16,47651;54,48082;-173,3689;-15,74198;54,55712;-91,60533;-15,91255;55,57148;-91,60349;-15,68022;55,56471;64,05377;-16,23552;53,48234;127,1128;-14,37427;57,84539;-128,9715;-15,84543;56,52605;-34,94791;-14,39858;55,63789;-34,90216;-14,52249;55,45462;65,91828;-18,97572;47,21496;130,9816;-20,03616;48,31496;-125,1546;-21,3585;46,77244;-30,63803;-17,89987;44,87899;-30,56249;-18,03761;44,63414;69,15381;-22,50698;37,89791;149,6622;-20,34237;46,96733;-106,4516;-21,00998;45,33309;-12,09617;-17,19279;44,71615;-12,01006;-17,25211;44,42533;0;0;0;-47,09425;-53,83607;69,35361;-300,5572;-110,503;359,352;-523,821;-143,2043;608,649;-696,3491;-162,5084;799,1631;-83,0787;0,837822;88,12056;-403,1398;252,6924;338,7895;-677,1746;259,9538;627,8613;-679,7883;76,51488;696,1684;-565,9203;56,2419;582,216;-128,3738;72,62875;110,6821;-470,4224;362,7867;371,0692;-728,192;160,1557;717,8132;-615,9517;15,2887;650,0886;-524,0775;140,8715;507,4427;-167,5039;141,5956;127,6912;-499,8611;443,564;373,5447;-732,9944;272,6719;682,7132;-616,3676;119,2278;613,4028;-523,15;243,7004;469,7274;-206,5038;206,6089;145,9739;-504,7959;500,9471;358,298;-643,1388;294,4979;579,2841;-537,5555;217,4572;494,4337;-489,1623;360,7339;391,7472;0;0;0;0;0;0;-0,048637;-0,082254;-0,080109;-0,094414;-0,150204;-0,151634;-0,125885;-0,203848;-0,197411;0;0;0;0;0;0;0,683784;0,004292;0,062943;0,480652;0,002861;0,048637;0,174522;0;0,025749;0;0;0;0;0;0;0,941276;0,006437;0,02861;-0,048637;0,002682;-0,034332;-0,228882;0,002861;-0,054359;0;0;0;0;0;0;0;0;0;0;0;0;0;0;0;0;0;0;0;0;0;0;0;0;0;0;0;0;0;0;4,00607;5,60785;7,244474;9,777593;43,66;-0,344341;3,094337;1,386492;-5,279119;32,06984;90,5172;82,03851;-1,439263;63,82718;103,5775;93,78992;-12,09447;65,25245;103,3226;93,87175;-13,368;83,17043;103,312;94,14545;0,023117;-0,019798;0;0,008476;0,146971;-0,007324;-0,000458;-0,000458;0,325706;-0,00412;0;0,000916;0;0;0;0;0;0;0;0;1,387024;-1,187897;0;0,508547;8,818244;-0,439453;-0,027466;-0,027466;19,54236;-0,247192;0;0,054932;0;0;0;0;0;0;0;0
39;624;00:00:00:624;0;0;0;4,300197;0,947896;2,473639;8,206405;-1,384969;1,08344;11,45259;-3,57636;-0,070809;13,89835;-5,315488;-0,933957;3,750816;-0,013443;2,160069;9,07881;-4,160109;5,546103;13,28078;-6,97065;5,028082;13,45133;-6,194844;2,441883;11,68387;-4,96286;2,382658;3,031534;-1,245113;1,783006;7,932191;-6,030218;4,96322;12,18852;-7,708959;1,677225;10,50022;-5,960937;-0,173898;9,020034;-5,570302;1,818981;2,34525;-2,359639;1,498517;6,364319;-7,341702;4,183625;9,922138;-9,008966;1,11927;8,660285;-7,015154;-0,383063;7,26623;-6,570416;1,697089;1,69604;-3,443387;1,192861;4,448859;-8,298458;3,141037;6,730338;-8,797391;-0,065917;5,490818;-7,280067;-0,605211;4,674178;-7,404902;1,547094;62,91352;-13,5964;59,07418;-150,0084;70,28194;-179,3338;-146,914;70,28194;-179,3337;-144,3819;70,12172;-178,1157;-144,3819;70,1217;-178,1157;62,53351;-13,59639;59,07417;96,10354;-16,51667;54,48174;-173,4005;-15,78208;54,55762;-91,63775;-15,95209;55,57229;-91,63589;-15,71976;55,56541;63,97787;-16,27943;53,47639;127,0337;-14,41142;57,8403;-129,0502;-15,88434;56,52282;-35,02551;-14,43865;55,63245;-34,97964;-14,56281;55,44933;65,84674;-19,02732;47,21107;130,9046;-20,08243;48,32432;-125,2309;-21,4067;46,78321;-30,71098;-17,95039;44,88438;-30,63527;-18,08842;44,63964;69,09058;-22,56884;37,89495;149,5903;-20,39426;46,96517;-106,5223;-21,06377;45,33126;-12,16456;-17,2473;44,70921;-12,07819;-17,30694;44,41838;0;0;0;-47,00913;-53,97342;69,25787;-300,537;-110,6865;359,2051;-523,8616;-143,4259;608,4582;-696,438;-162,7586;798,9387;-83,028;0,717994;88,03147;-403,1256;252,4001;338,5465;-677,2133;259,3268;627,3682;-679,8641;75,97426;695,5652;-565,9789;55,85148;581,7069;-128,3667;72,53165;110,6019;-470,4746;362,5306;370,8409;-728,3694;159,7891;717,4691;-616,1234;14,99516;649,8003;-524,1907;140,6085;507,1926;-167,5348;141,5197;127,6199;-499,9686;443,3571;373,3449;-733,1932;272,3863;682,4243;-616,5775;118,9869;613,149;-523,3035;243,4848;469,5065;-206,5724;206,5532;145,9108;-504,9549;500,801;358,1374;-643,3878;294,3092;579,0661;-537,7746;217,3069;494,2552;-489,3339;360,5922;391,5871;0;0;0;5,106925;-8,241176;-5,743861;1,210213;-11,00635;-8,81338;-2,437591;-13,29303;-11,44695;-5,338668;-15,00821;-13,4697;3,041625;-7,189663;-5,345463;0,849724;-17,53521;-14,5812;-2,320289;-37,61959;-29,5887;-4,546165;-32,4372;-36,18908;-3,519058;-23,42534;-30,54428;0,429153;-5,826115;-4,811525;-3,129959;-15,36655;-13,69286;-10,64587;-21,99626;-20,64514;-10,29682;-17,61272;-17,3006;-6,789207;-15,77711;-15,00892;-1,853943;-4,554748;-4,279375;-6,448746;-12,41112;-11,98482;-11,93046;-17,14039;-17,33494;-12,59422;-14,45031;-15,2235;-9,215354;-12,93612;-13,25512;-4,114151;-3,338814;-3,787279;-9,535789;-8,766173;-9,638785;-14,94312;-11,32393;-13,07774;-13,14926;-9,017943;-10,70881;-10,29396;-8,50582;-9,605884;4,003524;5,607281;7,244468;9,777867;43,64447;-0,333808;3,094337;1,386351;-5,272583;32,11643;90,51719;82,03851;-1,436541;63,82715;103,5774;93,78992;-12,08296;65,25134;103,3226;93,87173;-13,368;83,17043;103,312;94,14545;-0,93132;0,632;0;-0,008476;0,392189;2,795563;-0,000458;0,000458;0,163314;-0,001602;-0,000458;0;0,690765;-0,066834;0;-0,000916;0;0;0;0;-57,26623;39,10789;0;-1,017094;14,71309;168,1732;0;0,054932;-9,743499;0,151062;-0,027466;-0,054932;41,44592;-4,01001;0;-0,054932;0;0;0;0
40;640;00:00:00:640;0;0;0;4,29721;0,949144;2,478349;8,204422;-1,38473;1,092675;11,45143;-3,57696;-0,057673;13,8978;-5,316715;-0,917834;3,748166;-0,012354;2,164671;9,071808;-4,157285;5,559662;13,27477;-6,967643;5,04869;13,44037;-6,188241;2,46325;11,67024;-4,959606;2,415123;3,029288;-1,244211;1,787449;7,925815;-6,027681;4,976472;12,18598;-7,708721;1,696631;10,50015;-5,961534;-0,157529;9,017566;-5,569628;1,833316;2,343298;-2,358871;1,502774;6,358835;-7,339548;4,195728;9,920113;-9,009018;1,136596;8,660446;-7,015769;-0,368317;7,263922;-6,56971;1,709896;1,694411;-3,442767;1,196959;4,444608;-8,296825;3,151355;6,729989;-8,79775;-0,052508;5,491205;-7,280684;-0,594211;4,671922;-7,404216;1,557165;62,83378;-13,60362;59,09018;-149,9117;70,32877;-179,2462;-146,8173;70,32874;-179,2461;-144,283;70,16786;-178,0262;-144,283;70,16784;-178,0261;62,45379;-13,60361;59,09019;96,02046;-16,52572;54,51262;-173,2781;-15,79104;54,5874;-91,33082;-15,96315;55,60171;-91,32932;-15,73078;55,59612;63,89824;-16,29416;53,49598;126,9548;-14,42196;57,85345;-129,1294;-15,89664;56,53801;-35,1039;-14,45214;55,64555;-35,05805;-14,57652;55,46258;65,76808;-19,05031;47,23398;130,8277;-20,10683;48,34081;-125,3078;-21,43302;46,80135;-30,78518;-17,97908;44,89736;-30,70941;-18,1174;44,65278;69,01514;-22,60357;37,92119;149,511;-20,41757;46,99006;-106,6011;-21,08918;45,35686;-12,24131;-17,27351;44,72923;-12,15482;-17,33353;44,43844;0;0;0;-46,81702;-53,87182;68,88441;-300,4714;-110,5294;358,3186;-523,8941;-143,223;607,1425;-696,5412;-162,5215;797,2988;-82,83631;0,806607;87,69859;-402,5159;252,612;337,7057;-676,5534;259,5667;626,3651;-679,3149;76,48821;694,0527;-565,4995;57,14779;580,6295;-128,1733;72,60297;110,3224;-469,8633;362,7148;370,086;-728,0184;160,1156;716,3206;-615,9688;15,29588;648,8195;-523,8671;140,8515;506,3468;-167,3349;141,5739;127,3917;-499,3889;443,5032;372,718;-732,8762;272,639;681,4537;-616,4069;119,2387;612,3246;-522,9523;243,6822;468,8141;-206,3687;206,5915;145,7311;-504,4404;500,9013;357,6722;-643,1437;294,5015;578,3947;-537,6215;217,4686;493,7066;-488,9862;360,7124;391,1097;0;0;0;11,52688;6,096124;-22,40789;3,938198;9,426354;-53,19071;-1,948356;12,17365;-78,94134;-6,191253;14,22644;-98,39343;11,50131;5,316812;-19,97244;36,5839;12,71439;-50,44842;39,59369;14,3938;-60,19019;32,94754;30,83718;-90,74878;28,76472;77,77869;-64,64767;11,60216;4,279017;-16,77131;36,67831;11,0507;-45,29714;21,06285;19,59085;-68,91345;9,272574;18,04322;-58,85123;19,41776;14,57691;-50,74883;11,99484;3,250837;-13,68642;34,77859;8,763312;-37,61673;19,02008;15,16342;-58,23325;10,23388;15,10763;-49,46994;21,07715;11,84893;-41,54205;12,22229;2,297401;-10,78105;30,87043;6,019592;-27,90785;14,64844;11,5385;-40,28606;9,186744;9,696006;-32,91893;20,85972;7,212638;-28,64313;4,024692;5,607981;7,244534;9,777528;43,66367;-0,346834;3,094337;1,386351;-5,26131;32,11585;90,72234;82,22317;-1,440757;63,82719;103,5775;93,78992;-12,09109;65,25212;103,3226;93,87173;-13,368;83,17043;103,312;94,14545;1,151962;-0,781574;0;0;0,676374;-0,034561;12,30881;11,07925;-0,253;0,002518;0,000458;-0,000458;-0,488319;0,04715;0;0;0;0;0;0;124,9969;-84,81444;0;0,508547;17,05112;-169,8074;738,5558;664,7277;-24,97887;0,247192;0,054932;-0,027466;-70,74508;6,838989;0;0,054932;0;0;0;0
41;656;00:00:00:656;0;0;0;4,296417;0,950988;2,479016;8,204452;-1,382457;1,094942;11,4522;-3,57433;-0,053989;13,89915;-5,313815;-0,913054;3,747669;-0,010744;2,16554;9,071485;-4,153278;5,563183;13,27536;-6,962252;5,052155;13,43817;-6,181567;2,466928;11,6669;-4,954435;2,422845;3,029162;-1,242896;1,788576;7,926058;-6,024138;4,98037;12,18729;-7,705446;1,702047;10,50157;-5,959151;-0,153055;9,018454;-5,566883;1,837321;2,343497;-2,357812;1,504124;6,359563;-7,336636;4,199714;9,921585;-9,006721;1,141784;8,662212;-7,013855;-0,363879;7,2652;-6,56735;1,713912;1,694931;-3,441963;1,198531;4,445798;-8,294714;3,155228;6,732036;-8,796208;-0,047936;5,493026;-7,279615;-0,590446;4,673274;-7,402599;1,560783;62,8117;-13,59355;59,10862;-149,8531;70,34032;-179,1778;-146,7587;70,34028;-179,1777;-144,2242;70,17893;-177,9576;-144,2242;70,17896;-177,9576;62,43171;-13,59355;59,10862;96,02085;-16,51753;54,53212;-173,2191;-15,78285;54,60691;-91,21889;-15,95596;55,62102;-91,21748;-15,7236;55,61589;63,87499;-16,28625;53,51577;126,9332;-14,41366;57,8692;-129,1513;-15,88882;56,55441;-35,12579;-14,44464;55,66137;-35,07999;-14,5691;55,47848;65,74368;-19,04486;47,2552;130,8079;-20,10565;48,34911;-125,3278;-21,43234;46,81015;-30,8048;-17,97902;44,90489;-30,72903;-18,11743;44,66037;68,98953;-22,60193;37,94429;149,4864;-20,41223;47,01191;-106,626;-21,0845;45,37908;-12,26568;-17,26909;44,74973;-12,17922;-17,32923;44,45897;0;0;0;-46,63776;-53,94667;68,60181;-300,3551;-110,548;357,7602;-523,8291;-143,1948;606,3464;-696,5143;-162,4583;796,3208;-82,67732;0,741228;87,42252;-402,0959;252,4426;336,8921;-676,1868;259,2805;625,0626;-678,6342;76,11219;692,5101;-564,6701;57,24828;578,5491;-128,0385;72,54881;110,0558;-469,4807;362,5625;369,2908;-727,8755;160,1012;715,1558;-615,9642;15,33168;647,8375;-523,7166;140,8111;505,4872;-167,2178;141,5278;127,1363;-499,0599;443,374;371,9919;-732,7874;272,6412;680,4072;-616,4126;119,2757;611,442;-522,8035;243,64;468,0514;-206,271;206,5543;145,4852;-504,1852;500,8033;357,0532;-643,1227;294,523;577,5901;-537,6447;217,5055;493,0466;-488,8509;360,6712;390,5054;0;0;0;10,75566;-4,490733;-16,95621;6,979465;-1,115799;-33,50401;3,899574;1,692295;-47,76191;1,613617;3,789424;-58,67671;9,539365;-3,922733;-16,56461;25,20275;-10,16521;-48,81191;21,99268;-17,17186;-78,14597;40,84396;-22,56131;-92,55695;49,76177;6,029605;-124,8178;8,088111;-3,249407;-15,99526;22,95399;-9,132384;-47,70898;8,574485;-0,864029;-69,88334;0,277519;2,148449;-58,91704;9,023665;-2,426147;-51,57852;7,025957;-2,765894;-15,32435;19,74106;-7,753371;-43,56908;5,330085;0,134468;-62,79659;-0,340462;2,216577;-52,95753;8,926391;-2,537727;-45,76206;5,863666;-2,231598;-14,75215;15,30647;-5,879402;-37,14466;1,255989;1,290321;-48,27118;-1,390457;2,218723;-39,60228;8,119582;-2,473354;-36,25488;4,029927;5,60801;7,244417;9,777507;43,66489;-0,347641;3,094337;1,386351;-5,261645;32,13934;90,78094;82,27592;-1,444014;63,82724;103,5774;93,78991;-12,10449;65,25342;103,3226;93,87173;-13,368;83,17043;103,312;94,14545;0,072784;-0,04838;0;0;-0,020113;1,409225;3,51654;3,164978;-0,195372;0,003204;-0,000458;-0,000458;-0,803604;0,07782;0;-0,000458;0;0;0;0;-64,75066;43,99166;0;0;-41,78924;86,62718;-527,5359;-474,8565;3,45769;0,041199;-0,054932;0;-18,91708;1,84021;0;-0,027466;0;0;0;0
42;672;00:00:00:672;0;0;0;4,295787;0,951954;2,479737;8,204538;-1,38072;1,096386;11,45294;-3,571953;-0,051936;13,90038;-5,310955;-0,910538;3,747293;-0,009901;2,166195;9,071377;-4,151228;5,56489;13,2761;-6,959105;5,054766;13,44144;-6,180054;2,469204;11,67057;-4,952509;2,420712;3,029108;-1,242214;1,789141;7,92644;-6,022344;4,981933;12,18876;-7,702598;1,704487;10,50282;-5,956983;-0,151054;9,019237;-5,565011;1,839035;2,343724;-2,357281;1,504603;6,360353;-7,33519;4,201042;9,923391;-9,004473;1,143859;8,663709;-7,012079;-0,362171;7,266204;-6,565825;1,715341;1,695437;-3,441576;1,198929;4,44697;-8,293696;3,15625;6,733871;-8,794811;-0,046499;5,49464;-7,278491;-0,58927;4,67454;-7,401581;1,561819;62,80198;-13,59721;59,12281;-149,8477;70,34985;-179,1608;-146,7533;70,34985;-179,1608;-144,2182;70,18845;-177,9401;-144,2182;70,18849;-177,9401;62,42199;-13,59721;59,12281;96,01025;-16,52043;54,55053;-173,2883;-15,78574;54,62519;-91,3409;-15,95767;55,63951;-91,33936;-15,72532;55,63386;63,86556;-16,29081;53,53031;126,922;-14,41487;57,88985;-129,1626;-15,89027;56,57534;-35,137;-14,44628;55,68201;-35,0912;-14,57077;55,49914;65,73469;-19,0504;47,27003;130,7969;-20,10917;48,36941;-125,3388;-21,43614;46,83068;-30,81538;-17,98315;44,92467;-30,73961;-18,1216;44,68018;68,98141;-22,60876;37,9593;149,4774;-20,41779;47,02696;-106,6349;-21,09031;45,39418;-12,27432;-17,27498;44,76419;-12,18783;-17,33516;44,47343;0;0;0;-46,59019;-54,05731;68,5618;-300,3575;-110,6855;357,623;-523,8768;-143,3547;606,1233;-696,597;-162,6351;796,0311;-82,64748;0,644647;87,37033;-402,0764;252,2021;336,6808;-676,204;258,9572;624,8564;-678,5015;75,62193;692,4298;-564,4674;56,62043;578,1196;-128,031;72,46996;109,9882;-469,4952;362,35;369,057;-727,9345;159,9049;714,8315;-616,0504;15,18881;647,5683;-523,7746;140,6464;505,2458;-167,2297;141,4643;127,0553;-499,1035;443,1992;371,7527;-732,8629;272,5038;680,0986;-616,5201;119,1608;611,1747;-522,8842;243,4983;467,8082;-206,3021;206,5061;145,3909;-504,2567;500,6767;356,8208;-643,2457;294,4305;577,3158;-537,7539;217,4414;492,8207;-488,932;360,5742;390,2883;0;0;0;2,85387;-6,638646;-2,400398;-0,148773;-8,250474;-8,231162;-2,861023;-9,591578;-13,38959;-4,961013;-10,6051;-17,38071;1,790285;-5,794912;-3,13139;1,167297;-14,42814;-12,67719;-1,029968;-19,3963;-12,37106;7,965087;-29,41596;-4,817962;12,16507;-37,67144;-25,77209;0,450611;-4,731416;-4,054784;-0,872612;-12,75444;-14,03189;-3,541946;-11,78312;-19,46068;-5,17559;-8,572339;-16,15047;-3,479004;-9,876966;-14,4825;-0,71454;-3,809452;-4,860162;-2,617836;-10,48565;-14,34803;-4,53186;-8,248328;-18,51368;-6,451607;-6,89435;-16,03317;-4,84085;-8,501529;-14,59408;-1,871109;-2,892494;-5,659818;-4,285812;-7,598876;-13,94033;-7,372855;-5,546093;-16,45946;-6,554604;-3,846645;-13,55267;-4,8666;-5,81932;-13,02767;4,024648;5,608057;7,244466;9,777499;43,66522;-0,34786;3,0944;1,386492;-5,257697;32,13914;90,72235;82,22317;-1,437222;63,82714;103,5775;93,78994;-12,09923;65,2529;103,3226;93,87173;-13,368;83,17043;103,312;94,14545;0,019913;-0,013189;0,003791;0,008476;0,236921;-0,012131;-3,515625;-3,164978;0,407517;-0,00618;0,000916;0,001831;0,315685;-0,031128;0,000458;0,000458;0;0;0;0;-3,172302;2,111435;0,227451;0,508547;15,42206;-85,28136;-421,9299;-379,7973;36,17334;-0,563049;0,082397;0,137329;67,15736;-6,536864;0,027466;0,054932;0;0;0;0
43;688;00:00:00:688;0;0;0;4,298394;0,949375;2,476206;8,20674;-1,381779;1,089157;11,45481;-3,571751;-0,062493;13,90202;-5,309808;-0,923692;3,749578;-0,012154;2,162224;9,077289;-4,157018;5,550909;13,28137;-6,964107;5,031244;13,4523;-6,187669;2,44526;11,68428;-4,956563;2,384738;3,031008;-1,244074;1,784625;7,931756;-6,027529;4,967181;12,19047;-7,704515;1,683381;10,50272;-5,956698;-0,168443;9,021278;-5,566805;1,823642;2,345334;-2,358847;1,499631;6,364858;-7,339564;4,186556;9,924314;-9,005986;1,123646;8,663453;-7,011563;-0,378707;7,268239;-6,567463;1,700807;1,696735;-3,442825;1,193494;4,450382;-8,296985;3,142772;6,733903;-8,794684;-0,06292;5,494085;-7,277804;-0,602776;4,676258;-7,40318;1,549047;62,88744;-13,61819;59,10329;-150,0202;70,33089;-179,3215;-146,9258;70,33094;-179,3214;-144,3905;70,17078;-178,1004;-144,3905;70,1708;-178,1004;62,50745;-13,6182;59,10329;96,12363;-16,53727;54,5196;-173,4098;-15,80273;54,59577;-91,67382;-15,97256;55,61059;-91,67189;-15,74026;55,60353;63,95381;-16,30359;53,50613;127,0097;-14,43655;57,86301;-129,0738;-15,91;56,54602;-35,04849;-14,46466;55,65493;-35,00256;-14,58888;55,47184;65,82525;-19,05385;47,24106;130,8928;-20,11924;48,32453;-125,2417;-21,44378;46,78333;-30,72023;-17,98779;44,88341;-30,64436;-18,12586;44,63865;69,07353;-22,59833;37,92448;149,5687;-20,42089;46,99567;-106,5431;-21,09097;45,36174;-12,1846;-17,2747;44,73813;-12,09809;-17,33444;44,44728;0;0;0;-46,55239;-54,11529;68,51852;-300,2901;-110,6702;357,657;-523,7875;-143,2781;606,2216;-696,4923;-162,512;796,1777;-82,62493;0,594065;87,33108;-402,0699;252,0792;336,5785;-676,272;258,6624;624,6311;-678,7549;75,10255;692,7266;-564,6959;55,21182;578,2844;-128,0277;72,42901;109,9543;-469,5182;362,2423;368,9632;-728,0411;159,7339;714,6845;-616,1243;15,05861;647,4489;-523,8171;140,534;505,144;-167,2434;141,4324;127,0266;-499,151;443,1125;371,673;-733,006;272,368;679,9669;-616,6058;119,0543;611,0747;-522,9335;243,4068;467,7287;-206,3325;206,4829;145,367;-504,3271;500,6156;356,7595;-643,3558;294,3467;577,2296;-537,8508;217,374;492,7502;-489,0079;360,5131;390,2262;0;0;0;2,267718;-3,478646;-2,596378;4,045486;0,913382;2,04134;5,358696;4,593372;5,899429;6,282806;7,381438;8,791923;1,353264;-3,034919;-2,354979;0,386238;-7,378577;-6,141185;-4,079818;-17,69399;-13,51833;-15,2092;-31,16297;17,807;-13,71002;-84,5164;9,887694;0,19455;-2,456903;-2,035618;-1,376152;-6,46162;-5,626201;-6,394386;-10,25891;-8,820533;-4,434585;-7,811933;-7,166862;-2,552032;-6,743431;-6,105422;-0,817537;-1,914739;-1,724482;-2,849579;-5,2042;-4,780769;-8,583068;-8,143901;-7,905005;-5,138397;-6,390095;-5,999565;-2,961159;-5,484581;-4,769325;-1,821041;-1,396179;-1,433372;-4,222869;-3,66497;-3,680706;-6,606102;-5,029678;-5,172729;-5,810737;-4,046916;-4,231452;-4,557609;-3,66497;-3,727912;3,998609;5,606739;7,244082;9,778104;43,63108;-0,324726;3,094273;1,386351;-5,2644;32,16293;90,48789;82,01215;-1,443607;63,82724;103,5774;93,78992;-12,11341;65,25426;103,3226;93,87173;-13,368;83,17043;103,312;94,14545;-2,048264;1,388054;-0,007596;-0,008476;-0,402231;1,427765;-14,06753;-12,66128;-0,38312;0,005722;-0,000916;-0,001373;-0,85104;0,08194;-0,000458;0;0;0;0;0;-124,0906;84,07458;-0,683212;-1,017094;-38,34915;86,39372;-633,1146;-569,7784;-47,43819;0,714111;-0,109863;-0,192261;-70,0035;6,784057;-0,054932;-0,027466;0;0;0;0
44;704;00:00:00:704;0;0;0;4,298394;0,949375;2,476206;8,207211;-1,381773;1,090467;11,45567;-3,571739;-0,060089;13,90317;-5,309792;-0,920463;3,749578;-0,012154;2,162224;9,077289;-4,157018;5,550909;13,28241;-6,961875;5,027651;13,45131;-6,184526;2,441806;11,68264;-4,95427;2,38281;3,031008;-1,244074;1,784625;7,931756;-6,027529;4,967181;12,19071;-7,704133;1,683497;10,5027;-5,956708;-0,168455;9,021201;-5,566884;1,823604;2,345334;-2,358847;1,499631;6,364858;-7,339564;4,186556;9,924544;-9,005724;1,123773;8,663412;-7,011585;-0,378729;7,268135;-6,567523;1,70075;1,696735;-3,442825;1,193494;4,450382;-8,296985;3,142772;6,733903;-8,794684;-0,06292;5,494085;-7,277804;-0,602776;4,676258;-7,40318;1,549047;62,88744;-13,61819;59,10329;-150,0158;70,3493;-179,3167;-146,9213;70,34933;-179,3167;-144,3849;70,18913;-178,0946;-144,3849;70,18921;-178,0945;62,50745;-13,6182;59,10329;96,16592;-16,53088;54,5357;-173,3676;-15,79639;54,61244;-91,6315;-15,96697;55,62707;-91,62961;-15,73466;55,62019;63,95381;-16,30359;53,50613;127,0074;-14,43276;57,87209;-129,0761;-15,90626;56,55517;-35,0509;-14,46096;55,66404;-35,00499;-14,58519;55,48095;65,82525;-19,05385;47,24106;130,8898;-20,11612;48,33343;-125,2449;-21,44074;46,79234;-30,72342;-17,98485;44,89225;-30,64756;-18,12292;44,64752;69,07353;-22,59833;37,92448;149,5687;-20,42089;46,99567;-106,5431;-21,09097;45,36174;-12,1846;-17,2747;44,73813;-12,09809;-17,33444;44,44728;0;0;0;-46,70884;-53,96054;68,73043;-300,3895;-110,5527;358,1453;-523,8398;-143,1912;606,9551;-696,5095;-162,4476;797,1013;-82,76205;0,729214;87,56931;-402,4246;252,4266;337,4173;-676,496;258,752;625,9178;-679,3281;75,42023;693,9255;-565,4799;55,41162;580,2464;-128,1417;72,54063;110,2253;-469,8371;362,5533;369,8483;-728,1157;159,849;715,9515;-616,1201;15,04163;648,4911;-523,9464;140,6418;506,0659;-167,34;141,5264;127,3249;-499,4213;443,3749;372,5422;-733,0394;272,4594;681,1841;-616,593;119,0233;612,0654;-523,0626;243,5051;468,5968;-206,4104;206,5578;145,6931;-504,5317;500,8129;357,5682;-643,3577;294,3391;578,2148;-537,8175;217,3327;493,5605;-489,1111;360,609;390,9925;0;0;0;-9,3863;9,285091;12,71439;-5,95951;7,053137;29,29687;-3,135681;5,215644;44,01111;-1,029968;3,865242;55,41515;-8,227586;8,108988;14,29331;-21,28029;20,84398;50,32969;-13,43822;5,380153;77,20184;-34,38663;19,06085;71,93469;-47,04094;11,98804;117,7196;-6,83856;6,697297;16,25705;-19,13738;18,66531;53,10345;-4,480361;6,90794;76,02309;0,25177;-1,019239;62,53623;-7,756232;6,464481;55,31216;-5,797147;5,638361;17,89856;-16,21628;15,74421;52,14787;-2,008438;5,478858;73,03905;0,763893;-1,856088;59,43774;-7,741927;5,896568;52,08778;-4,673481;4,496097;19,56439;-12,27951;11,83605;48,52151;-0,114441;-0,457764;59,11445;1,996994;-2,473354;48,62022;-6,188392;5,756378;45,97807;3,996096;5,606215;7,244057;9,778379;43,61563;-0,314302;3,094337;1,386351;-5,247699;32,20902;90,48788;82,01215;-1,43395;63,82713;103,5775;93,78991;-12,10449;65,25342;103,3226;93,87173;-13,368;83,17043;103,312;94,14545;-0,926743;0,625477;0,003805;0;1,002073;2,76535;-0,000458;0,000458;0,579407;-0,006409;0,000458;-0,000458;0,535355;-0,050812;0;-0,000458;0;0;0;0;67,29126;-45,75462;0,684071;0,508547;84,25826;80,25512;844,0245;759,7045;57,7516;-0,727844;0,082397;0,054932;83,18366;-7,965087;0,027466;-0,027466;0;0;0;0
45;720;00:00:00:720;0;0;0;4,300304;0,94311;2,475283;8,206917;-1,390404;1,087317;11,45332;-3,582337;-0,065316;13,89918;-5,321878;-0,927329;3,750463;-0,01762;2,160652;9,075718;-4,170538;5,543331;13,27831;-6,978405;5,015914;13,44677;-6,198977;2,430666;11,67909;-4,967217;2,373464;3,030589;-1,248526;1,782226;7,928202;-6,039447;4,95837;12,18399;-7,717393;1,671267;10,4971;-5,966315;-0,178257;9,016848;-5,576865;1,8148;2,343759;-2,362399;1,496498;6,359758;-7,34931;4,177198;9,91662;-9,015982;1,111412;8,656721;-7,019296;-0,388741;7,262723;-6,575838;1,691723;1,694024;-3,445492;1,189641;4,443958;-8,303993;3,133336;6,725684;-8,800886;-0,073759;5,487055;-7,282362;-0,611714;4,670005;-7,408942;1,540335;62,93616;-13,65088;59,03847;-150,167;70,34751;-179,5119;-147,0726;70,3475;-179,5118;-144,535;70,18841;-178,2886;-144,535;70,18849;-178,2885;62,55618;-13,65088;59,03847;96,21597;-16,55703;54,4743;-173,3178;-15,82261;54,55171;-91,58216;-15,99401;55,56634;-91,58033;-15,76169;55,55967;64,00623;-16,3315;53,43806;127,0593;-14,46819;57,79731;-129,0231;-15,94053;56,47879;-34,99764;-14,49442;55,58889;-34,95159;-14,61849;55,40566;65,88139;-19,07611;47,16939;130,9458;-20,13937;48,26081;-125,1877;-21,46256;46,71808;-30,66672;-18,0049;44,82139;-30,59074;-18,14275;44,5765;69,13415;-22,6117;37,84785;149,6255;-20,44291;46,92253;-106,4855;-21,11147;45,28764;-12,12807;-17,29462;44,66802;-12,04144;-17,35408;44,37706;0;0;0;-46,70884;-53,96054;68,73043;-300,3794;-110,49;358,1303;-523,8213;-143,0762;606,9276;-696,4845;-162,293;797,0643;-82,76205;0,729214;87,56931;-402,4246;252,4266;337,4173;-676,5262;258,6185;626,1363;-679,2454;75,23192;694,1351;-565,3734;55,27409;580,3633;-128,1417;72,54063;110,2253;-469,8371;362,5533;369,8483;-728,158;159,826;715,9438;-616,1172;15,04216;648,493;-523,9351;140,6464;506,0699;-167,34;141,5264;127,3249;-499,4213;443,3749;372,5422;-733,0533;272,4436;681,1765;-616,5906;119,0246;612,0667;-523,0563;243,5087;468,6002;-206,4104;206,5578;145,6931;-504,5317;500,8129;357,5682;-643,3577;294,3391;578,2148;-537,8175;217,3327;493,5605;-489,1111;360,609;390,9925;0;0;0;0;0;0;0,602245;3,761529;-0,901222;1,110077;6,900072;-1,65081;1,496315;9,27472;-2,217293;0;0;0;0;0;0;-1,811027;-8,010863;13,10921;4,961013;-11,29854;12,5742;6,388664;-8,251904;7,018089;0;0;0;0;0;0;-2,532005;-1,381159;-0,460625;0,174522;0,032187;0,108719;0,683784;0,277519;0,237465;0;0;0;0;0;0;-0,829697;-0,944138;-0,457764;0,148773;0,077248;0,077248;0,374794;0,214577;0,203133;0;0;0;0;0;0;0;0;0;0;0;0;0;0;0;3,993722;5,605486;7,243924;9,778696;43,59764;-0,302156;3,094273;1,386351;-5,240749;32,20866;90,4879;82,01215;-1,443472;63,82723;103,5775;93,78992;-12,10449;65,25342;103,3226;93,87173;-13,368;83,17043;103,312;94,14545;-1,079865;0,728703;-0,003805;0;0,416994;-0,021973;0,000916;-0,000458;-0,571282;0,00618;0;0,000458;0;0;0;0;0;0;0;0;-9,18732;6,193542;-0,456619;0;-35,10475;-167,2393;0,082397;-0,054932;-69,04134;0,75531;-0,027466;0,054932;-32,12128;3,048706;0;0,027466;0;0;0;0
46;736;00:00:00:736;0;0;0;4,300304;0,94311;2,475283;8,207128;-1,390402;1,087909;11,4537;-3,582334;-0,06423;13,8997;-5,321874;-0,925872;3,750463;-0,01762;2,160652;9,075718;-4,170538;5,543331;13,27831;-6,978405;5,015914;13,44677;-6,198977;2,430666;11,67909;-4,967217;2,373464;3,030589;-1,248526;1,782226;7,928202;-6,039447;4,95837;12,18399;-7,717393;1,671267;10,4971;-5,966315;-0,178257;9,016848;-5,576865;1,8148;2,343759;-2,362399;1,496498;6,359758;-7,34931;4,177198;9,91662;-9,015982;1,111412;8,656721;-7,019296;-0,388741;7,262723;-6,575838;1,691723;1,694024;-3,445492;1,189641;4,443958;-8,303993;3,133336;6,725684;-8,800886;-0,073759;5,487055;-7,282362;-0,611714;4,670005;-7,408942;1,540335;62,93616;-13,65088;59,03847;-150,165;70,35586;-179,5098;-147,0706;70,35581;-179,5098;-144,5326;70,19672;-178,286;-144,5326;70,19674;-178,286;62,55618;-13,65088;59,03847;96,21597;-16,55703;54,4743;-173,3178;-15,82261;54,55171;-91,58216;-15,99401;55,56634;-91,58033;-15,76169;55,55967;64,00623;-16,3315;53,43806;127,0593;-14,46819;57,79731;-129,0231;-15,94053;56,47879;-34,99764;-14,49442;55,58889;-34,95159;-14,61849;55,40566;65,88139;-19,07611;47,16939;130,9458;-20,13937;48,26081;-125,1877;-21,46256;46,71808;-30,66672;-18,0049;44,82139;-30,59074;-18,14275;44,5765;69,13415;-22,6117;37,84785;149,6255;-20,44291;46,92253;-106,4855;-21,11147;45,28764;-12,12807;-17,29462;44,66802;-12,04144;-17,35408;44,37706;0;0;0;-46,82341;-53,58463;68,78577;-300,347;-109,9478;358,344;-523,6528;-142,3955;607,2864;-696,2087;-161,5076;797,5369;-82,81515;1,057215;87,66367;-402,3304;253,2378;337,872;-676,2802;259,6103;626,8405;-678,9733;76,09896;694,8035;-565,1606;56,05088;580,9242;-128,1166;72,80773;110,3692;-469,6239;363,2685;370,377;-727,7547;160,6216;716,6777;-615,7814;15,61857;649,0811;-523,6738;141,2453;506,5981;-167,2455;141,7395;127,5128;-499,1153;443,9597;373,1036;-732,5778;273,0591;681,9182;-616,1891;119,4873;612,6674;-522,7316;244,0076;469,1418;-206,2477;206,7178;145,9243;-504,1463;501,2334;358,1343;-642,8645;294,7112;578,8652;-537,3957;217,6062;494,0967;-488,7359;360,9548;391,5152;0;0;0;-6,874502;22,55452;3,320575;1,944065;32,53269;12,81881;10,10513;40,84039;21,52347;16,55102;47,12534;28,35846;-3,185391;19,68003;5,661606;5,653381;48,67315;27,28271;14,75715;59,50498;42,25444;16,32786;52,0227;40,10295;12,76588;46,60749;33,64849;1,507044;16,02638;8,636712;12,79449;42,90819;31,72302;24,19567;47,73759;44,03114;20,15018;34,5844;35,28499;15,67268;35,93087;31,69727;5,668401;12,78734;11,27672;18,36204;35,08758;33,68854;28,52726;36,92865;44,50035;24,08695;27,76122;36,04316;19,48356;29,93345;32,49836;9,758948;9,603023;13,87095;23,12279;25,23136;33,96892;29,5887;22,32885;39,01863;25,30575;16,40653;32,17506;22,51339;20,74384;31,36539;3,992807;5,605227;7,243874;9,77882;43,59068;-0,297461;3,094273;1,386351;-5,240749;32,20866;90,4879;82,01215;-1,443472;63,82723;103,5775;93,78992;-12,10449;65,25342;103,3226;93,87173;-13,368;83,17043;103,312;94,14545;-0,417709;0,281725;0;0;0;0;0;0;0;0;0;0;0;0;0;0;0;0;0;0;39,72931;-26,81865;0,22831;0;-25,01964;1,318359;-0,054932;0,027466;34,27691;-0,370789;0;-0,027466;0;0;0;0;0;0;0;0
47;752;00:00:00:752;0;0;0;4,300767;0,944982;2,473764;8,207301;-1,388099;1,084849;11,45369;-3,579672;-0,068486;13,89958;-5,318941;-0,931001;3,751065;-0,015987;2,15962;9,078232;-4,166475;5,542271;13,2819;-6,972362;5,012895;13,44843;-6,193359;2,427395;11,68011;-4,962484;2,371006;3,031375;-1,247193;1,781822;7,930992;-6,035857;4,958278;12,18638;-7,713765;1,670641;10,49844;-5,963917;-0,179088;9,018623;-5,574152;1,814228;2,344728;-2,361327;1,496673;6,362642;-7,34636;4,177997;9,919089;-9,013219;1,111831;8,658257;-7,017402;-0,388695;7,264719;-6,573552;1,691993;1,695163;-3,444679;1,190372;4,446777;-8,301857;3,134998;6,727731;-8,799333;-0,072555;5,488597;-7,281284;-0,610695;4,672172;-7,407308;1,541622;62,93959;-13,62561;59,05112;-150,1104;70,32191;-179,4454;-147,016;70,32192;-179,4454;-144,4805;70,16241;-178,2241;-144,4805;70,1624;-178,2241;62,5596;-13,62561;59,05112;96,2382;-16,52802;54,49633;-173,2956;-15,79363;54,57404;-91,55939;-15,96542;55,58844;-91,55758;-15,7331;55,58187;64,00713;-16,30603;53,45128;127,061;-14,44104;57,81442;-129,0219;-15,91333;56,49603;-34,99696;-14,46722;55,60627;-34,95102;-14,59128;55,42307;65,87933;-19,05069;47,18351;130,9437;-20,11336;48,27639;-125,1906;-21,43663;46,73399;-30,67045;-17,97906;44,8374;-30,59457;-18,11693;44,59254;69,12761;-22,58693;37,86382;149,6233;-20,4175;46,93676;-106,4884;-21,08612;45,30218;-12,13126;-17,26931;44,68241;-12,04476;-17,32879;44,3915;0;0;0;-46,82341;-53,58463;68,78577;-300,3915;-110,0003;358,2555;-523,7345;-142,492;607,124;-696,3182;-161,6374;797,319;-82,81515;1,057215;87,66367;-402,3304;253,2378;337,872;-676,2297;259,5051;626,7786;-678,9308;76,02943;694,685;-565,1404;56,02917;580,8261;-128,1166;72,80773;110,3692;-469,6239;363,2685;370,377;-727,7413;160,6217;716,6782;-615,7821;15,61861;649,0807;-523,6771;141,2453;506,5973;-167,2455;141,7395;127,5128;-499,1153;443,9597;373,1036;-732,5739;273,0592;681,9191;-616,1896;119,4873;612,6672;-522,7328;244,0076;469,1411;-206,2477;206,7178;145,9243;-504,1463;501,2334;358,1343;-642,8645;294,7112;578,8652;-537,3957;217,6062;494,0967;-488,7359;360,9548;391,5152;0;0;0;0;0;0;-2,667904;-3,151417;-5,305767;-4,898071;-5,789279;-9,738921;-6,574631;-7,786273;-13,07487;0;0;0;0;0;0;3,026962;-6,308556;-3,719329;2,543449;-4,172086;-7,109642;1,215935;-1,302123;-5,882263;0;0;0;0;0;0;0,803947;0,006437;0,025749;-0,042915;0,002682;-0,020027;-0,197411;0,001431;-0,048637;0;0;0;0;0;0;0,231743;0,007153;0,051498;-0,031471;0;-0,011444;-0,071526;-0,001431;-0,040054;0;0;0;0;0;0;0;0;0;0;0;0;0;0;0;3,994542;5,605813;7,243998;9,778557;43,60566;-0,307586;3,094337;1,386351;-5,231431;32,23164;90,48788;82,01216;-1,438991;63,82717;103,5775;93,78994;-12,10289;65,25325;103,3226;93,87175;-13,368;83,17043;103,312;94,14545;0,899048;-0,60751;0,003805;0;0,559073;1,379242;-0,000916;0,000916;0,26885;-0,003891;0;0,001373;0,09573;-0,010071;0,000458;0,001373;0;0;0;0;79,00542;-53,35406;0,22831;0;33,54435;82,7545;-0,054932;0,054932;16,13102;-0,233459;0;0,082397;5,743789;-0,604248;0,027466;0,082397;0;0;0;0
48;768;00:00:00:768;0;0;0;4,301237;0,945007;2,472937;8,208035;-1,387117;1,083153;11,45468;-3,577895;-0,070966;13,90078;-5,316566;-0,934093;3,751604;-0,015965;2,158683;9,080247;-4,166505;5,538945;13,28408;-6,971803;5,007736;13,44988;-6,192053;2,422415;11,68142;-4,961349;2,366811;3,03201;-1,247185;1,780749;7,933149;-6,035913;4,95476;12,18792;-7,712423;1,665604;10,49932;-5,962259;-0,183225;9,019946;-5,573215;1,810568;2,345462;-2,361351;1,495484;6,364805;-7,346457;4,174533;9,920704;-9,01203;1,107031;8,659242;-7,015972;-0,392643;7,266162;-6,572862;1,688512;1,695987;-3,444725;1,189068;4,448827;-8,30198;3,131764;6,729062;-8,798283;-0,076483;5,489561;-7,280286;-0,613926;4,67369;-7,406988;1,538562;62,95993;-13,63089;59,05511;-150,152;70,31764;-179,4756;-147,0576;70,31761;-179,4755;-144,5221;70,15847;-178,2541;-144,5221;70,15845;-178,2541;62,57994;-13,63088;59,05511;96,26007;-16,5329;54,49614;-173,2738;-15,79853;54,57411;-91,53767;-15,9707;55,58847;-91,53593;-15,73837;55,582;64,02816;-16,30935;53,45415;127,0821;-14,44683;57,81577;-129,0005;-15,91866;56,49679;-34,97564;-14,47223;55,60758;-34,92965;-14,59623;55,42432;65,90095;-19,05179;47,18524;130,966;-20,1154;48,27611;-125,1681;-21,4381;46,73314;-30,64836;-17,97984;44,83797;-30,57247;-18,11762;44,59305;69,14964;-22,5847;37,86414;149,6451;-20,41851;46,93793;-106,4666;-21,08653;45,30309;-12,10984;-17,26951;44,68484;-12,02334;-17,32889;44,39392;0;0;0;-46,85122;-53,69698;68,87691;-300,3844;-110,1096;358,4682;-523,7016;-142,5986;607,4329;-696,2676;-161,7421;797,6986;-82,85124;0,959191;87,72559;-402,4812;252,994;337,9356;-676,4596;259,1424;626,9584;-679,0407;75,69225;694,8802;-565,2049;55,74522;580,973;-128,1638;72,72776;110,3934;-469,7913;363,0531;370,3824;-727,8918;160,404;716,7155;-615,8622;15,47476;649,1308;-523,7819;141,0825;506,6321;-167,3036;141,6752;127,5024;-499,2883;443,7827;373,0558;-732,726;272,8933;681,8931;-616,2813;119,3737;612,6647;-522,8513;243,8704;469,1256;-206,3161;206,6691;145,8804;-504,3154;501,1053;358,0346;-642,9874;294,618;578,7929;-537,4882;217,5415;494,0357;-488,8658;360,8567;391,438;0;0;0;-1,668334;-6,740928;5,46813;0,426292;-6,55818;12,76159;1,971245;-6,398678;18,5337;3,038406;-6,280661;22,77374;-2,165794;-5,881413;3,715395;-9,049415;-14,62841;3,816604;-13,79013;-21,76237;10,79178;-6,591797;-20,23065;11,71303;-3,870964;-17,03739;8,814811;-2,830982;-4,79865;1,45483;-10,04505;-12,9261;0,329018;-9,03511;-13,06629;2,243042;-4,806518;-8,631348;3,004074;-6,288528;-9,76467;2,085685;-3,487587;-3,860235;-0,627279;-10,37979;-10,62012;-2,873897;-9,12094;-9,953498;-1,559257;-5,498886;-6,818533;-0,151634;-7,109642;-8,228301;-0,932693;-4,099845;-2,925396;-2,632141;-10,14519;-7,687568;-5,982399;-7,369994;-5,59473;-4,334449;-5,547523;-3,878116;-3,66497;-7,799148;-5,883693;-4,634857;3,993457;5,605491;7,243925;9,778702;43,5974;-0,301935;3,094337;1,386492;-5,234577;32,2318;90,48789;82,01215;-1,441301;63,8272;103,5774;93,78991;-12,10449;65,25342;103,3226;93,87173;-13,368;83,17043;103,312;94,14545;-0,4953;0,339088;0;0,008476;-0,188713;0,009155;0,000458;-0,000458;-0,138595;0,00206;-0,000458;-0,001831;-0,09573;0,010071;-0,000458;-0,001373;0;0;0;0;-83,66088;56,79588;-0,22831;0,508547;-44,86713;-82,20519;0,082397;-0,082397;-24,44672;0,357056;-0,027466;-0,192261;-11,48758;1,208496;-0,054932;-0,164795;0;0;0;0
49;784;00:00:00:784;0;0;0;4,301237;0,945007;2,472937;8,208035;-1,387117;1,083153;11,45468;-3,577895;-0,070966;13,90078;-5,316566;-0,934093;3,751604;-0,015965;2,158683;9,080247;-4,166505;5,538945;13,28408;-6,971803;5,007736;13,44988;-6,192053;2,422415;11,68142;-4,961349;2,366811;3,03201;-1,247185;1,780749;7,933149;-6,035913;4,95476;12,18792;-7,712423;1,665604;10,49932;-5,962259;-0,183225;9,019946;-5,573215;1,810568;2,345462;-2,361351;1,495484;6,364805;-7,346457;4,174533;9,920704;-9,01203;1,107031;8,659242;-7,015972;-0,392643;7,266162;-6,572862;1,688512;1,695987;-3,444725;1,189068;4,448827;-8,30198;3,131764;6,729062;-8,798283;-0,076483;5,489561;-7,280286;-0,613926;4,67369;-7,406988;1,538562;62,95993;-13,63089;59,05511;-150,152;70,31764;-179,4756;-147,0576;70,31761;-179,4755;-144,5221;70,15847;-178,2541;-144,5221;70,15845;-178,2541;62,57994;-13,63088;59,05511;96,26007;-16,5329;54,49614;-173,2738;-15,79853;54,57411;-91,53767;-15,9707;55,58847;-91,53593;-15,73837;55,582;64,02816;-16,30935;53,45415;127,0821;-14,44683;57,81577;-129,0005;-15,91866;56,49679;-34,97564;-14,47223;55,60758;-34,92965;-14,59623;55,42432;65,90095;-19,05179;47,18524;130,966;-20,1154;48,27611;-125,1681;-21,4381;46,73314;-30,64836;-17,97984;44,83797;-30,57247;-18,11762;44,59305;69,14964;-22,5847;37,86414;149,6451;-20,41851;46,93793;-106,4666;-21,08653;45,30309;-12,10984;-17,26951;44,68484;-12,02334;-17,32889;44,39392;0;0;0;-46,87942;-53,69849;68,92653;-300,4284;-110,1685;358,57;-523,7611;-142,7052;607,5817;-696,3395;-161,8846;797,8841;-82,88361;0,957917;87,78177;-402,6021;252,9958;338,1351;-676,5903;259,1088;627,2679;-679,128;75,61391;695,179;-565,2837;55,67704;581,2247;-128,2018;72,72729;110,4578;-469,9207;363,0564;370,5935;-727,9841;160,3235;717,0178;-615,9147;15,37527;649,379;-523,8613;141,0263;506,8517;-167,3477;141,6766;127,5737;-499,4181;443,7884;373,2635;-732,8229;272,822;682,181;-616,3403;119,2878;612,9015;-522,9379;243,829;469,3344;-206,3655;206,6718;145,9586;-504,4384;501,1126;358,2286;-643,0671;294,555;579,0286;-537,5461;217,4817;494,2295;-488,957;360,8375;391,6216;0;0;0;-1,692474;-0,09048;2,977252;-2,639293;-3,534794;6,108284;-3,567696;-6,397247;8,926391;-4,314422;-8,550881;11,12938;-1,941919;-0,076443;3,371;-7,255553;0,107288;11,97052;-7,842063;-2,01416;18,5709;-5,235672;-4,70066;17,92717;-4,726409;-4,090547;15,10048;-2,282381;-0,028253;3,863811;-7,764815;0,201702;12,66575;-5,530357;-4,830122;18,13316;-3,149986;-5,969256;14,89162;-4,763603;-3,371716;13,17501;-2,642154;0,087976;4,278659;-7,787704;0,346184;12,46834;-5,813598;-4,28009;17,27772;-3,544807;-5,149841;14,2107;-5,198478;-2,483368;12,52842;-2,96545;0,163078;4,694223;-7,381438;0,440598;11,64007;-4,789352;-3,779411;14,1449;-3,473282;-3,590583;11,63006;-5,467414;-1,151562;11,01637;3,993457;5,605491;7,243925;9,778702;43,5974;-0,301935;3,094337;1,386492;-5,234577;32,2318;90,48789;82,01215;-1,441301;63,8272;103,5774;93,78991;-12,10449;65,25342;103,3226;93,87173;-13,368;83,17043;103,312;94,14545;0;0;0;0;0;0;0;0;0;0;0;0;0;0;0;0;0;0;0;0;29,71801;-20,3453;0;-0,508547;11,32278;-0,549316;-0,027466;0,027466;8,315706;-0,123596;0,027466;0,109863;5,743789;-0,604248;0,027466;0,082397;0;0;0;0
50;800;00:00:00:800;0;0;0;4,301803;0,941364;2,473342;8,207108;-1,39288;1,082928;11,45235;-3,58542;-0,071799;13,89733;-5,32542;-0,93541;3,751544;-0,019144;2,158761;9,077374;-4,174298;5,537786;13,27902;-6,98268;5,005573;13,44549;-6,202048;2,420563;11,678;-4,969935;2,365401;3,031147;-1,249765;1,780408;7,929058;-6,042758;4,952964;12,18282;-7,720956;1,663368;10,49539;-5,969118;-0,184941;9,016223;-5,579759;1,808942;2,343872;-2,363385;1,494764;6,359869;-7,352013;4,172273;9,914627;-9,019049;1,104245;8,654642;-7,021535;-0,394735;7,261839;-6,578172;1,686551;1,693689;-3,44623;1,18798;4,443285;-8,305933;3,129149;6,723264;-8,802689;-0,079209;5,484776;-7,283701;-0,616183;4,668773;-7,410568;1,536245;62,96872;-13,6476;59,01527;-150,2075;70,31969;-179,5655;-147,1131;70,31971;-179,5655;-144,577;70,16093;-178,3435;-144,577;70,16097;-178,3435;62,58873;-13,64761;59,01528;96,27255;-16,55196;54,44767;-173,2614;-15,81761;54,52583;-91,52563;-15,98999;55,54026;-91,5239;-15,75764;55,53383;64,0387;-16,32516;53,41342;127,0911;-14,46296;57,77671;-128,9912;-15,93459;56,45737;-34,96608;-14,488;55,56834;-34,92003;-14,61197;55,38504;65,91342;-19,06639;47,14341;130,9797;-20,13171;48,22992;-125,1538;-21,45404;46,68644;-30,63381;-17,99534;44,79202;-30,55785;-18,13306;44,54704;69,16482;-22,59721;37,82055;149,6577;-20,43307;46,89575;-106,4534;-21,10076;45,26058;-12,09683;-17,2836;44,64321;-12,01025;-17,34291;44,35225;0;0;0;-46,87942;-53,69849;68,92653;-300,4272;-110,1667;358,5719;-523,759;-142,7019;607,5851;-696,3368;-161,88;797,8887;-82,88361;0,957917;87,78177;-402,6021;252,9958;338,1351;-676,6278;259,1084;627,2645;-679,1544;75,61361;695,1762;-565,2931;55,67698;581,2231;-128,2018;72,72729;110,4578;-469,9207;363,0564;370,5935;-727,981;160,3235;717,0178;-615,9149;15,37523;649,379;-523,862;141,0263;506,8515;-167,3477;141,6766;127,5737;-499,4181;443,7884;373,2635;-732,8331;272,8217;682,1788;-616,3391;119,2878;612,9021;-522,9347;243,829;469,3363;-206,3655;206,6718;145,9586;-504,4384;501,1126;358,2286;-643,0671;294,555;579,0286;-537,5461;217,4817;494,2295;-488,957;360,8375;391,6216;0;0;0;0;0;0;0,067234;0,109434;0,110149;0,123024;0,202417;0,203133;0,163078;0,273228;0,274658;0;0;0;0;0;0;-2,248764;-0,025749;-0,208855;-1,582146;-0,017524;-0,165939;-0,566483;-0,003934;-0,097275;0;0;0;0;0;0;0,180244;0,002146;0,005722;-0,011444;-0,002682;0;-0,042915;-0,001431;-0,008583;0;0;0;0;0;0;-0,61512;-0,017166;-0,134468;0,074387;-0,000715;0,034332;0,19455;-0,001431;0,11158;0;0;0;0;0;0;0;0;0;0;0;0;0;0;0;3,99339;5,605476;7,24388;9,778711;43,59688;-0,301602;3,094273;1,386351;-5,242619;32,23221;90,48789;82,01215;-1,44035;63,82718;103,5775;93,78992;-12,10869;65,25381;103,3226;93,87173;-13,368;83,17043;103,312;94,14545;-0,031586;0,019941;-0,003805;-0,008476;-0,482512;0,024948;0;0;0,057042;-0,001144;0,000458;0,000916;-0,252113;0,023804;0;0,000458;0;0;0;0;-1,895141;1,19648;-0,22831;-0,508547;-28,95069;1,496887;0;0;3,422498;-0,068665;0,027466;0,054932;-15,1268;1,428222;0;0,027466;0;0;0;0
51;816;00:00:00:816;0;0;0;4,301803;0,941364;2,473342;8,206582;-1,392884;1,081455;11,45139;-3,585428;-0,0745;13,89603;-5,325431;-0,93904;3,751544;-0,019144;2,158761;9,077374;-4,174298;5,537786;13,27902;-6,98268;5,005573;13,44549;-6,202048;2,420563;11,678;-4,969935;2,365401;3,031147;-1,249765;1,780408;7,929058;-6,042758;4,952964;12,18289;-7,72085;1,6634;10,49538;-5,969121;-0,184944;9,016201;-5,579779;1,808932;2,343872;-2,363385;1,494764;6,359869;-7,352013;4,172273;9,914627;-9,019049;1,104245;8,654642;-7,021535;-0,394735;7,261839;-6,578172;1,686551;1,693689;-3,44623;1,18798;4,443285;-8,305933;3,129149;6,723264;-8,802689;-0,079209;5,484776;-7,283701;-0,616183;4,668773;-7,410568;1,536245;62,96872;-13,6476;59,01527;-150,2123;70,29902;-179,5707;-147,1179;70,29901;-179,5706;-144,5831;70,14022;-178,3499;-144,5831;70,14027;-178,3499;62,58873;-13,64761;59,01528;96,27255;-16,55196;54,44767;-173,2614;-15,81761;54,52583;-91,52563;-15,98999;55,54026;-91,5239;-15,75764;55,53383;64,0387;-16,32516;53,41342;127,0905;-14,46191;57,77923;-128,9918;-15,93355;56,45991;-34,96674;-14,48699;55,57087;-34,9207;-14,61096;55,38758;65,91342;-19,06639;47,14341;130,9797;-20,13171;48,22992;-125,1538;-21,45404;46,68644;-30,63381;-17,99534;44,79202;-30,55785;-18,13306;44,54704;69,16482;-22,59721;37,82055;149,6577;-20,43307;46,89575;-106,4534;-21,10076;45,26058;-12,09683;-17,2836;44,64321;-12,01025;-17,34291;44,35225;0;0;0;-46,91338;-53,47986;68,90224;-300,4086;-109,8816;358,5241;-523,6869;-142,3619;607,5227;-696,2209;-161,4986;797,8167;-82,88;1,148611;87,77708;-402,4298;253,4634;338,2047;-676,3242;259,761;627,3942;-678,8909;76,21329;695,2874;-565,0878;56,19219;581,3077;-128,15;72,88209;110,4782;-469,6753;363,4671;370,7013;-727,6674;160,8355;717,1522;-615,6796;15,78683;649,4815;-523,6405;141,4189;506,9485;-167,2522;141,7986;127,6169;-499,1219;444,1218;373,3992;-732,4685;273,2428;682,3459;-616,0631;119,6216;613,0276;-522,6753;244,1476;469,4539;-206,2276;206,7621;146,024;-504,1059;501,3498;358,3855;-642,7193;294,8194;579,1922;-537,2589;217,6866;494,3649;-488,6619;361,0523;391,7606;0;0;0;-2,037227;13,11743;-1,456976;1,12009;17,10462;-2,865314;4,328727;20,39981;-3,745079;6,955147;22,88389;-4,317283;0,216007;11,44163;-0,281096;10,3426;28,05519;4,171371;18,21613;39,15739;7,784842;15,80429;35,98058;6,669044;12,32242;30,91263;5,078315;3,107071;9,287952;1,224518;14,72854;24,64342;6,465912;18,81695;30,72095;8,059501;14,12201;24,69644;6,15406;13,29231;23,55623;5,81932;5,725622;7,321357;2,591371;17,77267;20,00141;8,136748;21,87538;25,26569;10,02788;16,5596;20,02787;7,533072;15,56396;19,11592;7,058144;8,272647;5,418777;3,919601;19,95563;14,23073;9,415626;20,87116;15,86294;9,813308;17,22908;12,29238;8,125304;17,70401;12,88891;8,341311;3,995671;5,606137;7,244003;9,7784;43,61423;-0,313343;3,094273;1,386351;-5,242619;32,23221;90,48789;82,01215;-1,43763;63,82716;103,5775;93,78992;-12,10869;65,25381;103,3226;93,87173;-13,368;83,17043;103,312;94,14545;1,041183;-0,704412;0;0;0;0;0;0;0,163193;-0,001144;0;0;0;0;0;0;0;0;0;0;64,36615;-43,46122;0,22831;0,508547;28,95069;-1,496887;0;0;6,369065;0;-0,027466;-0,054932;15,1268;-1,428222;0;-0,027466;0;0;0;0
52;832;00:00:00:832;0;0;0;4,301169;0,941696;2,474318;8,206005;-1,393368;1,08396;11,45083;-3,58659;-0,070649;13,89548;-5,327103;-0,934148;3,750908;-0,018854;2,15987;9,07533;-4,173499;5,541736;13,27702;-6,982223;5,011709;13,44429;-6,202474;2,426481;11,67685;-4,970313;2,370384;3,030499;-1,24952;1,781683;7,927001;-6,042026;4,95715;12,18169;-7,721447;1,669384;10,49483;-5,970223;-0,180028;9,015092;-5,580142;1,813286;2,343197;-2,363159;1,49618;6,357909;-7,351364;4,1764;9,913477;-9,019616;1,10997;8,654048;-7,022525;-0,390039;7,260658;-6,578395;1,690689;1,692997;-3,446033;1,189535;4,441538;-8,305412;3,133006;6,722411;-8,803381;-0,07453;5,484231;-7,284436;-0,612334;4,667584;-7,41056;1,539893;62,94453;-13,6412;59,01529;-150,1609;70,311;-179,528;-147,0664;70,311;-179,528;-144,5313;70,15187;-178,3069;-144,5313;70,15189;-178,3069;62,56454;-13,6412;59,01528;96,2465;-16,54594;54,4529;-173,2874;-15,81155;54,53072;-91,55148;-15,98348;55,54519;-91,54971;-15,75116;55,53865;64,01368;-16,32107;53,41476;127,0654;-14,45498;57,78209;-129,0172;-15,92719;56,46349;-34,99201;-14,481;55,5738;-34,946;-14,60505;55,39058;65,8877;-19,06496;47,14611;130,9529;-20,12886;48,23584;-125,1809;-21,45188;46,69305;-30,66041;-17,99401;44,79691;-30,58445;-18,13183;44,55201;69,13857;-22,59973;37,82494;149,6318;-20,43173;46,89912;-106,4795;-21,10013;45,26428;-12,12234;-17,28321;44,64509;-12,03576;-17,34266;44,35416;0;0;0;-46,91338;-53,47986;68,90224;-300,3854;-109,8953;358,5984;-523,6443;-142,3868;607,6589;-696,1636;-161,5322;798,0001;-82,88;1,148611;87,77708;-402,4298;253,4634;338,2047;-676,3057;259,7612;627,3959;-678,878;76,2134;695,2887;-565,0831;56,19221;581,3085;-128,15;72,88209;110,4782;-469,6753;363,4671;370,7013;-727,6638;160,8291;717,1504;-615,6794;15,78699;649,4815;-523,641;141,4202;506,9487;-167,2522;141,7986;127,6169;-499,1219;444,1218;373,3992;-732,4619;273,243;682,3474;-616,0639;119,6217;613,0272;-522,6774;244,1476;469,4528;-206,2276;206,7621;146,024;-504,1059;501,3498;358,3855;-642,7193;294,8194;579,1922;-537,2589;217,6866;494,3649;-488,6619;361,0523;391,7606;0;0;0;0;0;0;1,391888;-0,818968;4,457473;2,552032;-1,497745;8,176803;3,43895;-2,013445;11,00063;0;0;0;0;0;0;1,107216;0,010014;0,100136;0,778198;0,006795;0,080109;0,277519;0,001073;0,048637;0;0;0;0;0;0;0,220299;-0,383377;-0,105858;0,008583;0,009388;-0,002861;-0,031471;0,076532;0,011444;0;0;0;0;0;0;0,400543;0,012875;0,091553;-0,048637;0,002861;-0,022888;-0,125885;0,001431;-0,068665;0;0;0;0;0;0;0;0;0;0;0;0;0;0;0;3,996192;5,606303;7,244059;9,778332;43,61819;-0,316034;3,094337;1,386351;-5,238655;32,23201;90,48789;82,01215;-1,435042;63,82713;103,5775;93,78994;-12,10599;65,25356;103,3226;93,87173;-13,368;83,17043;103,312;94,14545;0,237579;-0,161476;0,003805;0;0,237808;-0,011902;0;-0,000458;0,155311;-0,001831;0;0,000916;0,162163;-0,015564;0,000458;-0,000458;0;0;0;0;-48,21625;32,57618;0,22831;0;14,26849;-0,714111;0;-0,027466;-0,472927;-0,041199;0;0,054932;9,729766;-0,933838;0,027466;-0,027466;0;0;0;0
53;848;00:00:00:848;0;0;0;4,301486;0,940444;2,474243;8,205975;-1,396168;1,085509;11,45042;-3,590674;-0,067716;13,89475;-5,332154;-0,93016;3,750884;-0,019944;2,159901;9,073799;-4,176103;5,542283;13,27475;-6,98602;5,012743;13,44224;-6,206735;2,427389;11,67513;-4,974117;2,371079;3,030039;-1,250397;1,781849;7,924807;-6,044285;4,9579;12,17892;-7,725605;1,670358;10,4927;-5,973986;-0,179266;9,013089;-5,583148;1,813994;2,342342;-2,363823;1,496468;6,355255;-7,353153;4,177289;9,910085;-9,023209;1,110986;8,651575;-7,02564;-0,389154;7,258372;-6,580748;1,691537;1,691759;-3,446501;1,189942;4,438551;-8,306638;3,133989;6,71927;-8,805786;-0,073472;5,481637;-7,28646;-0,61146;4,664928;-7,412048;1,540775;62,94068;-13,63581;58,99575;-150,137;70,33006;-179,5255;-147,0426;70,33003;-179,5254;-144,5065;70,17074;-178,3035;-144,5064;70,17078;-178,3034;62,56069;-13,63581;58,99575;96,24049;-16,53856;54,4395;-173,2934;-15,80418;54,51723;-91,55732;-15,97601;55,5317;-91,55551;-15,74369;55,52512;64,00925;-16,31607;53,39557;127,0615;-14,44975;57,76249;-129,0213;-15,92204;56,44403;-34,99616;-14,47591;55,55425;-34,95017;-14,59997;55,37104;65,88264;-19,06045;47,12732;130,9501;-20,12647;48,21082;-125,1838;-21,44957;46,66812;-30,66334;-17,99179;44,77182;-30,5874;-18,12962;44,52691;69,13268;-22,59606;37,80677;149,6267;-20,42726;46,88047;-106,4847;-21,09578;45,24573;-12,12753;-17,27893;44,62619;-12,04098;-17,33839;44,33528;0;0;0;-46,87535;-53,49978;68,84367;-300,3175;-109,8115;358,5034;-523,5499;-142,2167;607,5293;-696,0487;-161,2968;797,8426;-82,8418;1,13121;87,71053;-402,3071;253,4154;337,9677;-676,158;259,7341;627,0303;-678,786;76,23913;694,9357;-565,0075;56,21492;581,0106;-128,1111;72,86736;110,4017;-469,5518;363,4232;370,4502;-727,5928;160,8649;716,7913;-615,6467;15,85315;649,1866;-523,5743;141,4419;506,6876;-167,2118;141,7851;127,532;-499,0043;444,0829;373,1516;-732,4083;273,2767;682,0006;-616,0264;119,681;612,7466;-522,6016;244,161;469,2072;-206,1861;206,7504;145,9306;-504,0011;501,3185;358,1541;-642,6681;294,8609;578,9114;-537,2263;217,7306;494,134;-488,5906;361,0518;391,5417;0;0;0;2,281308;-1,195192;-3,514409;4,071235;5,027532;-5,699157;5,664825;10,21099;-7,77912;6,889343;14,12487;-9,447097;2,292037;-1,04405;-3,993272;7,361411;-2,875328;-14,21928;8,860587;-1,625061;-21,9326;5,518913;1,543522;-21,18301;4,537582;1,362562;-17,87567;2,332449;-0,883699;-4,589796;7,407187;-2,636432;-15,06901;4,260063;2,149343;-21,5435;1,962662;3,969669;-17,69543;3,99971;1,303911;-15,66982;2,429008;-0,813246;-5,094766;7,052422;-2,331733;-14,85586;3,210068;2,022743;-20,80822;2,248764;3,561974;-16,83426;4,546165;0,802517;-14,73141;2,491951;-0,706673;-5,601167;6,282806;-1,87397;-13,88454;3,072738;2,49052;-16,84856;1,956939;2,643585;-13,85593;4,28009;-0,030041;-13,1321;3,994133;5,605714;7,243884;9,778608;43,60255;-0,305445;3,094337;1,38621;-5,232667;32,23172;90,48789;82,01215;-1,435178;63,82713;103,5775;93,78992;-12,1123;65,25416;103,3226;93,87173;-13,368;83,17043;103,312;94,14545;-0,938187;0,635347;0;-0,008469;0,359259;-0,017853;0;0;-0,008175;0;0;-0,000916;-0,378971;0,036163;-0,000458;0;0;0;0;0;-70,54595;47,8094;-0,22831;-0,508118;7,287024;-0,357056;0;0,027466;-9,809159;0,109863;0;-0,109863;-32,46803;3,103637;-0,054932;0,027466;0;0;0;0
54;864;00:00:00:864;0;0;0;4,301489;0,939828;2,474473;8,205625;-1,396613;1,084463;11,44977;-3,590978;-0,069875;13,89388;-5,332351;-0,933178;3,750863;-0,020482;2,159932;9,073633;-4,177467;5,541526;13,27484;-6,986936;5,011624;13,44228;-6,207273;2,426383;11,67506;-4,974804;2,370231;3,029988;-1,250839;1,781625;7,924595;-6,045501;4,956756;12,17871;-7,726258;1,668918;10,49254;-5,974236;-0,180373;9,012916;-5,583762;1,81295;2,342264;-2,364189;1,496012;6,355015;-7,354168;4,175865;9,909921;-9,023597;1,109309;8,651368;-7,025804;-0,390501;7,258133;-6,581309;1,690254;1,691653;-3,446787;1,189263;4,438295;-8,30739;3,132356;6,71903;-8,805954;-0,075185;5,481443;-7,286486;-0,612878;4,664711;-7,412484;1,539325;62,94633;-13,64598;58,99285;-150,1741;70,31888;-179,5623;-147,0797;70,31887;-179,5622;-144,5439;70,15983;-178,3406;-144,5439;70,15981;-178,3406;62,56633;-13,64598;58,99286;96,24497;-16,5454;54,44333;-173,2889;-15,81103;54,52113;-91,55297;-15,98293;55,53559;-91,55116;-15,75062;55,52904;64,01598;-16,32567;53,39211;127,0673;-14,45965;57,75984;-129,0152;-15,93181;56,44115;-34,98996;-14,48559;55,5515;-34,94395;-14,60963;55,36827;65,89054;-19,06929;47,12318;130,9566;-20,13419;48,21018;-125,1769;-21,45711;46,66724;-30,65639;-17,99912;44,77128;-30,58043;-18,13692;44,52636;69,1422;-22,60356;37,80154;149,6347;-20,43606;46,87612;-106,4764;-21,10437;45,24117;-12,11931;-17,28742;44,6222;-12,03271;-17,34685;44,33125;0;0;0;-46,89435;-53,42469;68,84818;-300,3367;-109,6782;358,3755;-523,5641;-142,0353;607,2892;-696,0571;-161,0793;797,5171;-82,84038;1,196667;87,70868;-402,2153;253,5717;337,9349;-675,987;259,9623;626,9715;-678,6387;76,49507;694,8836;-564,8953;56,44324;580,9704;-128,0836;72,91998;110,3918;-469,4202;363,5588;370,4051;-727,4253;161,1145;716,733;-615,5189;16,07893;649,1407;-523,4545;141,6223;506,645;-167,1605;141,825;127,5147;-498,8451;444,1903;373,0982;-732,196;273,4924;681,9415;-615,879;119,8679;612,6928;-522,4672;244,3022;469,1548;-206,1118;206,7784;145,9062;-503,8219;501,3921;358,0952;-642,4797;295,0052;578,848;-537,0706;217,8521;494,0815;-488,4313;361,1411;391,4888;0;0;0;-1,139939;4,505753;0,270367;-1,152992;7,996558;-7,676124;-0,849724;10,88405;-14,40811;-0,500679;13,04984;-19,5322;0,085831;3,927424;-0,111222;5,507469;9,37271;-1,965523;10,26249;13,68999;-3,530502;8,837699;15,3569;-3,121376;6,731987;13,69965;-2,414703;1,653671;3,157496;-0,596523;7,896422;8,135318;-2,702236;10,04791;14,97102;-3,501892;7,667541;13,5465;-2,749443;7,18975;10,82539;-2,554893;3,076315;2,391815;-1,036405;9,555816;6,440163;-3,200054;12,74014;12,94184;-3,547668;8,843421;11,21163;-3,232956;8,062362;8,468627;-3,147125;4,457473;1,680851;-1,464128;10,75458;4,411697;-3,537655;11,3039;8,658885;-3,80516;9,341239;7,288455;-3,147125;9,558677;5,355834;-3,178596;3,995433;5,606087;7,243989;9,778431;43,61246;-0,312199;3,094337;1,38621;-5,225135;32,23132;90,48788;82,01215;-1,434905;63,82713;103,5774;93,78991;-12,10869;65,25381;103,3226;93,87173;-13,368;83,17043;103,312;94,14545;0,594635;-0,405264;0;0;0,451927;-0,023575;-0,000458;0;0,016358;-0,000229;-0,000458;-0,000916;0,216808;-0,020599;0;0,000458;0;0;0;0;91,96928;-62,43667;0;0,508118;5,560112;-0,343323;-0,027466;0;1,471996;-0,013733;-0,027466;0;35,74676;-3,405761;0,027466;0,027466;0;0;0;0
55;880;00:00:00:880;0;0;0;4,300788;0,9381;2,476346;8,203992;-1,400679;1,087657;11,44723;-3,596987;-0,065538;13,89061;-5,339824;-0,927961;3,749812;-0,021989;2,161743;9,068777;-4,181044;5,546777;13,26895;-6,992567;5,019586;13,42998;-6,208282;2,435333;11,66079;-4,978124;2,392125;3,028475;-1,252048;1,783348;7,919043;-6,048599;4,961847;12,17383;-7,732321;1,6764;10,4895;-5,979761;-0,174058;9,009128;-5,588084;1,818474;2,340306;-2,365098;1,497639;6,349154;-7,35661;4,180477;9,904599;-9,02862;1,115952;8,64789;-7,030406;-0,384845;7,253902;-6,584734;1,695155;1,689276;-3,447421;1,190805;4,432439;-8,30905;3,136245;6,714458;-8,809484;-0,070091;5,477925;-7,289483;-0,608701;4,66009;-7,4146;1,543135;62,91558;-13,64984;58,97014;-150,141;70,33154;-179,5616;-147,0466;70,33152;-179,5615;-144,5103;70,17226;-178,3394;-144,5103;70,17224;-178,3394;62,53559;-13,64984;58,97013;96,21308;-16,55002;54,42617;-173,1156;-15,81559;54,50353;-91,19501;-15,99044;55,5175;-91,1936;-15,75809;55,51246;63,98539;-16,33242;53,37074;127,0368;-14,46459;57,73647;-129,0458;-15,93743;56,41858;-35,02024;-14,49166;55,5281;-34,97423;-14,6158;55,34494;65,86045;-19,07921;47,10304;130,927;-20,14442;48,18824;-125,2066;-21,46809;46,64592;-30,68498;-18,011;44,74798;-30,60898;-18,14892;44,5031;69,11353;-22,61796;37,78258;149,6044;-20,44609;46,85671;-106,5065;-21,11521;45,22205;-12,14863;-17,29857;44,60093;-12,06199;-17,35814;44,30999;0;0;0;-46,89451;-53,38772;68,83437;-300,3422;-109,6949;358,3943;-523,5735;-142,0968;607,3381;-696,0695;-161,1747;797,59;-82,83915;1,228932;87,70683;-402,2053;253,6535;337,9803;-675,9726;260,0175;627,0404;-678,5861;76,84175;694,4583;-564,8779;57,59697;580,9028;-128,0805;72,9465;110,4052;-469,4075;363,6317;370,4738;-727,4155;161,1536;716,8192;-615,509;16,09386;649,2072;-523,4433;141,6592;506,7078;-167,1558;141,8469;127,542;-498,8307;444,2511;373,1836;-732,1921;273,5155;682,041;-615,866;119,8777;612,7741;-522,451;244,3359;469,2328;-206,1055;206,7955;145,947;-503,8065;501,4372;358,1931;-642,4653;295,0153;578,9507;-537,059;217,8537;494,1666;-488,4182;361,1673;391,5759;0;0;0;-0,009477;2,218008;-0,828266;-0,324726;-1,004219;1,131534;-0,566483;-3,69215;2,93827;-0,741005;-5,727767;4,377365;0,073671;1,935884;-0,110507;0,597954;4,912376;2,723694;0,864029;3,313065;4,137039;3,152847;20,80071;-25,52032;1,047134;69,22352;-4,051208;0,183821;1,590729;0,806093;0,761032;4,374504;4,119873;0,58651;2,348184;5,17559;0,595093;0,895858;3,988266;0,67234;2,21014;3,767967;0,283241;1,315355;1,637936;0,861168;3,650665;5,124092;0,231743;1,387596;5,965232;0,78392;0,590801;4,880905;0,969887;2,025604;4,680633;0,377655;1,029968;2,445459;0,921249;2,706527;5,879402;0,864029;0,606537;6,165504;0,69809;0,092983;5,104064;0,781059;1,572132;5,225658;4,015705;5,606548;7,244059;9,778214;43,62488;-0,320529;3,094337;1,386351;-5,220933;32,23111;90,69304;82,19679;-1,435996;63,82715;103,5775;93,78991;-12,11115;65,25404;103,3226;93,87173;-13,368;83,17043;103,312;94,14545;0,744781;-0,499792;0;0,008469;0,252113;-0,013046;12,30926;11,0788;-0,065432;0,001144;0,000458;0;-0,147457;0,013733;0,000458;-0,000458;0;0;0;0;9,008789;-5,671691;0;0,508118;-11,98883;0,631714;738,5833;664,7277;-4,907369;0,082397;0,054932;0,054932;-21,85592;2,059936;0,027466;-0,054932;0;0;0;0
56;896;00:00:00:896;0;0;0;4,29929;0,938407;2,478829;8,202972;-1,401665;1,09366;11,44656;-3,599047;-0,0565;13,89018;-5,34269;-0,916599;3,748354;-0,021719;2,164271;9,064304;-4,180255;5,554675;13,26418;-6,99296;5,031444;13,42141;-6,205956;2,447785;11,65074;-4,977654;2,41296;3,027054;-1,251814;1,785924;7,914633;-6,047859;4,969781;12,17131;-7,733783;1,687913;10,48856;-5,981698;-0,164424;9,006917;-5,588892;1,826943;2,338879;-2,364866;1,500233;6,345037;-7,35593;4,187921;9,902213;-9,029928;1,126493;8,646903;-7,032105;-0,375992;7,251606;-6,58528;1,702882;1,687864;-3,447205;1,19343;4,428854;-8,30848;3,142814;6,712937;-8,810706;-0,061772;5,477037;-7,290718;-0,601868;4,657735;-7,41476;1,54947;62,8685;-13,64846;58,97108;-150,0668;70,36819;-179,5019;-146,9724;70,36821;-179,5019;-144,4344;70,2084;-178,2782;-144,4344;70,20841;-178,2782;62,48851;-13,64846;58,97108;96,16634;-16,5536;54,42625;-173,0156;-15,8191;54,50299;-90,96318;-15,99565;55,51666;-90,96207;-15,76326;55,51262;63,9378;-16,33551;53,37394;126,9897;-14,46444;57,73748;-129,0932;-15,93832;56,42085;-35,06734;-14,49328;55,52913;-35,02137;-14,61755;55,34608;65,81277;-19,08726;47,10844;130,8792;-20,15202;48,1935;-125,2545;-21,47689;46,65229;-30,73158;-18,02127;44,7512;-30,65556;-18,15939;44,50642;69,06677;-22,6332;37,7904;149,5563;-20,45434;46,86333;-106,5546;-21,12473;45,22917;-12,19542;-17,30859;44,60466;-12,10874;-17,36838;44,31377;0;0;0;-46,85247;-53,28404;68,722;-300,247;-109,4557;358,1981;-523,4263;-141,7449;607,0693;-695,8802;-160,7379;797,2654;-82,77605;1,319311;87,59819;-401,9139;253,8681;337,6653;-675,6354;260,3552;626,5612;-677,83;77,12768;693,5729;-564,0198;58,59031;579,5074;-127,9897;73,01903;110,3019;-469,0743;363,8176;370,1683;-727,1248;161,5174;716,3704;-615,3265;16,4254;648,8284;-523,2156;141,9185;506,3765;-167,0383;141,9014;127,4444;-498,479;444,3977;372,907;-731,8757;273,8169;681,6417;-615,6569;120,154;612,435;-522,1963;244,5413;468,9394;-205,9629;206,8336;145,8545;-503,4552;501,5368;357,9598;-642,1909;295,2271;578,6451;-536,8479;218,0335;493,916;-488,141;361,2943;391,3472;0;0;0;2,522707;6,220579;-6,742358;5,70774;14,35661;-11,7774;8,831977;21,11578;-16,13045;11,3554;26,21198;-19,47784;3,785848;5,422756;-6,518483;17,48371;12,8746;-18,90278;20,23315;20,26033;-28,75328;45,3701;17,15541;-53,12634;51,48411;59,60011;-83,72783;5,447387;4,351973;-6,202697;19,98997;11,15227;-18,32914;17,44652;21,82889;-26,93367;10,94627;19,8926;-22,73083;13,66425;15,55967;-19,87839;7,049561;3,273726;-5,855798;21,10004;8,794784;-16,60108;18,98861;18,08309;-23,95248;12,54272;16,57247;-20,34759;15,28644;12,32529;-17,60673;8,557319;2,281666;-5,550384;21,08288;5,976676;-14,00185;16,46519;12,70723;-18,33629;12,66575;10,78892;-15,03753;16,63685;7,617473;-13,71717;4,029181;5,606595;7,244057;9,778191;43,62622;-0,32145;3,094337;1,386492;-5,224423;32,23128;90,83956;82,32868;-1,436677;63,82716;103,5774;93,78992;-12,1123;65,25416;103,3226;93,87173;-13,368;83,17043;103,312;94,14545;0,080338;-0,055246;0;0,008476;-0,20937;0,0103;8,791351;7,91336;-0,040877;0,000458;-0,000458;0,000916;-0,069351;0,006866;-0,000458;0;0;0;0;0;-39,86663;26,67274;0;0,000429;-27,68898;1,400757;-211,0748;-189,9261;1,473284;-0,041199;-0,054932;0,054932;4,686355;-0,411987;-0,054932;0,027466;0;0;0;0
57;912;00:00:00:912;0;0;0;4,298422;0,938478;2,480307;8,203234;-1,401759;1,098603;11,44776;-3,599277;-0,048654;13,89208;-5,343022;-0,906557;3,74758;-0,021658;2,165613;9,062231;-4,180084;5,558186;13,26193;-6,993345;5,03648;13,4156;-6,203337;2,453524;11,64371;-4,976626;2,42611;3,026389;-1,251762;1,787087;7,91273;-6,047703;4,973002;12,17046;-7,734055;1,692726;10,4885;-5,981921;-0,160283;9,006172;-5,588934;1,830538;2,338293;-2,364818;1,501222;6,343387;-7,355791;4,190665;9,901567;-9,030123;1,130585;8,6469;-7,032302;-0,372441;7,250884;-6,585306;1,705912;1,687366;-3,447164;1,194255;4,427558;-8,308371;3,144933;6,712777;-8,810849;-0,058803;5,477102;-7,29087;-0,59944;4,657027;-7,414757;1,551614;62,84847;-13,65587;58,97462;-150,0488;70,41562;-179,4853;-146,9544;70,41559;-179,4853;-144,4135;70,25568;-178,2589;-144,4135;70,25567;-178,2589;62,46848;-13,65587;58,97462;96,14867;-16,56526;54,42377;-172,916;-15,83073;54,50027;-90,75822;-16,00899;55,51368;-90,75738;-15,77658;55,51051;63,91836;-16,34478;53,37823;126,9705;-14,47354;57,73823;-129,1123;-15,94785;56,42204;-35,08616;-14,50308;55,52981;-35,04012;-14,62742;55,34676;65,79421;-19,09851;47,11334;130,8611;-20,16369;48,19665;-125,2725;-21,48902;46,65577;-30,7487;-18,03395;44,75341;-30,67267;-18,17214;44,50867;69,05002;-22,64714;37,79567;149,5376;-20,46565;46,86867;-106,5729;-21,13655;45,23462;-12,21325;-17,32059;44,60879;-12,1265;-17,38047;44,3179;0;0;0;-46,76259;-53,30248;68,57301;-300,1378;-109,3174;357,9177;-523,2982;-141,4761;606,6734;-695,7364;-160,3708;796,7803;-82,68861;1,303162;87,44651;-401,6456;253,8208;337,1914;-675,3825;260,3784;625,8467;-677,3156;77,16894;692,546;-563,4208;59,19702;578,1935;-127,9045;73,00501;110,1473;-468,8098;363,7732;369,6923;-726,983;161,6051;715,6793;-615,2693;16,54154;648,2507;-523,0806;141,9669;505,8688;-166,9527;141,8875;127,2887;-498,232;444,3569;372,4603;-731,7379;273,8953;681,0081;-615,597;120,2559;611,9041;-522,0568;244,5741;468,4766;-205,8781;206,8206;145,697;-503,2401;501,5027;357,5657;-642,0997;295,3004;578,146;-536,7946;218,1076;493,506;-487,9996;361,3038;390,9671;0;0;0;5,392491;-1,106143;-8,939981;6,550312;8,293389;-16,82281;7,690429;16,12544;-23,75507;8,628844;22,02487;-29,10232;5,2464;-0,968948;-9,100913;16,09897;-2,839565;-28,43428;15,172;1,393318;-42,87243;30,86757;2,4755;-61,61498;35,94017;36,40294;-78,82976;5,116224;-0,840783;-9,272574;15,87581;-2,660751;-28,56159;8,502959;5,25999;-41,46194;3,436089;6,968379;-34,65843;8,096694;2,903223;-30,45845;5,136966;-0,836134;-9,339808;14,8201;-2,449035;-26,80063;8,268355;4,70066;-38,01727;3,593444;6,116867;-31,85463;8,368491;1,968384;-27,76337;5,086898;-0,775337;-9,449958;12,90321;-2,048492;-23,64778;5,470275;4,398822;-29,94918;3,195763;4,446029;-24,59621;8,480071;0,573635;-22,8095;4,03684;5,605731;7,243874;9,778591;43,60362;-0,306147;3,0944;1,386492;-5,231544;32,23166;90,95679;82,43418;-1,439806;63,82718;103,5775;93,78993;-12,11448;65,25438;103,3226;93,87173;-13,368;83,17043;103,312;94,14545;-1,355667;0,918188;0,003791;0;-0,427237;0,022659;7,033538;6,329956;-0,187769;0,001602;0,000458;0,000458;-0,130863;0,013275;0;0;0;0;0;0;-86,16026;58,40606;0,227451;-0,508547;-13,07201;0,741577;-105,4688;-95,00426;-8,813523;0,068665;0,054932;-0,027466;-3,690719;0,384521;0,027466;0;0;0;0;0
58;928;00:00:00:928;0;0;0;4,297396;0,939332;2,481762;8,202629;-1,401724;1,102639;11,44749;-3,599922;-0,042363;13,89205;-5,344175;-0,898528;3,746637;-0,020912;2,16725;9,059587;-4,178139;5,563955;13,26016;-6,989202;5,03746;13,409;-6,196457;2,45506;11,63582;-4,971482;2,433713;3,025544;-1,251142;1,788951;7,910238;-6,045951;4,979091;12,16921;-7,734121;1,701359;10,48825;-5,982557;-0,153099;9,005102;-5,58859;1,836916;2,337512;-2,364286;1,503275;6,341164;-7,354297;4,196645;9,90058;-9,030164;1,138847;8,646677;-7,032934;-0,365599;7,249783;-6,58495;1,71195;1,686658;-3,446731;1,1965;4,425738;-8,307229;3,1505;6,71232;-8,811238;-0,052022;5,476964;-7,291429;-0,593863;4,655948;-7,414328;1,556889;62,81319;-13,64715;58,97982;-149,9735;70,43832;-179,4176;-146,8791;70,43829;-179,4175;-144,3374;70,27778;-178,1905;-144,3374;70,27779;-178,1905;62,4332;-13,64715;58,97982;96,20509;-16,55792;54,43448;-172,8012;-15,82347;54,51173;-90,59041;-16,00369;55,52472;-90,58974;-15,77127;55,52224;63,88191;-16,33944;53,38534;126,9358;-14,46706;57,74045;-129,1474;-15,94214;56,42523;-35,12108;-14,4979;55,53209;-35,07509;-14,62234;55,34915;65,75682;-19,09702;47,12244;130,8235;-20,16155;48,2065;-125,3104;-21,48783;46,66657;-30,78588;-18,03393;44,7618;-30,70988;-18,17226;44,51715;69,01196;-22,65139;37,80719;149,4999;-20,46434;46,87874;-106,6108;-21,13623;45,24516;-12,25029;-17,32066;44,6167;-12,16356;-17,38072;44,32584;0;0;0;-46,71053;-53,30673;68,48434;-300,1571;-109,3177;357,6152;-523,3765;-141,4731;606,1918;-695,8589;-160,3654;796,1632;-82,64212;1,299452;87,36595;-401,5212;253,8105;336,9807;-675,2017;259,9794;625,2817;-676,8963;76,82584;691,5784;-562,9553;59,36656;576,9802;-127,8646;73,00187;110,0775;-468,6956;363,7639;369,4991;-726,9432;161,6213;715,3901;-615,2654;16,55495;648,0026;-523,0333;141,9694;505,6539;-166,9175;141,8846;127,2294;-498,133;444,3485;372,2957;-731,699;273,907;680,7626;-615,5969;120,2677;611,691;-522,0135;244,5757;468,2948;-205,8482;206,8181;145,6474;-503,1623;501,496;357,4385;-642,0901;295,309;577,9678;-536,7985;218,1167;493,3604;-487,9572;361,3036;390,8385;0;0;0;3,123522;-0,254989;-5,319356;-1,154423;-0,01502;-18,15033;-4,697799;0,18096;-28,89347;-7,352828;0,326157;-37,03022;2,789497;-0,222623;-4,83334;7,464408;-0,613689;-12,64;10,849;-23,93961;-33,89454;25,15411;-20,58577;-58,05301;27,92645;10,17237;-72,80158;2,39253;-0,188828;-4,188537;6,849289;-0,562191;-11,59429;2,388954;0,971317;-17,34924;0,234604;0,804663;-14,8859;2,838135;0,150204;-12,89749;2,107143;-0,173092;-3,560543;5,939483;-0,500679;-9,877681;2,328872;0,702381;-14,72854;0,011444;0,708103;-12,78305;2,597809;0,092983;-10,91194;1,792431;-0,150204;-2,971887;4,666328;-0,397682;-7,628917;0,577927;0,514984;-10,68878;-0,234604;0,547886;-8,740424;2,54631;-0,010014;-7,716178;4,041451;5,605771;7,243884;9,77856;43,6053;-0,307291;3,094337;1,386351;-5,227984;32,32531;91,0154;82,48694;-1,443607;63,82724;103,5774;93,78992;-12,11448;65,25438;103,3226;93,87173;-13,368;83,17043;103,312;94,14545;0,100708;-0,068665;-0,003791;-0,008476;0,213547;5,619506;3,516998;3,165436;-0,228031;0,003204;-0,000458;-0,000916;0;0;0;0;0;0;0;0;87,38249;-59,21115;-0,454903;-0,508547;38,44699;335,8108;-210,9924;-189,8712;-2,415704;0,09613;-0,054932;-0,082397;7,851791;-0,796509;0;0;0;0;0;0
59;944;00:00:00:944;0;0;0;4,297003;0,939329;2,482442;8,202054;-1,401259;1,102009;11,44678;-3,599069;-0,044122;13,89125;-5,343031;-0,901151;3,746357;-0,020914;2,167734;9,059179;-4,178188;5,564584;13,26001;-6,988897;5,038259;13,40913;-6,195795;2,455984;11,63587;-4,970936;2,43457;3,025406;-1,25115;1,78918;7,910045;-6,04601;4,979326;12,16963;-7,733341;1,701956;10,48871;-5,981755;-0,152522;9,005263;-5,588175;1,837344;2,337494;-2,364307;1,50327;6,34117;-7,354371;4,196507;9,901008;-9,029688;1,138894;8,647269;-7,03223;-0,365389;7,250101;-6,584606;1,712055;1,686761;-3,446761;1,196268;4,425952;-8,307311;3,149988;6,712988;-8,81073;-0,052303;5,477587;-7,290943;-0,594106;4,656302;-7,414183;1,556524;62,8106;-13,6574;58,98471;-150,0009;70,42458;-179,4397;-146,9065;70,42457;-179,4397;-144,3654;70,26425;-178,2132;-144,3654;70,26426;-178,2132;62,43061;-13,65741;58,98472;96,20345;-16,56851;54,43882;-172,8028;-15,83406;54,51606;-90,59226;-16,01424;55,52911;-90,5916;-15,78183;55,52662;63,88036;-16,3499;53,39009;126,9329;-14,47643;57,74755;-129,1501;-15,95157;56,43235;-35,12365;-14,50737;55,53912;-35,07761;-14,63183;55,35615;65,75645;-19,10758;47,12687;130,8242;-20,17347;48,20705;-125,3094;-21,49973;46,66697;-30,78439;-18,0458;44,76216;-30,70832;-18,18412;44,51749;69,01344;-22,66187;37,81093;149,4996;-20,47488;46,88314;-106,6109;-21,14678;45,24947;-12,25019;-17,33121;44,62096;-12,1634;-17,39127;44,33009;0;0;0;-46,64893;-53,35796;68,39705;-300,1586;-109,3821;357,3102;-523,4296;-141,5487;605,699;-695,9506;-160,4498;795,5266;-82,58559;1,254693;87,26775;-401,3626;253,6938;336,6346;-675,0975;259,7308;625,2228;-676,5013;76,41309;691,4861;-562,4824;59,05797;576,5239;-127,8139;72,96471;109,9657;-468,5461;363,6588;369,1337;-726,8612;161,6254;714,8724;-615,2507;16,59313;647,5714;-522,9708;141,9488;505,2707;-166,8706;141,8527;127,1062;-497,9996;444,2589;371,9368;-731,6495;273,9091;680,2648;-615,5823;120,3056;611,2812;-521,9444;244,5544;467,9342;-205,8058;206,7922;145,5127;-503,0531;501,4276;357,1045;-642,0627;295,3323;577,561;-536,7902;218,1502;493,0257;-487,8924;361,2779;390,522;0;0;0;3,696084;-3,073811;-5,237817;-0,090122;-3,861665;-18,30053;-3,190041;-4,536867;-29,56867;-5,498886;-5,065441;-38,19465;3,391743;-2,685562;-5,892634;9,515761;-7,003784;-20,76673;6,251335;-14,91451;-3,539085;23,69499;-24,76501;-5,536079;28,37276;-18,51547;-27,37999;3,043413;-2,22981;-6,707668;8,969306;-6,305695;-21,91973;4,920959;0,245333;-31,06212;0,881195;2,290606;-25,87223;3,753662;-1,238108;-22,98832;2,813816;-1,914739;-7,389306;8,005141;-5,378723;-21,5292;2,969742;0,131607;-29,86621;0,872612;2,274513;-24,59049;4,148483;-1,278877;-21,63219;2,54631;-1,557827;-8,081674;6,554604;-4,108428;-20,04003;1,642227;1,400471;-24,41025;0,500679;2,011299;-20,07866;3,88813;-1,544952;-18,99004;4,043788;5,606451;7,243975;9,778244;43,62309;-0,319351;3,0944;1,386492;-5,228434;32,32534;91,0154;82,48693;-1,441165;63,8272;103,5774;93,78992;-12,11844;65,25475;103,3226;93,87174;-13,368;83,17043;103,312;94,14545;1,067276;-0,723581;0,003791;0,008476;-0,026979;0,001831;0;-0,000458;0,14652;-0,00206;0;0;-0,237179;0,021973;0,000458;0,000916;0;0;0;0;57,99408;-39,295;0,454903;1,017094;-14,43157;-337,0605;-211,0199;-189,9536;22,47305;-0,315857;0,027466;0,054932;-14,23073;1,318359;0,027466;0,054932;0;0;0;0
60;960;00:00:01:000;0;0;0;4,295195;0,939467;2,485518;8,201021;-1,401132;1,107303;11,44639;-3,598951;-0,036978;13,89134;-5,342922;-0,892614;3,744787;-0,020794;2,170446;9,055191;-4,177884;5,571295;13,2568;-6,987663;5,046239;13,39993;-6,189594;2,465157;11,6244;-4,967881;2,455296;3,024123;-1,251051;1,791416;7,906502;-6,04574;4,985275;12,16849;-7,733112;1,711063;10,48888;-5,981649;-0,144707;9,003983;-5,588017;1,844068;2,33643;-2,364226;1,505048;6,338207;-7,354146;4,201368;9,900433;-9,02936;1,146485;8,647579;-7,032166;-0,358882;7,248858;-6,584504;1,717509;1,685931;-3,446698;1,197617;4,423757;-8,307145;3,153498;6,713116;-8,810658;-0,047117;5,478092;-7,290904;-0,589869;4,655252;-7,414074;1,560168;62,77289;-13,67695;58,99424;-149,9958;70,45628;-179,4345;-146,9014;70,45629;-179,4345;-144,3583;70,2959;-178,2062;-144,3583;70,29593;-178,2062;62,3929;-13,67695;58,99424;96,18906;-16,58904;54,45449;-172,6414;-15,85459;54,53155;-90,2728;-16,03752;55,54418;-90,27248;-15,8051;55,54303;63,84433;-16,37292;53,40084;126,8953;-14,49644;57,75832;-129,1875;-15,97242;56,44398;-35,16042;-14,52878;55,54967;-35,11434;-14,65335;55,36676;65,72275;-19,13424;47,1385;130,7877;-20,19738;48,22567;-125,3455;-21,52455;46,68624;-30,81892;-18,07172;44,77885;-30,74274;-18,21019;44,53421;68,98405;-22,69333;37,82286;149,4657;-20,50169;46,89561;-106,644;-21,17448;45,26204;-12,28228;-17,35924;44,63114;-12,19535;-17,41945;44,34024;0;0;0;-46,62537;-53,3578;68,35623;-300,1415;-109,4386;357,319;-523,4191;-141,6525;605,7513;-695,9452;-160,5892;795,6126;-82,56881;1,254849;87,23873;-401,338;253,6968;336,5968;-675,059;259,6072;625,1107;-676,4468;76,57829;690,8961;-562,4647;59,95573;576,2885;-127,8056;72,96515;109,952;-468,5345;363,6623;369,1196;-726,8839;161,5786;714,8367;-615,2787;16,545;647,5368;-522,981;141,9239;505,2449;-166,8696;141,854;127,1066;-498;444,2633;371,9451;-731,6602;273,881;680,2653;-615,6197;120,2634;611,2676;-521,9682;244,5337;467,9253;-205,812;206,794;145,5266;-503,0659;501,4325;357,1352;-642,1028;295,3018;577,5778;-536,8276;218,1211;493,0403;-487,9137;361,2692;390,5439;0;0;0;1,413524;0,009298;-2,449393;1,024246;-3,394604;0,53072;0,635147;-6,229162;3,141403;0,320435;-8,367061;5,161285;1,00708;0,009388;-1,740932;1,473427;0,178814;-2,26736;2,314567;-7,41434;-6,726265;3,270149;9,912371;-35,39943;1,067161;53,86555;-14,12201;0,497103;0,026464;-0,82469;0,69809;0,211716;-0,848293;-1,361847;-2,808094;-2,142906;-1,67942;-2,887398;-2,077102;-0,61512;-1,493454;-1,547813;0,065088;0,077963;0,020027;-0,022888;0,266075;0,496387;-0,638008;-1,688004;0,022888;-2,243042;-2,533436;-0,812531;-1,430511;-1,243114;-0,537872;-0,370502;0,108719;0,833988;-0,769615;0,294685;1,841068;-2,403259;-1,829624;1,009941;-2,245903;-1,748085;0,872612;-1,276016;-0,520706;1,313209;4,060566;5,606763;7,244093;9,7781;43,63129;-0,324873;3,094273;1,386351;-5,223598;32,34856;91,19125;82,64519;-1,44035;63,82718;103,5775;93,78993;-12,1123;65,25416;103,3226;93,87173;-13,368;83,17043;103,312;94,14545;0,491867;-0,331335;-0,007596;-0,008476;0,290194;1,392746;10,55099;9,495391;0,048902;-0,001144;0,000458;0,000916;0,368042;-0,035248;-0,000458;-0,000916;0;0;0;0;-34,52454;23,53477;-0,683212;-1,017094;19,03038;83,45488;633,0596;569,7509;-5,857085;0,054932;0,027466;0,054932;36,31324;-3,433227;-0,054932;-0,109863;0;0;0;0
61;976;00:00:01:016;0;0;0;4,295195;0,939467;2,485518;8,201021;-1,401132;1,107303;11,44639;-3,598951;-0,036978;13,89134;-5,342922;-0,892614;3,744787;-0,020794;2,170446;9,055191;-4,177884;5,571295;13,2568;-6,987663;5,046239;13,39993;-6,189594;2,465157;11,6244;-4,967881;2,455296;3,024123;-1,251051;1,791416;7,906502;-6,04574;4,985275;12,16849;-7,733112;1,711063;10,48888;-5,981649;-0,144707;9,003983;-5,588017;1,844068;2,33643;-2,364226;1,505048;6,338207;-7,354146;4,201368;9,900433;-9,02936;1,146485;8,647579;-7,032166;-0,358882;7,248858;-6,584504;1,717509;1,685931;-3,446698;1,197617;4,423757;-8,307145;3,153498;6,713116;-8,810658;-0,047117;5,478092;-7,290904;-0,589869;4,655252;-7,414074;1,560168;62,77289;-13,67695;58,99424;-149,9958;70,45628;-179,4345;-146,9014;70,45629;-179,4345;-144,3583;70,2959;-178,2062;-144,3583;70,29593;-178,2062;62,3929;-13,67695;58,99424;96,18906;-16,58904;54,45449;-172,6414;-15,85459;54,53155;-90,2728;-16,03752;55,54418;-90,27248;-15,8051;55,54303;63,84433;-16,37292;53,40084;126,8953;-14,49644;57,75832;-129,1875;-15,97242;56,44398;-35,16042;-14,52878;55,54967;-35,11434;-14,65335;55,36676;65,72275;-19,13424;47,1385;130,7877;-20,19738;48,22567;-125,3455;-21,52455;46,68624;-30,81892;-18,07172;44,77885;-30,74274;-18,21019;44,53421;68,98405;-22,69333;37,82286;149,4657;-20,50169;46,89561;-106,644;-21,17448;45,26204;-12,28228;-17,35924;44,63114;-12,19535;-17,41945;44,34024;0;0;0;-46,51688;-53,36607;68,17171;-300,0796;-109,4462;357,0013;-523,3958;-141,6596;605,3228;-695,951;-160,5958;795,1004;-82,47459;1,247641;87,076;-401,0988;253,6785;336,1941;-674,8665;259,5332;624,6318;-675,895;76,20625;690,3458;-561,7766;59,77247;575,0449;-127,7286;72,95921;109,8178;-468,3219;363,6461;368,7627;-726,8158;161,5649;714,2903;-615,2888;16,53866;647,0679;-522,9042;141,9144;504,8415;-166,8057;141,8491;126,9999;-497,8222;444,2498;371,6535;-731,6257;273,8614;679,8098;-615,6383;120,2595;610,8772;-521,8936;244,5276;467,5981;-205,7621;206,7902;145,4458;-502,9343;501,4225;356,9246;-642,1105;295,2975;577,2667;-536,8579;218,1188;492,7861;-487,8506;361,2627;390,3252;0;0;0;6,509721;-0,49603;-11,07144;3,717899;-0,454903;-19,06013;1,396179;-0,422716;-25,71774;-0,349045;-0,395536;-30,7331;5,652666;-0,432506;-9,763597;14,35375;-1,095772;-24,15991;11,54709;-4,441738;-28,73039;33,11348;-22,32277;-33,02192;41,28456;-10,99563;-74,61547;4,619121;-0,356197;-8,049487;12,75444;-0,974178;-21,41475;4,08554;-0,821114;-32,78732;-0,606537;-0,380874;-28,13244;4,609107;-0,568628;-24,20425;3,829479;-0,291824;-6,402969;10,66589;-0,80967;-17,49801;2,07138;-1,180172;-27,32849;-1,115799;-0,231028;-23,42605;4,474639;-0,36478;-19,62948;2,988338;-0,227451;-4,85301;7,899283;-0,595093;-12,63571;-0,460625;-0,257492;-18,66817;-1,81961;-0,14019;-15,24925;3,782272;-0,39196;-13,11779;4,060566;5,606763;7,244093;9,7781;43,63129;-0,324873;3,094273;1,386351;-5,223598;32,34856;91,19125;82,64519;-1,44035;63,82718;103,5775;93,78993;-12,1123;65,25416;103,3226;93,87173;-13,368;83,17043;103,312;94,14545;0;0;0;0;0;0;0;0;0;0;0;0;0;0;0;0;0;0;0;0;-29,51202;19,8801;0,455761;0,508547;-17,41161;-83,56474;-633,0596;-569,7234;-2,934122;0,068665;-0,027466;-0,054932;-22,08252;2,114868;0,027466;0,054932;0;0;0;0
62;992;00:00:01:032;0;0;0;4,291243;0,940164;2,492071;8,198011;-1,402841;1,120626;11,44408;-3,602658;-0,017827;13,88952;-5,348127;-0,869001;3,741066;-0,020183;2,17686;9,044316;-4,176136;5,590242;13,2459;-6,987329;5,07264;13,37909;-6,181705;2,493371;11,59997;-4,965221;2,504504;3,020655;-1,250525;1,797623;7,896029;-6,044113;5,003816;12,16309;-7,735546;1,738308;10,48719;-5,985125;-0,1218;8,999019;-5,589366;1,864105;2,333095;-2,363719;1,511008;6,328657;-7,35267;4,21832;9,895476;-9,031664;1,17088;8,645935;-7,035223;-0,338236;7,243834;-6,585369;1,735401;1,682775;-3,446238;1,203367;4,415693;-8,305929;3,167974;6,710357;-8,812843;-0,028305;5,47675;-7,293147;-0,574432;4,650197;-7,414261;1,574299;62,6612;-13,68646;59,00228;-149,8562;70,52757;-179,3221;-146,7617;70,52754;-179,322;-144,2153;70,36619;-178,0907;-144,2153;70,36621;-178,0907;62,28121;-13,68647;59,0023;96,10152;-16,60866;54,46431;-172,377;-15,87407;54,54021;-89,69212;-16,06147;55,55208;-89,69247;-15,82906;55,55338;63,73273;-16,39297;53,41396;126,7832;-14,50797;57,76871;-129,3;-15,98643;56,4573;-35,27195;-14,54447;55,56002;-35,22589;-14,66938;55,37735;65,61238;-19,16583;47,15635;130,677;-20,22811;48,2427;-125,4562;-21,55806;46,70567;-30,92598;-18,10865;44,7909;-30,84972;-18,24755;44,5465;68,87807;-22,74139;37,84542;149,3546;-20,5337;46,91621;-106,7547;-21,20946;45,28369;-12,38998;-17,39537;44,64494;-12,30289;-17,4561;44,35411;0;0;0;-46,51688;-53,36607;68,17171;-300,126;-109,5227;356,9241;-523,481;-141,7999;605,181;-696,0655;-160,7844;794,91;-82,47459;1,247641;87,076;-401,0988;253,6785;336,1941;-674,8777;259,4275;624,5639;-675,8261;76,68927;689,3966;-561,7612;61,65307;574,7886;-127,7286;72,95921;109,8178;-468,3219;363,6461;368,7627;-726,8135;161,5649;714,2904;-615,2889;16,53866;647,0677;-522,9048;141,9144;504,8414;-166,8057;141,8491;126,9999;-497,8222;444,2498;371,6535;-731,6335;273,8611;679,8082;-615,6373;120,2596;610,8777;-521,8912;244,5276;467,5995;-205,7621;206,7902;145,4458;-502,9343;501,4225;356,9246;-642,1105;295,2975;577,2667;-536,8579;218,1188;492,7861;-487,8506;361,2627;390,3252;0;0;0;0;0;0;-2,785206;-4,58765;-4,634857;-5,112648;-8,420705;-8,502959;-6,866455;-11,31678;-11,42692;0;0;0;0;0;0;-0,675201;-6,342888;-4,076957;4,131317;28,98109;-56,94866;0,92411;112,8362;-15,378;0;0;0;0;0;0;0,14019;0;0,005722;-0,005722;0;-0,011444;-0,034332;0;-0,005722;0;0;0;0;0;0;-0,472069;-0,012875;-0,094414;0,05722;0,001431;0,031471;0,145912;0,001431;0,085831;0;0;0;0;0;0;0;0;0;0;0;0;0;0;0;4,095017;5,607589;7,244225;9,777714;43,65314;-0,339646;3,094337;1,386492;-5,227572;32,37222;91,54292;82,96173;-1,439535;63,82718;103,5775;93,78993;-12,11551;65,25446;103,3226;93,87175;-13,368;83,17043;103,312;94,14545;1,311264;-0,886374;0,003805;0,008476;-0,238466;1,419983;21,10016;18,99261;0,048923;-0,000458;0;0;-0,192318;0,018311;0,000458;0,001373;0;0;0;0;78,67583;-53,1824;0,22831;0,508547;-14,30797;85,19896;1266,009;1139,557;2,935409;-0,027466;0;0;-11,53908;1,098633;0,027466;0,082397;0;0;0;0
63;1008;00:00:01:048;0;0;0;4,287995;0,939825;2,497784;8,197;-1,405209;1,136216;11,44484;-3,606711;0,006104;13,89157;-5,353447;-0,838739;3,737929;-0,020476;2,18224;9,034789;-4,176689;5,605213;13,23611;-6,988496;5,088783;13,35922;-6,174581;2,511619;11,57723;-4,962651;2,54239;3,017624;-1,250742;1,802555;7,88668;-6,044535;5,018028;12,15768;-7,739264;1,759389;10,48523;-5,988906;-0,103882;8,994381;-5,591632;1,879711;2,33008;-2,363828;1,515483;6,319971;-7,35291;4,230905;9,890373;-9,034837;1,189283;8,643933;-7,038438;-0,322452;7,23907;-6,587069;1,748984;1,679816;-3,446263;1,207423;4,408178;-8,305989;3,178267;6,707248;-8,815243;-0,014471;5,474968;-7,295368;-0,563095;4,645287;-7,415164;1,584505;62,57414;-13,70544;59,00249;-149,7596;70,65368;-179,2501;-146,6652;70,65369;-179,25;-144,1114;70,49158;-178,0118;-144,1114;70,49162;-178,0118;62,19415;-13,70545;59,00249;96,08857;-16,63872;54,45747;-172,0969;-15,90415;54,53323;-89,14859;-16,09631;55,54428;-89,14957;-15,86393;55,54786;63,64689;-16,42009;53,41779;126,6976;-14,53099;57,76484;-129,3857;-16,01134;56,45557;-35,35657;-14,57068;55,55595;-35,31047;-14,69585;55,37346;65,52885;-19,20176;47,16338;130,5948;-20,26515;48,24433;-125,5381;-21,59715;46,70897;-31,00469;-18,15026;44,78856;-30,92832;-18,28948;44,54431;68,79993;-22,78961;37,85525;149,2704;-20,56998;46,92531;-106,838;-21,24797;45,29345;-12,47092;-17,43473;44,64874;-12,38365;-17,49586;44,35795;0;0;0;-46,27977;-53,4079;67,77848;-299,8666;-109,2906;356,2556;-523,1978;-141,3396;604,2722;-695,7619;-160,1524;793,8158;-82,25132;1,210973;86,69117;-400,4463;253,5737;335,0573;-674,256;259,0906;622,776;-674,5189;76,47498;686,6506;-560,2738;63,01258;571,4267;-127,5205;72,92765;109,4454;-467,6935;363,5484;367,6502;-726,5054;161,7108;712,6551;-615,1866;16,74713;645,6938;-522,603;141,9953;503,6401;-166,6056;141,8187;126,6423;-497,2492;444,1613;370,6364;-731,3541;273,9989;678,3405;-615,5365;120,4429;609,6401;-521,5841;244,5795;466,5291;-205,5728;206,7626;145,1007;-502,4504;501,3496;356,056;-641,9449;295,4286;576,1379;-536,7774;218,2533;491,8599;-487,5474;361,2739;389,4774;0;0;0;14,22644;-2,509832;-23,59342;15,55967;13,92388;-40,11011;16,98875;27,61602;-54,53396;18,21327;37,92142;-65,64902;13,39638;-2,200082;-23,08988;39,15023;-6,291389;-68,20964;37,30487;-20,21599;-107,2741;78,43494;-12,85708;-164,7577;89,24388;81,57026;-201,7136;12,48264;-1,893639;-22,34673;37,70256;-5,857944;-66,74766;18,48507;8,753299;-98,11591;6,136894;12,50848;-82,43465;18,11027;4,855871;-72,07774;12,00557;-1,827478;-21,45624;34,38377;-5,312919;-61,02704;16,76845;8,265494;-88,05942;6,051063;11,00278;-74,25784;18,42785;3,115654;-64,2271;11,36398;-1,655102;-20,70308;29,0308;-4,377365;-52,11496;9,933471;7,864951;-67,72613;4,832267;8,073806;-55,57537;18,19324;0,673771;-50,87185;4,115935;5,606171;7,243885;9,77837;43,6161;-0,314633;3,094337;1,38621;-5,239141;32,4432;91,836;83,22549;-1,445097;63,82726;103,5774;93,78991;-12,12283;65,25517;103,3226;93,87173;-13,368;83,17043;103,312;94,14545;-2,222443;1,500778;0;-0,016944;-0,69417;4,258575;17,58453;15,82535;-0,333774;0,005035;-0,000458;-0,001373;-0,439224;0,042572;-0,000458;-0,000916;0;0;0;0;-212,0224;143,2291;-0,22831;-1,525211;-27,34222;170,3156;-210,9374;-190,0359;-22,96185;0,32959;-0,027466;-0,082397;-14,81437;1,455688;-0,054932;-0,137329;0;0;0;0
64;1024;00:00:01:064;0;0;0;4,286804;0,940857;2,499439;8,196347;-1,40545;1,141618;11,44461;-3,60801;0,014775;13,89164;-5,355539;-0,827549;3,736793;-0,019574;2,184193;9,031398;-4,174306;5,612449;13,23262;-6,9866;5,097821;13,34942;-6,169056;2,521513;11,56574;-4,959963;2,563591;3,016545;-1,249989;1,804884;7,88338;-6,042379;5,025803;12,15581;-7,739687;1,770386;10,48461;-5,990162;-0,094783;8,992786;-5,591491;1,887798;2,329021;-2,363171;1,518132;6,316931;-7,351053;4,238663;9,888678;-9,035287;1,199897;8,643302;-7,039616;-0,313672;7,237425;-6,586817;1,756764;1,678794;-3,445719;1,210394;4,405576;-8,304556;3,185613;6,706245;-8,816014;-0,005619;5,474425;-7,296333;-0,555807;4,643615;-7,414728;1,591432;62,52938;-13,69087;59,00655;-149,6519;70,68702;-179,1549;-146,5574;70,687;-179,1548;-144,0024;70,52414;-177,9155;-144,0024;70,52415;-177,9155;62,14939;-13,69087;59,00654;96,06696;-16,62958;54,45945;-171,9426;-15,89497;54,53491;-88,83575;-16,08975;55,54539;-88,83711;-15,85738;55,5503;63,6003;-16,40981;53,4244;126,653;-14,51845;57,76709;-129,4309;-15,99978;56,4591;-35,40166;-14,5598;55,55834;-35,35563;-14,68511;55,37597;65,48062;-19,19642;47,17269;130,5469;-20,25952;48,25294;-125,5865;-21,59273;46,71883;-31,05222;-18,14736;44,79539;-30,97592;-18,28677;44,55127;68,75025;-22,7917;37,86795;149,2218;-20,56483;46,93586;-106,8871;-21,2441;45,30466;-12,51886;-17,43139;44,65656;-12,43162;-17,49275;44,36583;0;0;0;-46,08491;-53,38757;67,43573;-299,7988;-109,1367;355,3321;-523,2302;-141,0747;602,8583;-695,8673;-159,8039;792,0295;-82,0631;1,228575;86,36839;-399,8747;253,6068;334,1591;-673,6841;259,055;621,739;-673,2958;76,26003;685,023;-558,9017;63,78613;568,9938;-127,3387;72,94071;109,1495;-467,1326;363,5738;366,7975;-726,1888;161,9339;711,3903;-615,0687;16,974;644,6192;-522,3228;142,1313;502,7043;-166,4247;141,8252;126,3738;-496,728;444,1756;369,8813;-731,0518;274,1892;677,2355;-615,4159;120,6359;608,6934;-521,2969;244,6815;465,7149;-205,3952;206,7641;144,8574;-501,9995;501,3532;355,4385;-641,7584;295,5726;575,3079;-536,6705;218,3866;491,1797;-487,2528;361,3281;388,8651;0;0;0;11,69175;1,220226;-20,56503;4,071235;9,236812;-55,40657;-1,939773;15,89656;-84,83218;-6,322861;20,9105;-107,1739;11,29353;1,05612;-19,36698;34,29794;1,98698;-53,89452;34,31224;-2,132892;-62,21866;73,38237;-12,89749;-97,65815;82,32879;46,41294;-145,978;10,91123;0,78392;-17,75479;33,65707;1,520634;-51,16367;18,99433;13,38816;-75,89149;7,072449;13,61221;-64,47887;16,80851;8,155345;-56,15044;10,85472;0,394106;-16,10899;31,27098;0,861168;-45,30573;18,13316;11,41691;-66,30134;7,235526;11,57641;-56,80561;17,22908;6,118297;-48,85196;10,65016;0,088692;-14,60123;27,05669;0,214577;-37,0531;11,19232;8,635997;-49,79896;6,414413;7,995128;-40,81249;17,6754;3,248692;-36,73982;4,131116;5,606026;7,243843;9,778427;43,61272;-0,31231;3,094337;1,386492;-5,244113;32,46692;92,01184;83,38377;-1,447803;63,82727;103,5775;93,78994;-12,12447;65,25533;103,3226;93,87173;-13,368;83,17043;103,312;94,14545;-0,202789;0,139389;0;0,016944;-0,298319;1,423187;10,55054;9,496764;-0,162349;0,000687;0,000458;0,001831;-0,098534;0,009155;0;-0,000458;0;0;0;0;121,1792;-81,68334;0;2,033329;23,75106;-170,1233;-422,0398;-379,7149;10,28552;-0,260925;0,054932;0,192261;20,44143;-2,005005;0,027466;0,027466;0;0;0;0
65;1040;00:00:01:080;0;0;0;4,285052;0,942246;2,50192;8,194764;-1,404729;1,145738;11,44316;-3,607843;0,020381;13,8903;-5,355785;-0,820783;3,735274;-0,01836;2,1868;9,027561;-4,171195;5,620928;13,23026;-6,980661;5,103;13,33472;-6,155517;2,528584;11,54776;-4,952125;2,590179;3,015309;-1,248987;1,807639;7,879981;-6,039596;5,034472;12,15465;-7,738634;1,782897;10,48477;-5,990041;-0,084331;8,991575;-5,590333;1,897007;2,328003;-2,362331;1,520999;6,314099;-7,348711;4,246935;9,887962;-9,034516;1,211531;8,643632;-7,039639;-0,303944;7,236313;-6,585766;1,765277;1,678007;-3,445052;1,21338;4,403491;-8,3028;3,19306;6,706385;-8,815909;0,003698;5,474924;-7,296538;-0,548148;4,642623;-7,413811;1,598576;62,47821;-13,68541;59,01956;-149,5672;70,69388;-179,0751;-146,4728;70,69383;-179,075;-143,918;70,5304;-177,8361;-143,918;70,53044;-177,836;62,09822;-13,68541;59,01955;96,10583;-16,62425;54,48474;-171,6401;-15,8897;54,56071;-88,29555;-16,0896;55,57008;-88,29753;-15,8573;55,57726;63,54818;-16,40923;53,44005;126,602;-14,51486;57,77904;-129,4823;-15,99732;56,47244;-35,45275;-14,55812;55,57034;-35,40676;-14,68358;55,3881;65,42791;-19,20127;47,19093;130,494;-20,26372;48,27147;-125,6398;-21,59825;46,73862;-31,10405;-18,15454;44,81176;-31,02776;-18,29416;44,56775;68,69781;-22,80453;37,88918;149,1686;-20,56989;46,95545;-106,9402;-21,25058;45,32485;-12,57076;-17,43842;44,67302;-12,48351;-17,50004;44,38234;0;0;0;-46,01343;-53,44943;67,3364;-299,8176;-109,2175;354,9117;-523,3224;-141,1717;602,1614;-696,014;-159,9136;791,121;-81,9949;1,17445;86,25115;-399,6712;253,4639;333,7249;-673,3997;258,5206;620,9348;-672,5776;76,08227;683,3354;-558,1597;64,96285;567,2554;-127,2739;72,89551;109,0097;-466,9346;363,4444;366,331;-726,0824;161,9592;710,7302;-615,0309;17,04939;644,0734;-522,2258;142,1228;502,2195;-166,3612;141,7858;126,2148;-496,5456;444,0642;369,4158;-730,952;274,2161;676,5982;-615,3778;120,7065;608,1667;-521,1977;244,6664;465,2483;-205,3339;206,7314;144,6791;-501,8434;501,2672;354,9977;-641,6982;295,6189;574,7768;-536,6379;218,4445;490,7424;-487,1525;361,3019;388,4494;0;0;0;4,288852;-3,712177;-5,95951;-1,125812;-4,848718;-25,22278;-5,533218;-5,822181;-41,81099;-8,803367;-6,583214;-54,51393;4,09162;-3,247485;-7,034183;12,20941;-8,575915;-26,04675;17,06314;-32,06777;-48,25115;43,09272;-10,66553;-101,2545;44,51465;70,6036;-104,2986;3,88813;-2,71225;-8,382796;11,87611;-7,761954;-27,99082;6,382942;1,521349;-39,60514;2,268791;4,523545;-32,7444;5,822181;-0,509977;-29,09088;3,809452;-2,366781;-9,536504;10,94341;-6,68335;-27,92788;5,988121;1,616478;-38,23757;2,285957;4,23789;-31,59713;5,953788;-0,905514;-27,99511;3,679275;-1,95837;-10,6945;9,364127;-5,161285;-26,44444;3,61061;2,779484;-31,86893;1,954078;3,476143;-26,23558;6,019592;-1,569271;-24,93954;4,157535;5,607037;7,244036;9,777946;43,63996;-0,330721;3,094273;1,386351;-5,234277;32,56027;92,27557;83,62116;-1,449829;63,8273;103,5775;93,78992;-12,12525;65,25542;103,3226;93,87174;-13,368;83,17043;103,312;94,14545;1,634216;-1,10467;-0,003805;-0,008476;0,590172;5,600967;15,82397;14,24377;-0,121558;0,001602;0;-0,000916;-0,046864;0,005493;0;0,000916;0;0;0;0;110,2203;-74,64351;-0,22831;-1,525211;53,30943;250,6668;316,4062;284,8206;2,447462;0,054932;-0,027466;-0,164795;3,100204;-0,219727;0;0,082397;0;0;0;0
66;1056;00:00:01:096;0;0;0;4,284414;0,941876;2,50315;8,1942;-1,40603;1,148799;11,44261;-3,609918;0,025005;13,88974;-5,358442;-0,81497;3,734564;-0,018681;2,18801;9,024984;-4,171916;5,624529;13,22771;-6,980956;5,104478;13,32213;-6,149089;2,531838;11,53296;-4,949963;2,610435;3,014498;-1,249239;1,808818;7,877253;-6,040205;5,038008;12,1526;-7,740653;1,788062;10,48371;-5,991959;-0,079956;8,989965;-5,591636;1,900841;2,327081;-2,362505;1,522138;6,311388;-7,349163;4,250179;9,885827;-9,036224;1,216153;8,642464;-7,04125;-0,299988;7,234588;-6,586768;1,768719;1,676988;-3,445158;1,214487;4,400948;-8,303078;3,195843;6,70478;-8,817127;0,007311;5,473773;-7,297623;-0,545184;4,640758;-7,414393;1,601291;62,45689;-13,6869;59,01418;-149,5372;70,71479;-179,0571;-146,4428;70,7148;-179,057;-143,8869;70,55106;-177,8171;-143,8869;70,55113;-177,8171;62,0769;-13,6869;59,01418;96,13107;-16,62703;54,48133;-171,3805;-15,8925;54,55763;-87,82488;-16,09679;55,5661;-87,82739;-15,86454;55,57526;63,52682;-16,41271;53,43565;126,5813;-14,51782;57,77157;-129,5031;-16,00074;56,4655;-35,47339;-14,56185;55,56287;-35,42738;-14,68738;55,38065;65,40677;-19,20698;47,18747;130,4739;-20,27039;48,26472;-125,6598;-21,60542;46,7323;-31,12343;-18,16232;44,80408;-31,04711;-18,30203;44,56012;68,67744;-22,81339;37,88665;149,1473;-20,57567;46,95251;-106,9615;-21,25693;45,32212;-12,5914;-17,44499;44,66879;-12,50412;-17,50671;44,37811;0;0;0;-45,90828;-53,53278;67,18758;-299,718;-109,2533;354,6721;-523,2274;-141,1681;601,8388;-695,9224;-159,8805;790,7335;-81,9038;1,101617;86,09478;-399,441;253,2772;333,2162;-673,2399;257,9538;620,4912;-671,6233;75,51529;682,1268;-557,058;65,71329;565,4053;-127,1998;72,83538;108,8444;-466,7307;363,2774;365,8108;-726,02;161,896;709,9794;-615,0403;17,04213;643,4466;-522,1513;142,0533;501,6673;-166,3001;141,7354;126,0428;-496,3758;443,9237;368,9194;-730,9182;274,1696;675,8983;-615,3965;120,7079;607,5836;-521,1281;244,6034;464,7392;-205,2867;206,6914;144,4999;-501,7182;501,1618;354,5509;-641,7065;295,6126;574,2178;-536,6678;218,4568;490,2828;-487,093;361,2469;388,0208;0;0;0;6,308556;-5,00071;-8,929609;5,972385;-2,152204;-14,3795;5,699157;0,217438;-19,35482;5,498886;1,98698;-23,24867;5,466341;-4,369988;-9,382366;13,81302;-11,19947;-30,52568;9,590148;-34,00468;-26,6161;57,26051;-34,01863;-72,5212;66,10679;45,02642;-111,0077;4,446744;-3,607749;-9,919881;12,23946;-10,01787;-31,20947;3,742218;-3,795862;-45,04966;-0,56076;-0,435859;-37,611;4,468917;-4,169225;-33,12778;3,667116;-3,023386;-10,31971;10,19096;-8,431434;-29,78038;2,028465;-2,789497;-41,99695;-1,121521;0,085831;-34,99031;4,177093;-3,782272;-30,54714;2,835274;-2,401829;-10,75172;7,510184;-6,32;-26,81065;-0,50354;-0,377655;-33,54263;-1,791;0,738144;-27,57454;3,570557;-3,30162;-25,71774;4,177881;5,606944;7,243985;9,777984;43,63783;-0,329324;3,094337;1,386492;-5,233379;32,60715;92,51003;83,83217;-1,452257;63,82733;103,5775;93,78995;-12,12901;65,25578;103,3226;93,87171;-13,368;83,17043;103,312;94,14545;-0,127945;0,083799;0,003805;0,008476;0,053902;2,812958;14,06753;12,66037;-0,145648;0,00206;0;0,001373;-0,225277;0,021515;0;-0,001831;0;0;0;0;-105,7297;71,30813;0,456619;1,017094;-32,1762;-167,2805;-105,3863;-95,00426;-1,445388;0,027466;0;0,137329;-10,7048;0,961304;0;-0,164795;0;0;0;0
67;1072;00:00:01:112;0;0;0;4,28282;0,944241;2,504987;8,193706;-1,404484;1,155236;11,44305;-3,60905;0,035474;13,89088;-5,358082;-0,801387;3,733232;-0,016614;2,190298;9,021863;-4,166644;5,633439;13,22597;-6,973836;5,114558;13,29807;-6,128973;2,545434;11,50366;-4,940792;2,661739;3,013487;-1,247535;1,811676;7,874626;-6,035497;5,047749;12,15208;-7,738281;1,801803;10,4842;-5,991252;-0,068666;8,989212;-5,589417;1,910891;2,326327;-2,361086;1,525489;6,309336;-7,345216;4,260038;9,885729;-9,034519;1,229563;8,643164;-7,040857;-0,288957;7,234;-6,58478;1,778522;1,676499;-3,444039;1,218329;4,399608;-8,300133;3,205322;6,705419;-8,816626;0,018614;5,474638;-7,297665;-0,535874;4,640325;-7,412738;1,610188;62,40126;-13,66463;59,03154;-149,392;70,75301;-178,9157;-146,2976;70,75299;-178,9156;-143,7404;70,58826;-177,6746;-143,7404;70,58827;-177,6746;62,02127;-13,66463;59,03154;96,11648;-16,60428;54,51397;-170,8383;-15,86974;54,59008;-86,78053;-16,08322;55,59637;-86,78425;-15,85118;55,60993;63,46848;-16,3958;53,45633;126,5249;-14,49662;57,79011;-129,5604;-15,98079;56,4857;-35,53059;-14,54277;55,58165;-35,48467;-14,66848;55,39959;65,3459;-19,19625;47,21169;130,4131;-20,25883;48,28936;-125,7215;-21,5954;46,75859;-31,18409;-18,15424;44,82656;-31,10785;-18,29419;44,58278;68,61402;-22,81209;37,91544;149,0859;-20,56518;46,9783;-107,0235;-21,24807;45,34881;-12,65209;-17,43681;44,69118;-12,56487;-17,49881;44,40058;0;0;0;-45,87002;-53,5106;67,11374;-299,6767;-109,163;354,5007;-523,1809;-141,0211;601,584;-695,8708;-159,6908;790,4152;-81,86118;1,120884;86,02215;-399,2864;253,3204;333,0001;-673,015;257,7618;620,2742;-670,6969;75,9087;680,4117;-556,1324;68,53417;563,8881;-127,1511;72,85051;108,7737;-466,567;363,314;365,5987;-725,8964;162,0172;709,6694;-614,9768;17,15715;643,1841;-522,0549;142,1315;501,4371;-166,2448;141,7458;125,9745;-496,2131;443,9508;368,7248;-730,7919;274,2721;675,6205;-615,3262;120,8046;607,3464;-521,024;244,6635;464,533;-205,2255;206,6978;144,4335;-501,5657;501,1785;354,3839;-641,6102;295,6857;574,001;-536,5988;218,5219;490,1049;-486,981;361,2818;387,8579;0;0;0;2,295971;1,330376;-4,430294;2,479076;5,419492;-10,28109;2,789497;8,820533;-15,2893;3,092766;11,37972;-19,09733;2,557397;1,156032;-4,357695;9,275435;2,594948;-12,96473;13,49545;-11,52134;-13,01765;55,58395;23,60487;-102,9053;55,53246;169,2527;-91,03202;2,922535;0,908017;-4,245758;9,81903;2,191543;-12,72869;7,418632;7,270574;-18,59379;3,80516;6,901324;-15,74993;5,784988;4,692792;-13,81016;3,318071;0,626564;-4,101991;9,758948;1,627922;-11,68013;7,578849;6,146907;-16,6626;4,217147;5,798578;-14,22787;6,245613;3,604888;-12,37392;3,669261;0,381947;-3,982543;9,152411;0,998497;-10,02073;5,779266;4,384517;-13,00335;4,1399;3,905296;-10,67161;6,714821;2,09713;-9,773253;4,226841;5,606813;7,243951;9,778045;43,63433;-0,326934;3,094337;1,386351;-5,221084;32,65343;93,06686;84,33334;-1,452122;63,82733;103,5775;93,78992;-12,12971;65,25584;103,3226;93,87174;-13,368;83,17043;103,312;94,14545;-0,209427;0,143423;0;-0,008476;0,737715;2,777023;33,40988;30,07049;0,008075;0;0;-0,001373;-0,041943;0,003662;0;0,001831;0;0;0;0;-4,888915;3,577422;-0,22831;-1,017094;41,02878;-2,156067;1160,541;1044,607;9,223365;-0,123596;0;-0,164795;11,00006;-1,071167;0;0,219727;0;0;0;0
68;1088;00:00:01:128;0;0;0;4,282654;0,945219;2,504901;8,193192;-1,403539;1,154202;11,44227;-3,608133;0,033707;13,8899;-5,357182;-0,803688;3,733155;-0,015761;2,190435;9,022001;-4,164495;5,634807;13,22635;-6,971102;5,114713;13,28727;-6,119535;2,547514;11,49075;-4,936528;2,682421;3,013524;-1,246835;1,812097;7,874938;-6,033588;5,049546;12,15244;-7,737169;1,804078;10,48471;-5,990407;-0,066776;8,989665;-5,588138;1,91265;2,326464;-2,360514;1,526165;6,309782;-7,343632;4,26211;9,886279;-9,033563;1,232108;8,643769;-7,040212;-0,286867;7,234532;-6,583709;1,78047;1,676736;-3,443596;1,219255;4,400169;-8,298971;3,207565;6,706135;-8,816075;0,02107;5,475251;-7,297354;-0,533844;4,64087;-7,411957;1,612217;62,39183;-13,65333;59,03843;-149,3548;70,73122;-178,8767;-146,2604;70,73123;-178,8766;-143,705;70,5662;-177,6373;-143,705;70,56627;-177,6372;62,01184;-13,65333;59,03843;96,13055;-16,59527;54,51788;-170,5605;-15,86074;54,59416;-86,26501;-16,0789;55,59932;-86,26936;-15,84698;55,61506;63,45784;-16,38544;53,464;126,5171;-14,48885;57,78941;-129,5684;-15,97319;56,48526;-35,53866;-14,53529;55,58104;-35,49277;-14,66103;55,39901;65,33395;-19,18707;47,22028;130,4031;-20,25135;48,29277;-125,7318;-21,58817;46,76233;-31,19442;-18,14735;44,82975;-31,11823;-18,28733;44,58599;68,60033;-22,80485;37,92541;149,0738;-20,55603;46,98721;-107,0359;-21,23925;45,35797;-12,66434;-17,42813;44,6995;-12,57716;-17,49019;44,40895;0;0;0;-45,7744;-53,65252;67,00356;-299,689;-109,3248;354,0448;-523,2841;-141,1998;600,8279;-696,0427;-159,8828;789,4284;-81,78127;0,996865;85,88487;-399,0991;253,0042;332,4655;-672,9213;257,2293;619,6011;-669,2032;75,07198;678,87;-554,369;69,37714;560,6782;-127,0904;72,74829;108,6022;-466,4094;363,0315;365,0142;-725,8893;161,8747;708,8443;-615,0047;17,1147;642,5075;-522,0038;141,9983;500,8356;-166,1995;141,6607;125,7734;-496,0899;443,714;368,1332;-730,7991;274,1694;674,8131;-615,3666;120,781;606,6854;-520,9846;244,5442;463,9471;-205,1962;206,6306;144,203;-501,4853;501,0018;353,8152;-641,6486;295,6555;573,3228;-536,6506;218,5244;489,5464;-486,955;361,1825;387,324;0;0;0;5,737245;-8,514761;-6,610394;-0,738144;-9,706735;-27,35567;-6,191253;-10,72383;-45,36438;-10,31113;-11,51633;-59,20886;4,794716;-7,441118;-8,236526;11,2381;-18,97859;-32,07349;5,619049;-31,94904;-40,38906;89,61868;-50,20309;-92,49973;105,8035;50,57824;-192,5983;3,638505;-6,133317;-10,28752;9,458541;-16,9487;-35,06755;0,426292;-8,547305;-49,51;-1,670837;-2,546757;-40,59505;3,064155;-7,992267;-36,0918;2,716541;-5,106925;-12,06279;7,392882;-14,2107;-35,49385;-0,429153;-6,158351;-48,4457;-2,423286;-1,416206;-39,6595;2,366066;-7,153987;-35,15052;1,756668;-4,02832;-13,83162;4,823684;-10,60009;-34,12199;-2,300262;-1,808166;-40,69233;-3,109932;0,150204;-33,51402;1,562118;-5,95951;-32,03058;4,252745;5,607511;7,244047;9,777696;43,65406;-0,340307;3,0944;1,38621;-5,224985;32,67711;93,33061;84,57075;-1,460319;63,82744;103,5774;93,78992;-12,13507;65,25636;103,3226;93,87175;-13,368;83,17043;103,312;94,14545;1,183777;-0,802374;0,003791;-0,008469;-0,234089;1,420669;15,82489;14,24423;-0,491831;0,006638;-0,000458;-0,000458;-0,321693;0,031128;0,000458;0,000458;0;0;0;0;83,59221;-56,74781;0,227451;0,000429;-58,30821;-81,38122;-1055,099;-949,5757;-29,99439;0,398254;-0,027466;0,054932;-16,78505;1,647949;0,027466;-0,082397;0;0;0;0
69;1104;00:00:01:144;0;0;0;4,283208;0,946907;2,503317;8,193068;-1,402365;1,151548;11,44159;-3,607384;0,0303;13,88883;-5,356751;-0,807613;3,733695;-0,014285;2,189526;9,023658;-4,160737;5,634929;13,22899;-6,96491;5,109663;13,28403;-6,111738;2,542865;11,48657;-4,930874;2,683998;3,01405;-1,245619;1,812057;7,876572;-6,030233;5,051002;12,15362;-7,734996;1,805551;10,48506;-5,989768;-0,065997;8,990427;-5,58655;1,913544;2,326994;-2,359504;1,52692;6,31131;-7,340823;4,264686;9,887223;-9,032166;1,234783;8,644151;-7,039812;-0,285038;7,23538;-6,582247;1,782379;1,677261;-3,442801;1,220777;4,401501;-8,296879;3,211148;6,706717;-8,815624;0,024377;5,475596;-7,297296;-0,531088;4,641751;-7,410745;1,615242;62,3872;-13,61847;59,04326;-149,2639;70,69644;-178,7878;-146,1695;70,69647;-178,7878;-143,6171;70,53083;-177,5513;-143,6171;70,53087;-177,5513;62,00721;-13,61847;59,04326;96,19049;-16,55682;54,53368;-170,4421;-15,82239;54,61075;-86,09306;-16,04256;55,61526;-86,09759;-15,81068;55,63173;63,44965;-16,35119;53,47005;126,5095;-14,45042;57,80311;-129,5769;-15,93494;56,49941;-35,54776;-14,49717;55,59513;-35,50201;-14,62294;55,41315;65,32175;-19,15387;47,22803;130,3909;-20,21725;48,30247;-125,7451;-21,55439;46,7727;-31,2087;-18,114;44,83964;-31,13267;-18,25404;44,59596;68,58215;-22,77394;37,93619;149,0614;-20,52288;46,99532;-107,0494;-21,20646;45,3666;-12,67794;-17,39547;44,70732;-12,59094;-17,4576;44,41682;0;0;0;-45,76443;-53,71118;67,00867;-299,694;-109,4402;354,0475;-523,3027;-141,3627;600,825;-696,072;-160,0816;789,4201;-81,77666;0,945635;85,87667;-399,1074;252,8752;332,3835;-672,8745;256,7506;619,3956;-668,4766;74,40555;678,2534;-553,5563;69,37379;559,1515;-127,0927;72,70628;108,577;-466,428;362,9169;364,9064;-725,8842;161,8081;708,7085;-615,0367;17,06401;642,3931;-522,0374;141,9216;500,7285;-166,2078;141,6264;125,7328;-496,1167;443,619;368,0089;-730,8273;274,1122;674,6614;-615,4036;120,7423;606,5596;-521,018;244,4799;463,8294;-205,2104;206,6041;144,1475;-501,519;500,9321;353,6806;-641,6915;295,6226;573,1755;-536,6874;218,5058;489,4246;-486,9877;361,1357;387,2023;0;0;0;0,598133;-3,519773;0,306487;-0,297546;-6,925106;0,158787;-1,115799;-9,771108;-0,180244;-1,756668;-11,9319;-0,497818;0,276089;-3,073811;-0,492096;-0,499248;-7,739066;-4,925251;2,809524;-28,72181;-12,33101;43,59626;-39,98637;-36,99588;48,76327;-0,200987;-91,5985;-0,133038;-2,520919;-1,514196;-1,121521;-6,872177;-6,470203;0,306129;-3,997564;-8,145331;-1,919746;-3,041625;-6,863594;-2,017021;-4,60124;-6,428719;-0,495672;-2,060652;-2,435446;-1,610756;-5,702018;-7,455825;-1,696587;-3,437519;-9,106635;-2,217293;-2,320289;-7,550239;-2,005577;-3,858089;-7,061005;-0,852585;-1,592159;-3,333092;-2,019882;-4,182815;-8,073806;-2,577781;-1,978397;-8,84056;-2,208709;-1,11866;-7,309913;-1,962662;-2,810955;-7,30133;4,259524;5,608192;7,244188;9,7774;43,67085;-0,35167;3,094337;1,386351;-5,214663;32,74695;93,38924;84,6235;-1,451178;63,82733;103,5775;93,78991;-12,13312;65,25617;103,3226;93,87174;-13,368;83,17043;103,312;94,14545;1,007309;-0,681782;-0,003791;0,008469;0,619354;4,190369;3,517456;3,164978;0,548451;-0,006866;0,000458;-0,000458;0,116901;-0,010986;0;-0,000458;0;0;0;0;-10,58807;7,235527;-0,454903;1,016235;51,20658;166,1819;-738,446;-664,7552;62,41693;-0,810242;0,054932;0;26,31569;-2,526855;-0,027466;-0,054932;0;0;0;0
70;1120;00:00:01:160;0;0;0;4,284316;0,945953;2,501781;8,193478;-1,403155;1,147708;11,44141;-3,60804;0,024474;13,88819;-5,357307;-0,814962;3,734616;-0,015119;2,187948;9,025797;-4,162849;5,629944;13,23067;-6,967215;5,102071;13,2893;-6,116241;2,534622;11,49284;-4,933058;2,668828;3,014743;-1,246305;1,810433;7,878359;-6,032115;5,045968;12,15395;-7,736182;1,798238;10,48469;-5,990344;-0,072119;8,990915;-5,587606;1,908167;2,327504;-2,360069;1,525269;6,312691;-7,342392;4,25994;9,887232;-9,033076;1,22805;8,643632;-7,04022;-0,290681;7,235757;-6,583163;1,77746;1,677581;-3,443243;1,219093;4,402383;-8,29804;3,206935;6,706227;-8,816011;0,019045;5,474959;-7,297455;-0,535469;4,642012;-7,411467;1,61118;62,41713;-13,62;59,03298;-149,3146;70,6728;-178,8389;-146,2202;70,67282;-178,8389;-143,6689;70,50753;-177,6034;-143,6689;70,50758;-177,6033;62,03714;-13,62001;59,03298;96,22137;-16,55677;54,52014;-170,5286;-15,82233;54,59761;-86,28516;-16,04103;55,60248;-86,28946;-15,80911;55,61814;63,47996;-16,34989;53,45828;126,5395;-14,45117;57,79273;-129,5468;-15,93503;56,48822;-35,51779;-14,49681;55,58473;-35,47203;-14,62247;55,40268;65,35221;-19,14942;47,2148;130,4216;-20,21334;48,2886;-125,7143;-21,5497;46,7581;-31,17865;-18,10835;44,82706;-31,10262;-18,24828;44,58331;68,6122;-22,76491;37,92133;149,092;-20,51831;46,98132;-107,0188;-21,20106;45,35228;-12,64803;-17,38976;44,69514;-12,56105;-17,45174;44,40462;0;0;0;-45,79764;-53,81244;67,10371;-299,6862;-109,5102;354,2071;-523,2617;-141,4068;601,0302;-696,0066;-160,1065;789,6567;-81,80903;0,857111;85,93119;-399,2068;252,6497;332,3761;-673,0407;256,379;619,6978;-668,3098;73,7425;678,7996;-553,3078;68,40661;559,0698;-127,1243;72,63332;108,5793;-466,5261;362,7157;364,819;-725,9538;161,6778;708,6202;-615,0579;17,02566;642,3465;-522,0835;141,8263;500,6748;-166,2396;141,5658;125,6876;-496,2084;443,4504;367,8544;-730,884;274,0284;674,5009;-615,4265;120,7183;606,45;-521,0688;244,3922;463,7148;-205,2419;206,5564;144,0561;-501,5988;500,8065;353,4656;-641,7266;295,5955;572,977;-536,7082;218,5022;489,2592;-487,0406;361,063;387,0208;0;0;0;-1,992881;-6,075739;5,702376;0,467777;-4,200696;9,580134;2,460479;-2,645731;12,31384;3,922462;-1,488447;14,19353;-1,941919;-5,311439;3,270864;-5,965232;-13,52549;-0,440598;-9,973525;-22,29452;18,13316;10,01072;-39,78252;32,77301;14,90879;-58,0312;-4,900932;-1,896143;-4,377365;0,143051;-5,885124;-12,07495;-5,239963;-4,177093;-7,81846;-5,301475;-1,270294;-2,301335;-2,79808;-2,763748;-5,718469;-3,218651;-1,906156;-3,63779;-2,716541;-5,498886;-10,11085;-9,275435;-3,401756;-5,028247;-9,627341;-1,373291;-1,43981;-6,580353;-3,04985;-5,262851;-6,875038;-1,889705;-2,863884;-5,481719;-4,792213;-7,533072;-12,89892;-2,099991;-1,626492;-11,90758;-1,244545;-0,211716;-9,922027;-3,170013;-4,361629;-10,89191;4,24906;5,60819;7,244188;9,777403;43,67073;-0,35156;3,094337;1,386351;-5,216391;32,74704;93,272;84,51797;-1,450774;63,82732;103,5775;93,78992;-12,13312;65,25617;103,3226;93,87174;-13,368;83,17043;103,312;94,14545;-0,007324;0,00658;0;0;-0,103684;0,005493;-7,033996;-6,331787;0,024283;-0,000458;0;0,000916;0;0;0;0;0;0;0;0;-60,87799;41,30172;0,227451;-0,508118;-43,38226;-251,0925;-633,0871;-569,8058;-31,45008;0,384521;-0,027466;0,082397;-7,014083;0,65918;0;0,027466;0;0;0;0
71;1136;00:00:01:176;0;0;0;4,285271;0,944457;2,500711;8,194044;-1,405088;1,146281;11,44161;-3,610336;0,022692;13,88809;-5,359878;-0,817032;3,735281;-0,016425;2,186803;9,026675;-4,166092;5,626133;13,23057;-6,971519;5,096141;13,29326;-6,122755;2,528058;11,49804;-4,936895;2,655128;3,015044;-1,24737;1,809196;7,878681;-6,034978;5,042036;12,15312;-7,738806;1,792655;10,48344;-5,992446;-0,076845;8,990311;-5,589959;1,90398;2,327493;-2,360924;1,523961;6,31251;-7,344741;4,256155;9,885783;-9,03538;1,222746;8,642121;-7,041889;-0,295102;7,234971;-6,585071;1,773585;1,677258;-3,443889;1,21771;4,401688;-8,299738;3,203492;6,704454;-8,817366;0,014768;5,473322;-7,298422;-0,538986;4,641007;-7,412809;1,607889;62,44023;-13,62342;59,01597;-149,3537;70,67569;-178,8867;-146,2593;70,67566;-178,8866;-143,7075;70,5107;-177,6507;-143,7075;70,51067;-177,6507;62,06025;-13,62342;59,01597;96,24654;-16,56061;54,49631;-170,6207;-15,82625;54,57414;-86,48286;-16,0434;55,57938;-86,48695;-15,81142;55,5942;63,50361;-16,35111;53,44006;126,5611;-14,45124;57,78206;-129,525;-15,93462;56,47697;-35,49619;-14,49607;55,57403;-35,45041;-14,62167;55,39192;65,37621;-19,14815;47,19535;130,4458;-20,2125;48,2687;-125,6899;-21,54826;46,73759;-31,15485;-18,10614;44,80811;-31,07882;-18,24597;44,5643;68,63625;-22,76;37,90046;149,1163;-20,51696;46,96127;-106,9945;-21,19907;45,33192;-12,62433;-17,3875;44,67649;-12,53736;-17,44937;44,38596;0;0;0;-45,86416;-53,75523;67,19592;-299,675;-109,404;354,497;-523,1851;-141,2595;601,489;-695,8804;-159,928;790,2442;-81,86432;0,907112;86,02587;-399,3351;252,7765;332,6752;-673,1684;256,517;620,1509;-668,6664;73,81789;679,5605;-553,6906;67,90923;559,9942;-127,1658;72,67445;108,6768;-466,6334;362,8286;365,1211;-725,9531;161,749;709,0596;-615,0369;17,06034;642,7129;-522,1177;141,8897;500,9962;-166,2702;141,5997;125,7866;-496,2913;443,5446;368,1391;-730,8845;274,083;674,9048;-615,3953;120,7428;606,7885;-521,0915;244,4472;464,01;-205,2611;206,5829;144,1572;-501,6518;500,8762;353,7184;-641,6971;295,6187;573,2969;-536,6699;218,5118;489,5221;-487,0562;361,1063;387,2645;0;0;0;-3,991127;3,432512;5,532145;0,669479;6,372929;17,39502;4,594802;8,834838;27,5259;7,567405;10,70595;35,25066;-3,317714;3,000045;5,680918;-7,697581;7,603168;17,9472;-7,658957;8,275508;27,18544;-21,39759;4,523634;45,65334;-22,96829;-29,84225;55,46379;-2,494812;2,467632;5,84793;-6,434441;6,772041;18,12172;0,042915;4,273653;26,36719;1,255989;2,081394;21,9841;-2,057075;3,807306;19,28329;-1,835346;2,036333;5,943775;-4,972457;5,647659;17,08603;-0,031471;3,280163;24,23858;1,871109;1,46985;20,31326;-1,361847;3,30019;17,70973;-1,150131;1,590729;6,064653;-3,175735;4,182815;15,16485;1,765251;1,394749;19,1946;2,29454;0,573635;15,77282;-0,938415;2,599239;14,61983;4,236408;5,607596;7,244064;9,777699;43,65392;-0,340197;3,094337;1,386351;-5,222134;32,74735;93,15479;84,41247;-1,443743;63,82722;103,5775;93,78992;-12,13312;65,25617;103,3226;93,87174;-13,368;83,17043;103,312;94,14545;-1,008911;0,68181;0;0;-0,34461;0,018311;-7,033081;-6,329956;0,421872;-0,005722;0;0;0;0;0;0;0;0;0;0;-60,09521;40,5138;0;0;-14,4556;0,769043;0,054932;0,109863;23,85535;-0,315857;0;-0,054932;0;0;0;0;0;0;0;0
72;1152;00:00:01:192;0;0;0;4,288681;0,942564;2,495574;8,195112;-1,406338;1,133294;11,44071;-3,611053;0,003015;13,88573;-5,360198;-0,841808;3,738211;-0,018078;2,181777;9,033961;-4,17031;5,611293;13,23676;-6,975544;5,071659;13,3159;-6,137721;2,500439;11,52515;-4,942157;2,595425;3,017393;-1,248733;1,804333;7,885072;-6,038744;5,027517;12,15479;-7,741098;1,77117;10,48299;-5,993017;-0,094813;8,992596;-5,591663;1,888302;2,329391;-2,362059;1,519294;6,317766;-7,347899;4,242883;9,886683;-9,03697;1,203481;8,641315;-7,042198;-0,31128;7,237018;-6,586618;1,759617;1,678679;-3,444784;1,213209;4,405474;-8,302093;3,192162;6,703927;-8,817779;0,000013;5,472147;-7,298399;-0,551096;4,642706;-7,414137;1,596818;62,52788;-13,61588;58,99184;-149,475;70,58447;-179,0051;-146,3806;70,58447;-179,005;-143,8336;70,42033;-177,7735;-143,8336;70,42039;-177,7735;62,14788;-13,61588;58,99184;96,3603;-16,54971;54,45958;-171,0348;-15,81548;54,53892;-87,37189;-16,02564;55,54568;-87,37493;-15,79348;55,55675;63,59119;-16,33533;53,41193;126,6512;-14,44584;57,74735;-129,4344;-15,92723;56,43988;-35,40635;-14,48732;55,53933;-35,36056;-14,61264;55,35703;65,46284;-19,12333;47,16348;130,5358;-20,19164;48,22816;-125,5997;-21,52514;46,69503;-31,06747;-18,08023;44,77151;-30,99147;-18,21969;44,52752;68,71945;-22,72227;37,8648;149,2035;-20,49181;46,92722;-106,9076;-21,17161;45,29704;-12,53981;-17,35911;44,64777;-12,45296;-17,42056;44,35717;0;0;0;-45,92143;-53,66544;67,26011;-299,7358;-109,3321;354,5382;-523,2461;-141,2026;601,5141;-695,9407;-159,8824;790,2587;-81,9042;0,985488;86,09457;-399,3878;252,971;332,9039;-673,1946;256,6698;620,4361;-669,0212;73,2731;681,0422;-554,0079;65,286;560,814;-127,1839;72,73838;108,751;-466,6527;363,0004;365,357;-725,9318;161,9063;709,3937;-614,9603;17,18637;642,9976;-522,0745;142,0309;501,2492;-166,2695;141,651;125,8651;-496,2803;443,6855;368,3662;-730,8142;274,2208;675,2195;-615,3027;120,843;607,0549;-521,0391;244,5617;464,2454;-205,2418;206,6216;144,2402;-501,6101;500,9781;353,9249;-641,5907;295,7;573,5536;-536,5717;218,5698;489,7331;-486,996;361,1868;387,462;0;0;0;-3,43591;5,387663;3,851652;-3,649234;4,316568;2,467632;-3,659248;3,418922;1,51062;-3,613472;2,738714;0,86689;-2,39253;4,702582;4,122018;-3,162861;11,67297;13,71717;-1,576424;9,169578;17,11178;-21,28601;-32,6879;88,8977;-19,03724;-157,3945;49,18956;-1,084328;3,835916;4,450321;-1,158714;10,30826;14,15491;1,281738;9,437799;20,04432;4,597663;7,561146;17,08317;2,594948;8,466481;15,18059;0,037909;3,077745;4,707813;0,655174;8,457183;13,62562;4,220008;8,268355;18,87989;5,556106;6,009578;15,98167;3,147125;6,867886;14,12487;1,160145;2,326011;4,978895;2,497673;6,111145;12,39395;6,385803;4,876613;15,39802;5,890846;3,481865;12,66289;3,61061;4,830837;11,85036;4,190663;5,608014;7,244092;9,777474;43,66651;-0,348703;3,094337;1,386351;-5,230608;32,77124;92,62727;83,93769;-1,453604;63,82735;103,5774;93,78992;-12,13993;65,25681;103,3226;93,87174;-13,368;83,17043;103,312;94,14545;0,755539;-0,510378;0;0;-0,508404;1,433258;-31,65069;-28,48663;-0,591667;0,007782;-0,000458;-0,000458;-0,408325;0,038452;0;0;0;0;0;0;105,867;-71,53129;0;0;-9,827615;84,89684;-1477,057;-1329,401;-60,81232;0,810242;-0,027466;-0,027466;-24,49951;2,307129;0;0;0;0;0;0
73;1168;00:00:01:208;0;0;0;4,29137;0,942342;2,49103;8,196298;-1,406404;1,124176;11,44065;-3,610989;-0,009931;13,88474;-5,360037;-0,857645;3,740567;-0,018273;2,177734;9,040044;-4,170814;5,601113;13,24267;-6,975819;5,058919;13,31978;-6,138586;2,487443;11,52899;-4,943151;2,58352;3,019349;-1,248895;1,800948;7,890534;-6,039198;5,018394;12,15679;-7,74112;1,757294;10,48291;-5,99295;-0,10674;8,994645;-5,591816;1,878019;2,331045;-2,362196;1,516542;6,322388;-7,348284;4,235326;9,888077;-9,036982;1,191926;8,641006;-7,042123;-0,321321;7,238934;-6,586763;1,751132;1,680009;-3,444894;1,211053;4,408968;-8,302383;3,186578;6,703973;-8,817739;-0,008104;5,47159;-7,298313;-0,557732;4,644472;-7,414269;1,591066;62,58549;-13,58883;58,97861;-149,4957;70,52093;-179,0243;-146,4013;70,52094;-179,0242;-143,8582;70,35698;-177,7964;-143,8582;70,35696;-177,7964;62,2055;-13,58884;58,97862;96,38939;-16,51341;54,45618;-171,0058;-15,77922;54,53588;-87,34219;-15,98987;55,54236;-87,34524;-15,75771;55,55355;63,6465;-16,30296;53,39671;126,7079;-14,41672;57,73545;-129,3781;-15,89687;56,42665;-35,35085;-14,45611;55,52768;-35,30513;-14,58126;55,34528;65,51497;-19,08538;47,14674;130,5884;-20,15397;48,21189;-125,5477;-21,48617;46,67786;-31,01801;-18,03965;44,75808;-30,94216;-18,17892;44,514;68,7655;-22,67686;37,84736;149,2559;-20,45365;46,90923;-106,8562;-21,13206;45,27881;-12,49;-17,31903;44,63326;-12,40335;-17,38025;44,34266;0;0;0;-46,12601;-53,55191;67,56833;-299,8029;-109,262;355,3123;-523,1981;-141,1687;602,6854;-695,8061;-159,8755;791,7327;-82,08002;1,084708;86,39613;-399,825;253,2241;333,7943;-673,5145;257,0169;621,9775;-670,3519;74,23804;682,8244;-555,6291;65,62231;564,4937;-127,3248;72,82017;109,0428;-467,0361;363,2263;366,2281;-726,0258;162,0439;710,683;-614,9333;17,22063;644,0754;-522,2131;142,1331;502,1895;-166,3834;141,7191;126,1451;-496,5958;443,875;369,1625;-730,8639;274,3163;676,3764;-615,2548;120,8615;608,0252;-521,1633;244,6545;465,0828;-205,327;206,6753;144,5102;-501,8372;501,1194;354,6047;-641,5591;295,7248;574,4388;-536,5011;218,5685;490,4597;-487,0979;361,2665;388,1262;0;0;0;-12,27522;6,812096;18,49294;-4,026889;4,202127;46,44727;2,883911;2,029896;70,28102;8,076667;0,411272;88,44566;-10,54931;5,953163;18,09347;-26,23129;15,18488;53,42674;-19,18888;20,82968;92,48256;-79,8397;57,89673;106,9365;-97,26905;20,17951;220,7766;-8,454322;4,907369;17,5066;-23,00548;13,55839;52,26946;-5,641937;8,255481;77,36205;1,616478;2,055913;64,67056;-8,316993;6,134748;56,41365;-6,833553;4,084825;16,80064;-18,92566;11,36684;47,77908;-2,981186;5,729198;69,41127;2,875328;1,108646;58,22181;-7,452964;5,570411;50,24242;-5,115509;3,221512;16,20412;-13,62705;8,47721;40,78817;1,896858;1,486301;53,11775;4,237175;-0,08297;43,5934;-6,114006;4,782199;39,85548;4,191055;5,60808;7,244119;9,77745;43,66793;-0,349692;3,0944;1,38621;-5,217968;32,74713;92,62727;83,9377;-1,451448;63,82732;103,5775;93,78992;-12,13815;65,25664;103,3227;93,87175;-13,368;83,17043;103,312;94,14545;0,085373;-0,059338;0,003791;-0,008469;0,758371;-1,446304;0;0,000458;0,12934;-0,00206;0,000458;0;0,106201;-0,010529;0,000458;0,000458;0;0;0;0;-40,20996;27,06241;0,227451;-0,508118;76,0065;-172,7737;1899,042;1709,225;43,26038;-0,590515;0,054932;0,027466;30,87158;-2,938842;0,027466;0,027466;0;0;0;0
74;1184;00:00:01:224;0;0;0;4,292871;0,941299;2,488837;8,196781;-1,408052;1,120116;11,44025;-3,613139;-0,015564;13,88364;-5,362566;-0,86447;3,741721;-0,019183;2,175743;9,042235;-4,173045;5,595914;13,24422;-6,97854;5,051314;13,32006;-6,141163;2,479848;11,52948;-4,94551;2,576949;3,02007;-1,249633;1,799225;7,892063;-6,041158;5,013631;12,15628;-7,743556;1,750108;10,48172;-5,994916;-0,112878;8,994584;-5,593692;1,872709;2,331406;-2,362778;1,51508;6,323255;-7,349874;4,231273;9,887021;-9,038941;1,185828;8,639504;-7,043724;-0,326578;7,238616;-6,588296;1,74666;1,680004;-3,445325;1,209836;4,409097;-8,303514;3,183452;6,702306;-8,819003;-0,012498;5,469916;-7,299292;-0,561328;4,643919;-7,415295;1,587899;62,6152;-13,57775;58,96084;-149,5117;70,4966;-179,05;-146,4173;70,4966;-179,05;-143,8757;70,3328;-177,8234;-143,8756;70,33279;-177,8234;62,23521;-13,57776;58,96085;96,41737;-16,49848;54,44107;-170,9779;-15,76432;54,52114;-87,31398;-15,97545;55,52744;-87,31708;-15,7433;55,53876;63,67534;-16,28913;53,37782;126,7373;-14,4048;57,71779;-129,3487;-15,8843;56,40828;-35,3219;-14,44309;55,51013;-35,27622;-14,56816;55,32769;65,54248;-19,06861;47,12696;130,6162;-20,13748;48,19205;-125,5201;-21,46899;46,6575;-30,99167;-18,02161;44,73964;-30,91587;-18,16078;44,49552;68,79035;-22,65612;37,82699;149,2836;-20,43676;46,88876;-106,8289;-21,11446;45,25819;-12,46358;-17,30113;44,61459;-12,37701;-17,36223;44,32401;0;0;0;-46,28739;-53,53856;67,84094;-299,8633;-109,2404;355,8773;-523,1746;-141,1401;603,495;-695,72;-159,8416;792,7271;-82,22137;1,096398;86,63871;-400,19;253,2543;334,4051;-673,8498;257,0336;622,7435;-670,5713;74,29008;683,6055;-555,855;65,68198;565,2086;-127,4421;72,82986;109,2459;-467,3638;363,2536;366,7755;-726,1446;162,0452;711,5156;-614,9286;17,21665;644,791;-522,3364;142,1423;502,8063;-166,4827;141,7273;126,3102;-496,8731;443,8981;369,616;-730,946;274,3171;677,0701;-615,2365;120,857;608,6277;-521,2787;244,6632;465,5916;-205,4068;206,682;144,6396;-502,0469;501,1368;354,9398;-641,5618;295,7224;574,9259;-536,4678;218,5633;490,8578;-487,2038;361,2744;388,4714;0;0;0;-9,682774;0,800729;16,35682;-3,619194;1,298189;33,8974;1,404762;1,716614;48,57158;5,167007;2,038479;59,6609;-8,481144;0,701398;14,55509;-21,89684;1,815319;36,64684;-20,12157;0,999927;45,96233;-13,16643;3,122091;46,86355;-13,55553;3,579497;42,89817;-7,039547;0,581145;12,18724;-19,66381;1,633644;32,84311;-7,129669;0,079393;49,95346;0,28038;-0,238717;42,92965;-7,398604;0,550747;37,01019;-5,954504;0,494242;9,907722;-16,63971;1,387596;27,2069;-4,929542;0,047207;41,62216;1,098633;-0,268221;36,14902;-6,923676;0,522137;30,52997;-4,786491;0,399113;7,759809;-12,57992;1,047134;20,10441;-0,165939;-0,14019;29,22248;2,002716;-0,30899;23,88954;-6,354332;0,47493;20,70808;4,190393;5,607895;7,244089;9,777542;43,66288;-0,346248;3,094337;1,38621;-5,213836;32,74692;92,62727;83,9377;-1,450909;63,82732;103,5775;93,78992;-12,13755;65,25658;103,3226;93,87175;-13,368;83,17043;103,312;94,14545;-0,303268;0,206652;-0,003791;0;0,247936;-0,012589;-0,000458;0;0,032358;0;0;0;0,036106;-0,003204;-0,000458;0;0;0;0;0;-23,31848;15,95936;-0,454903;0,508118;-30,6261;86,02293;-0,027466;-0,027466;-5,818891;0,123596;-0,027466;0;-4,205703;0,439453;-0,054932;-0,027466;0;0;0;0
75;1200;00:00:01:240;0;0;0;4,296255;0,939405;2,483708;8,196598;-1,411028;1,106701;11,43701;-3,617015;-0,035922;13,87809;-5,367121;-0,890081;3,744396;-0,020834;2,171121;9,047728;-4,177096;5,584;13,24745;-6,984802;5,033383;13,38934;-6,191824;2,450664;11,61703;-4,965588;2,429485;3,021867;-1,250974;1,795272;7,89621;-6,044717;5,002799;12,15583;-7,747943;1,733714;10,47955;-5,99842;-0,126892;8,995001;-5,597057;1,860598;2,332478;-2,363836;1,511776;6,325997;-7,352764;4,222142;9,885298;-9,04263;1,171923;8,636748;-7,046556;-0,338496;7,238607;-6,591012;1,736572;1,680336;-3,446109;1,20714;4,410227;-8,305573;3,176512;6,699318;-8,821254;-0,022358;5,466763;-7,30103;-0,569392;4,64338;-7,417142;1,580831;62,68299;-13,55015;58,92567;-149,5575;70,3833;-179,1138;-146,4631;70,38332;-179,1137;-143,9283;70,21983;-177,8936;-143,9282;70,21986;-177,8935;62,303;-13,55015;58,92567;96,48763;-16,47147;54,38874;-172,6661;-15,73743;54,46973;-90,58549;-15,91995;55,48185;-90,58482;-15,68754;55,47939;63,74086;-16,25524;53,34019;126,8046;-14,37561;57,68215;-129,2816;-15,85363;56,37103;-35,25579;-14,41142;55,47475;-35,21018;-14,53628;55,29218;65,60472;-19,02807;47,08737;130,6815;-20,09988;48,14576;-125,4555;-21,42975;46,60999;-30,92975;-17,9804;44,69666;-30,85409;-18,11931;44,45245;68,84616;-22,6066;37,78624;149,3462;-20,39599;46,84764;-106,7673;-21,07201;45,21674;-12,40388;-17,25806;44,57759;-12,31752;-17,31886;44,28701;0;0;0;-46,37747;-53,47598;67,97252;-299,9687;-109,2669;355,994;-523,2903;-141,2412;603,6002;-695,8427;-159,999;792,8239;-82,29061;1,15098;86,75816;-400,3215;253,3882;334,717;-674,0115;257,1962;623,1936;-670,9808;71,62984;688,1517;-555,9404;56,3256;566,2224;-127,4855;72,87417;109,3493;-467,4556;363,3711;367,0613;-726,1127;162,1913;711,9468;-614,8574;17,33462;645,1591;-522,3331;142,2549;503,1248;-166,5043;141,7622;126,3979;-496,9251;443,9935;369,8591;-730,8954;274,4344;677,4332;-615,1448;120,953;608,944;-521,2556;244,7552;465,8623;-205,4065;206,7078;144,7126;-502,0547;501,2047;355,1273;-641,4619;295,7982;575,1895;-536,3674;218,622;491,0736;-487,1707;361,3359;388,6613;0;0;0;-5,404651;3,755092;7,894634;-6,322861;-1,590729;7,006645;-6,940842;-6,063222;6,311417;-7,364272;-9,449243;5,805015;-4,154562;3,274977;7,167219;-7,8907;8,03089;18,71538;-9,701728;9,754657;27,0052;-24,57046;-159,6143;272,7728;-5,121231;-561,3824;60,82248;-2,599239;2,658963;6,202697;-5,504608;7,053852;17,14611;1,916885;8,768319;25,86937;4,28009;7,07835;22,08996;0,203133;6,75559;19,11163;-1,298904;2,094984;5,262851;-3,118515;5,724906;14,58835;3,038406;7,036686;21,78669;5,496025;5,761384;18,97716;1,387596;5,520343;16,23916;0,020027;1,550674;4,383087;-0,463486;4,071235;11,25097;5,999565;4,549026;15,81859;6,022453;3,52478;12,94613;1,98555;3,690719;11,39974;4,036479;5,609249;7,244305;9,776905;43,69875;-0,370603;3,094337;1,386492;-5,228659;32,74767;90,86888;82,35506;-1,450504;63,82731;103,5775;93,78993;-12,14277;65,25709;103,3226;93,87175;-13,368;83,17043;103,312;94,14545;2,152405;-1,461325;0;0,016944;-0,889406;0,044632;-105,5031;-94,95849;0,024283;-0,000458;0;0,000916;-0,312824;0,030212;0;0;0;0;0;0;147,3404;-100,0786;0,227451;1,016665;-68,24054;3,433227;-6330,157;-5697,509;-0,484514;-0,027466;0;0,054932;-20,93582;2,005005;0,027466;0;0;0;0;0
76;1216;00:00:01:256;0;0;0;4,296255;0,939405;2,483708;8,196819;-1,411024;1,107319;11,43741;-3,617008;-0,034787;13,87863;-5,367112;-0,888555;3,744396;-0,020834;2,171121;9,047728;-4,177096;5,584;13,24755;-6,984669;5,033432;13,4163;-6,209613;2,44689;11,65242;-4,972997;2,378349;3,021867;-1,250974;1,795272;7,89621;-6,044717;5,002799;12,15584;-7,747939;1,733717;10,47955;-5,998421;-0,126892;8,995;-5,597059;1,860598;2,332478;-2,363836;1,511776;6,325997;-7,352764;4,222142;9,885312;-9,042615;1,17193;8,636745;-7,046557;-0,338498;7,238601;-6,591014;1,736568;1,680336;-3,446109;1,20714;4,410227;-8,305573;3,176512;6,699318;-8,821254;-0,022358;5,466763;-7,30103;-0,569392;4,64338;-7,417142;1,580831;62,68299;-13,55015;58,92567;-149,5551;70,39204;-179,1113;-146,4608;70,39198;-179,1113;-143,9254;70,22852;-177,8906;-143,9254;70,22852;-177,8906;62,303;-13,55015;58,92567;96,48704;-16,47062;54,39088;-173,3553;-15,73657;54,47186;-91,89497;-15,90736;55,48615;-91,89281;-15,67507;55,47818;63,74086;-16,25524;53,34019;126,8046;-14,37556;57,68226;-129,2817;-15,85358;56,37114;-35,25583;-14,41137;55,47485;-35,21021;-14,53623;55,29228;65,60472;-19,02807;47,08737;130,6813;-20,09968;48,14632;-125,4557;-21,42957;46,61055;-30,92995;-17,98021;44,69722;-30,85429;-18,11913;44,453;68,84616;-22,6066;37,78624;149,3462;-20,39599;46,84764;-106,7673;-21,07201;45,21674;-12,40388;-17,25806;44,57759;-12,31752;-17,31886;44,28701;0;0;0;-46,58049;-53,36236;68,28027;-299,9421;-109,0629;356,8246;-523,0677;-140,9619;604,869;-695,4712;-159,6629;794,4241;-82,4511;1,250066;87,03549;-400,651;253,6313;335,4319;-674,1952;257,572;624,2704;-675,2677;73,60187;691,5306;-561,2167;53,79136;575,444;-127,5933;72,95461;109,5865;-467,7044;363,5847;367,7112;-726,0854;162,4546;712,9305;-614,7274;17,5448;646,0001;-522,3582;142,4567;503,8515;-166,5686;141,8257;126,5962;-497,0897;444,1669;370,407;-730,7907;274,6557;678,2677;-614,9796;121,123;609,6589;-521,2555;244,9182;466,4673;-205,4264;206,7548;144,8743;-502,1224;501,3282;355,5438;-641,2825;295,9333;575,7811;-536,1782;218,7263;491,5575;-487,1384;361,4468;389,0854;0;0;0;-12,18116;6,816745;18,46504;1,590729;12,24089;49,83759;13,35812;16,75629;76,12609;22,29023;20,1652;96,01306;-9,629129;5,945116;16,63935;-19,76967;14,58549;42,89102;-11,02066;22,55058;64,60761;-257,2145;118,3215;202,7321;-316,5836;-152,0544;553,3018;-6,468058;4,826188;14,23216;-14,92882;12,81309;38,99574;1,630783;15,79356;59,0229;7,799148;12,61041;50,45986;-1,507759;12,11285;43,59912;-3,860235;3,808021;11,89399;-9,87625;10,40268;32,87315;6,282806;13,27944;50,07076;9,913444;10,19812;42,89531;0,002861;9,776114;36,30066;-1,197338;2,819538;9,702443;-4,068374;7,410048;24,98531;10,76031;8,100986;35,49671;11,34968;6,254196;29,0308;1,942634;6,651878;25,44594;3,972912;5,608974;7,244256;9,777035;43,69145;-0,365639;3,0944;1,386351;-5,22641;32,74756;90,18017;81,73521;-1,450369;63,82731;103,5775;93,78993;-12,1422;65,25703;103,3226;93,87175;-13,368;83,17043;103,312;94,14545;-0,437851;0,297861;0,003791;-0,008476;0,134955;-0,006409;-41,32278;-37,19101;0,008097;0;0;0;0,034103;-0,003204;0;0;0;0;0;0;-155,4153;105,5511;0,227451;-1,525211;61,46163;-3,062438;3850,817;3466,049;-0,971174;0,027466;0;-0,054932;20,81565;-2,005005;0;0;0;0;0;0
77;1232;00:00:01:272;0;0;0;4,298534;0,939898;2,479575;8,197442;-1,409765;1,097196;11,4367;-3,615112;-0,049919;13,87693;-5,364735;-0,907473;3,746529;-0,020406;2,167443;9,053903;-4,176091;5,574735;13,2536;-6,982979;5,019763;13,42084;-6,208402;2,43298;11,65709;-4,971612;2,364281;3,023837;-1,250632;1,79219;7,902128;-6,043851;4,994494;12,15873;-7,746211;1,721032;10,48043;-5,996652;-0,13772;8,997789;-5,595693;1,851273;2,334357;-2,363583;1,509271;6,331368;-7,35209;4,21526;9,887845;-9,041207;1,161333;8,637608;-7,045068;-0,347606;7,24146;-6,589928;1,728891;1,682096;-3,445937;1,205176;4,414732;-8,305123;3,171424;6,700768;-8,82013;-0,02974;5,467422;-7,300063;-0,575425;4,646169;-7,416509;1,575595;62,73531;-13,52559;58,92301;-149,5805;70,30849;-179,1265;-146,4861;70,30845;-179,1265;-143,9558;70,14517;-177,9105;-143,9558;70,14522;-177,9105;62,35532;-13,52558;58,92301;96,53821;-16,44257;54,38494;-173,3336;-15,70858;54,46661;-91,89909;-15,87974;55,48069;-91,89696;-15,64745;55,47271;63,7911;-16,22584;53,33572;126,8574;-14,3514;57,67542;-129,229;-15,82826;56,36304;-35,20401;-14,38525;55,46823;-35,15845;-14,50995;55,28556;65,65205;-18,9936;47,08155;130,7312;-20,06774;48,1345;-125,4062;-21,39638;46,59782;-30,88272;-17,94551;44,68798;-30,80718;-18,08424;44,4437;68,88795;-22,56535;37,77977;149,3938;-20,36132;46,84067;-106,7206;-21,03609;45,20955;-12,35865;-17,22166;44,57378;-12,27248;-17,28225;44,28319;0;0;0;-46,58049;-53,36236;68,28027;-300,0043;-109,1433;356,7064;-523,1816;-141,1094;604,6518;-695,6242;-159,8613;794,1322;-82,4511;1,250066;87,03549;-400,651;253,6313;335,4319;-674,2063;257,5639;624,267;-676,8948;74,62415;691,8262;-563,3427;54,0766;578,5295;-127,5933;72,95461;109,5865;-467,7044;363,5847;367,7112;-726,0966;162,4543;712,93;-614,7269;17,54489;646,0005;-522,3555;142,4568;503,8522;-166,5686;141,8257;126,5962;-497,0897;444,1669;370,407;-730,8033;274,6545;678,2648;-614,978;121,1231;609,6598;-521,2514;244,9184;466,4696;-205,4264;206,7548;144,8743;-502,1224;501,3282;355,5438;-641,2825;295,9333;575,7811;-536,1782;218,7263;491,5575;-487,1384;361,4468;389,0854;0;0;0;0;0;0;-3,727912;-4,823684;-7,096767;-6,837845;-8,852719;-13,0291;-9,181022;-11,90257;-17,50946;0;0;0;0;0;0;-0,666618;-0,486374;-0,205994;-97,62382;61,33675;17,73548;-127,5558;17,11392;185,1311;0;0;0;0;0;0;-0,669479;-0,014305;-0,031471;0,02861;0,005364;0,022888;0,163078;0,003576;0,042915;0;0;0;0;0;0;-0,758171;-0,072956;-0,174522;0,097275;0,005007;0,054359;0,246048;0,011444;0,137329;0;0;0;0;0;0;0;0;0;0;0;0;0;0;0;3,973242;5,609819;7,24438;9,776627;43,71441;-0,38121;3,094337;1,386351;-5,227572;32,74762;90,15087;81,70882;-1,454142;63,82735;103,5775;93,78993;-12,14705;65,25751;103,3226;93,87177;-13,368;83,17043;103,312;94,14545;1,377182;-0,934296;-0,003791;0;-0,069723;0,003433;-1,757812;-1,583404;-0,226386;0,002518;0;0;-0,291195;0,028381;0;0,000916;0;0;0;0;108,902;-73,9294;-0,454903;0,508547;-12,28065;0,590515;2373,898;2136,456;-14,06894;0,151062;0;0;-19,5179;1,895141;0;0,054932;0;0;0;0
78;1248;00:00:01:288;0;0;0;4,298534;0,939898;2,479575;8,197442;-1,409765;1,097196;11,4367;-3,615112;-0,049919;13,87693;-5,364735;-0,907473;3,746529;-0,020406;2,167443;9,053903;-4,176091;5,574735;13,2536;-6,982979;5,019763;13,42084;-6,208402;2,43298;11,65709;-4,971612;2,364281;3,023837;-1,250632;1,79219;7,902128;-6,043851;4,994494;12,15873;-7,746211;1,721032;10,48043;-5,996652;-0,13772;8,997789;-5,595693;1,851273;2,334357;-2,363583;1,509271;6,331368;-7,35209;4,21526;9,887845;-9,041207;1,161333;8,637608;-7,045068;-0,347606;7,24146;-6,589928;1,728891;1,682096;-3,445937;1,205176;4,414732;-8,305123;3,171424;6,700768;-8,82013;-0,02974;5,467422;-7,300063;-0,575425;4,646169;-7,416509;1,575595;62,73531;-13,52559;58,92301;-149,5805;70,30849;-179,1265;-146,4861;70,30845;-179,1265;-143,9558;70,14517;-177,9105;-143,9558;70,14522;-177,9105;62,35532;-13,52558;58,92301;96,53821;-16,44257;54,38494;-173,3336;-15,70858;54,46661;-91,89909;-15,87974;55,48069;-91,89696;-15,64745;55,47271;63,7911;-16,22584;53,33572;126,8574;-14,3514;57,67542;-129,229;-15,82826;56,36304;-35,20401;-14,38525;55,46823;-35,15845;-14,50995;55,28556;65,65205;-18,9936;47,08155;130,7312;-20,06774;48,1345;-125,4062;-21,39638;46,59782;-30,88272;-17,94551;44,68798;-30,80718;-18,08424;44,4437;68,88795;-22,56535;37,77977;149,3938;-20,36132;46,84067;-106,7206;-21,03609;45,20955;-12,35865;-17,22166;44,57378;-12,27248;-17,28225;44,28319;0;0;0;-46,71724;-53,39192;68,52824;-300,0416;-109,2188;357,3138;-523,1388;-141,2233;605,5597;-695,5223;-160,0039;795,2673;-82,57909;1,224339;87,25619;-401,0215;253,5709;335,9878;-674,5694;257,4626;625,0871;-677,1673;74,55151;692,6608;-563,6229;53,99353;579,3737;-127,7115;72,93407;109,7713;-468,0595;363,5327;368,2095;-726,2704;162,3506;713,6911;-614,7798;17,43874;646,6502;-522,5228;142,3749;504,4117;-166,6814;141,8105;126,7465;-497,4119;444,1265;370,8199;-730,9554;274,57;678,9006;-615,0297;121,0337;610,2063;-521,4229;244,8532;466,9302;-205,532;206,7446;144,9922;-502,3927;501,3012;355,8491;-641,3695;295,8658;576,2241;-536,2177;218,6683;491,9194;-487,3057;361,4088;389,3996;0;0;0;-8,204877;-1,773477;14,87875;-2,241611;-4,53329;36,44228;2,569198;-6,829262;54,47388;6,114006;-8,555888;68,10664;-7,679342;-1,543611;13,24189;-22,23015;-3,620624;33,35523;-21,78669;-6,082534;49,20673;-16,35074;-4,35841;50,07648;-16,81137;-4,983544;50,64583;-7,093191;-1,232028;11,09362;-21,30604;-3,117084;29,89626;-10,42843;-6,222724;45,66764;-3,178596;-6,368905;38,98429;-10,04219;-4,916667;33,5741;-6,762028;-0,909805;9,020804;-19,33193;-2,426147;24,77503;-9,12094;-5,066871;38,14888;-3,10421;-5,361557;32,79018;-10,2911;-3,911018;27,63748;-6,337166;-0,61655;7,072449;-16,21628;-1,616478;18,3177;-5,221366;-4,045486;26,57318;-2,371788;-3,480434;21,71802;-10,04219;-2,280235;18,84842;3,973242;5,609819;7,24438;9,776627;43,71441;-0,38121;3,094337;1,386351;-5,227572;32,74762;90,15087;81,70882;-1,454142;63,82735;103,5775;93,78993;-12,14705;65,25751;103,3226;93,87177;-13,368;83,17043;103,312;94,14545;0;0;0;0;0;0;0;0;0;0;0;0;0;0;0;0;0;0;0;0;-82,63091;56,05773;0,227451;0;4,183388;-0,205994;105,4687;95,00426;13,58313;-0,151062;0;0;17,47169;-1,702881;0;-0,054932;0;0;0;0
79;1264;00:00:01:304;0;0;0;4,299558;0,939658;2,47789;8,198311;-1,409358;1,093978;11,43747;-3,614168;-0,054468;13,87763;-5,36339;-0,913043;3,747492;-0,020617;2,165775;9,056713;-4,176681;5,569727;13,25634;-6,983169;5,012203;13,42239;-6,207944;2,425535;11,65852;-4,971249;2,357924;3,024733;-1,250812;1,790552;7,90483;-6,044396;4,989555;12,16004;-7,745774;1,71376;10,48087;-5,99577;-0,143787;8,999089;-5,595378;1,845968;2,335217;-2,363752;1,507675;6,33383;-7,352578;4,210708;9,889009;-9,040773;1,15476;8,638035;-7,044282;-0,353101;7,242793;-6,589733;1,724135;1,682908;-3,446087;1,203613;4,416809;-8,305518;3,167497;6,701465;-8,819583;-0,034802;5,467755;-7,299485;-0,579579;4,647466;-7,416508;1,571777;62,76492;-13,52409;58,92072;-149,6191;70,29388;-179,1579;-146,5247;70,29379;-179,1579;-143,995;70,13081;-177,9424;-143,995;70,13087;-177,9424;62,38493;-13,52409;58,92071;96,56831;-16,43923;54,38002;-173,3036;-15,70529;54,46208;-91,86901;-15,87697;55,47605;-91,8669;-15,64467;55,4682;63,82078;-16,22155;53,33205;126,8879;-14,35063;57,66947;-129,1984;-15,8268;56,35629;-35,17358;-14,38334;55,46227;-35,12801;-14,50795;55,27954;65,6815;-18,98622;47,07657;130,7621;-20,06195;48,12587;-125,3753;-21,38981;46,5885;-30,85273;-17,93798;44,6807;-30,77719;-18,07659;44,43636;68,91644;-22,55357;37,77346;149,4235;-20,35383;46,83496;-106,691;-21,02781;45,20356;-12,32985;-17,21307;44,56987;-12,24371;-17,27352;44,27927;0;0;0;-46,71724;-53,39192;68,52824;-300,0227;-109,1879;357,3452;-523,1041;-141,1664;605,6173;-695,4756;-159,9275;795,3448;-82,57909;1,224339;87,25619;-401,0215;253,5709;335,9878;-674,5748;257,4625;625,0867;-677,171;74,55151;692,6604;-563,6242;53,99353;579,3735;-127,7115;72,93407;109,7713;-468,0595;363,5327;368,2095;-726,2803;162,3506;713,6909;-614,7794;17,43874;646,6506;-522,5204;142,3748;504,4124;-166,6814;141,8105;126,7465;-497,4119;444,1265;370,8199;-730,9628;274,5699;678,899;-615,0289;121,0337;610,2068;-521,4206;244,8532;466,9315;-205,532;206,7446;144,9922;-502,3927;501,3012;355,8491;-641,3695;295,8658;576,2241;-536,2177;218,6683;491,9194;-487,3057;361,4088;389,3996;0;0;0;0;0;0;1,135826;1,859665;1,883983;2,082824;3,414631;3,456116;2,800941;4,586219;4,649162;0;0;0;0;0;0;-0,320435;-0,002861;-0,025749;-0,226021;0;-0,020027;-0,080109;0;-0,011444;0;0;0;0;0;0;-0,595093;-0,001431;-0,011444;0,031471;0;0,020027;0,143051;-0,000715;0,037193;0;0;0;0;0;0;-0,443459;-0,011444;-0,094414;0,051498;-0,001431;0,031471;0,137329;0;0,080109;0;0;0;0;0;0;0;0;0;0;0;0;0;0;0;3,972084;5,609468;7,244287;9,776787;43,70553;-0,375162;3,094337;1,386351;-5,228734;32,74768;90,15088;81,70881;-1,457502;63,8274;103,5774;93,78992;-12,15007;65,25779;103,3227;93,87175;-13,368;83,17043;103,312;94,14545;-0,532608;0,362892;0;0;-0,069723;0,003662;0,000458;-0,000458;-0,201623;0,002518;-0,000458;-0,000458;-0,181103;0,016937;0,000458;-0,000916;0;0;0;0;-31,95648;21,77353;0;0;-4,183388;0,219727;0,027466;-0,027466;-12,0974;0,151062;-0,027466;-0,027466;-10,86616;1,016235;0,027466;-0,054932;0;0;0;0
80;1280;00:00:01:320;0;0;0;4,299873;0,939845;2,477272;8,198355;-1,408705;1,091805;11,43731;-3,613126;-0,05796;13,87733;-5,362057;-0,917533;3,747844;-0,020454;2,165167;9,057995;-4,176315;5,567915;13,25871;-6,981084;5,009945;13,424;-6,206024;2,423181;11,65961;-4,970078;2,355752;3,025137;-1,250684;1,789959;7,906189;-6,044088;4,987775;12,16112;-7,744643;1,7112;10,48138;-5,994805;-0,145985;8,999864;-5,594741;1,844032;2,335676;-2,363663;1,507101;6,335183;-7,352348;4,209074;9,890154;-9,039816;1,152483;8,638597;-7,043477;-0,355094;7,243613;-6,589249;1,722385;1,683418;-3,446033;1,203056;4,418078;-8,305378;3,166094;6,702264;-8,818968;-0,036617;5,468328;-7,298937;-0,581069;4,648397;-7,416214;1,57041;62,7756;-13,52336;58,92344;-149,6363;70,27441;-179,1691;-146,5419;70,27441;-179,1691;-144,0132;70,11147;-177,9547;-144,0132;70,1115;-177,9546;62,39561;-13,52336;58,92344;96,57326;-16,42951;54,40275;-173,2987;-15,69556;54,48487;-91,86392;-15,86731;55,49878;-91,86181;-15,63502;55,49095;63,83148;-16,21982;53,33429;126,8977;-14,34806;57,6759;-129,1886;-15,82402;56,36246;-35,16394;-14,38041;55,46872;-35,11836;-14,505;55,28595;65,69211;-18,98338;47,07835;130,771;-20,05749;48,13253;-125,3663;-21,38513;46,59499;-30,84414;-17,93303;44,68778;-30,76863;-18,07159;44,44344;68,92665;-22,54915;37,77478;149,4341;-20,35095;46,83647;-106,6804;-21,02465;45,20497;-12,3195;-17,2098;44,57203;-12,23338;-17,27019;44,28143;0;0;0;-46,77869;-53,37751;68,62936;-300,0931;-109,2423;357,5079;-523,1835;-141,2781;605,8344;-695,5624;-160,0823;795,6039;-82,63687;1,23699;87,35625;-401,1901;253,6063;336,2882;-674,6404;257,475;625,5492;-677,1945;74,5247;693,1141;-563,6859;53,97192;579,7589;-127,7652;72,94489;109,8696;-468,2216;363,5654;368,5058;-726,3466;162,3244;714,1275;-614,8058;17,38581;647,0141;-522,6013;142,356;504,7298;-166,7329;141,8207;126,8423;-497,5596;444,1557;371,093;-731,02;274,5441;679,2961;-615,056;120,9865;610,5357;-521,5045;244,8414;467,2146;-205,5808;206,7535;145,086;-502,5173;501,3249;356,0847;-641,4114;295,833;576,5277;-536,2377;218,6336;492,1687;-487,3835;361,4087;389,6287;0;0;0;-3,686785;0,864387;6,066441;-4,22573;-3,265858;9,76324;-4,766464;-6,706953;13,02338;-5,209922;-9,28688;15,5468;-3,466845;0,759065;6,004214;-10,11658;2,122879;18,02587;-3,942489;0,748157;27,75192;-1,407623;-1,607895;27,22263;-3,702163;-1,296759;23,12279;-3,224373;0,649095;5,896568;-9,724616;1,962662;17,77983;-3,971099;-1,572132;26,19553;-1,587868;-3,175735;21,81244;-4,849433;-1,13225;19,04583;-3,095627;0,609398;5,744934;-8,863448;1,756668;16,38651;-3,436089;-1,546383;23,82088;-1,627922;-2,828121;19,73247;-5,032539;-0,703812;16,98589;-2,923965;0,539303;5,626201;-7,475852;1,419067;14,13631;-2,509117;-1,968384;18,22185;-1,198768;-2,078533;14,95743;-4,666328;-0,005722;13,74578;3,973201;5,609815;7,2444;9,776633;43,71414;-0,381065;3,094337;1,386492;-5,207443;32,74659;90,15087;81,70882;-1,453469;63,82735;103,5775;93,78992;-12,14494;65,25731;103,3226;93,87174;-13,368;83,17043;103,312;94,14545;0,516586;-0,354166;0;0,008476;1,277447;-0,06546;-0,000458;0,000916;0,242014;-0,002975;0,000458;0;0,307732;-0,028839;-0,000458;-0,000458;0;0;0;0;62,95166;-43,02348;0;0,508547;80,83018;-4,147339;-0,054932;0,082397;26,61824;-0,32959;0,054932;0,027466;29,33006;-2,746582;-0,054932;0,027466;0;0;0;0
81;1296;00:00:01:336;0;0;0;4,300268;0,938614;2,477054;8,198366;-1,410062;1,090723;11,43697;-3,61459;-0,059826;13,87671;-5,363602;-0,920016;3,74808;-0,021529;2,164748;9,058068;-4,179004;5,565779;13,25846;-6,984022;5,006635;13,42354;-6,208322;2,420048;11,65925;-4,972194;2,353126;3,025172;-1,251563;1,789285;7,905957;-6,04647;4,985258;12,16033;-7,746643;1,707762;10,48058;-5,996122;-0,148775;8,999335;-5,596416;1,841512;2,335536;-2,364376;1,506199;6,334695;-7,354314;4,206372;9,889125;-9,041393;1,148939;8,637645;-7,044498;-0,357966;7,242944;-6,590658;1,719788;1,683104;-3,446578;1,201931;4,417353;-8,306811;3,163345;6,701118;-8,819825;-0,039758;5,467319;-7,299487;-0,58366;4,64761;-7,417242;1,567878;62,78945;-13,53347;58,91279;-149,682;70,27119;-179,2195;-146,5876;70,27116;-179,2195;-144,0588;70,10863;-178,0048;-144,0587;70,10865;-178,0048;62,40946;-13,53347;58,91279;96,58743;-16,4376;54,39342;-173,2845;-15,70367;54,47573;-91,84993;-15,87567;55,48964;-91,84786;-15,64336;55,48188;63,84647;-16,22856;53,3227;126,9116;-14,35747;57,66592;-129,1744;-15,83311;56,35207;-35,14968;-14,38929;55,45866;-35,10406;-14,51383;55,27586;65,70824;-18,99051;47,06569;130,787;-20,06471;48,12013;-125,3501;-21,39194;46,58212;-30,82799;-17,93933;44,67588;-30,75244;-18,07783;44,43146;68,9442;-22,55372;37,76064;149,4504;-20,35802;46,82339;-106,6638;-21,03127;45,1916;-12,30322;-17,21625;44,5598;-12,21706;-17,27657;44,26918;0;0;0;-46,7976;-53,38876;68,66642;-300,0907;-109,273;357,6468;-523,1645;-141,3251;606,0596;-695,5316;-160,1414;795,8945;-82,65801;1,227222;87,39276;-401,2671;253,5844;336,3969;-674,7717;257,35;625,6857;-677,2836;74,40959;693,2562;-563,7483;53,90165;579,8895;-127,7894;72,93722;109,9052;-468,3032;363,5469;368,6126;-726,4088;162,2565;714,2812;-614,8367;17,32794;647,1459;-522,6485;142,3178;504,8458;-166,7605;141,8154;126,8767;-497,6407;444,1419;371,1911;-731,0875;274,4867;679,433;-615,0898;120,9382;610,6552;-521,5542;244,8124;467,3194;-205,6113;206,7503;145,1194;-502,5936;501,3165;356,1689;-641,4593;295,7961;576,6367;-536,272;218,6008;492,2581;-487,4394;361,3911;389,7107;0;0;0;-1,134574;-0,674486;2,224087;0,147343;-1,843929;8,335589;1,144409;-2,815962;13,51833;1,851082;-3,549099;17,43507;-1,268506;-0,586063;2,190113;-4,617691;-1,31607;6,523132;-7,870673;-7,495879;8,191108;-5,347251;-6,906867;8,522986;-3,742218;-4,216432;7,842063;-1,4534;-0,460625;2,135038;-4,89521;-1,110077;6,410122;-3,733634;-4,071235;9,221076;-1,853943;-3,47212;7,905005;-2,832412;-2,290249;6,960869;-1,654387;-0,319719;2,065658;-4,869461;-0,829697;5,883693;-4,045486;-3,441811;8,213996;-2,031326;-2,901077;7,166862;-2,981186;-1,743793;6,285667;-1,833915;-0,19455;2,007723;-4,574775;-0,506401;5,051136;-2,875328;-2,215862;6,534576;-2,059936;-1,972675;5,364418;-3,353119;-1,058578;4,92239;3,972884;5,609728;7,244385;9,776675;43,7117;-0,37939;3,094337;1,38621;-5,205034;32,74646;90,15089;81,70881;-1,452526;63,82734;103,5775;93,78992;-12,14441;65,25726;103,3226;93,87175;-13,368;83,17043;103,312;94,14545;-0,146027;0,100508;0;-0,016944;0,144539;-0,007553;0,000916;-0,000916;0,056562;-0,000458;0;0;0,032101;-0,003204;0;0,000458;0;0;0;0;-39,75677;27,28042;0;-1,525211;-67,97446;3,474426;0,082397;-0,109863;-11,12709;0,151062;-0,027466;0;-16,53786;1,538086;0,027466;0,054932;0;0;0;0
82;1312;00:00:01:352;0;0;0;4,300745;0,935869;2,477264;8,197966;-1,413836;1,090208;11,43573;-3,619219;-0,061043;13,87482;-5,368879;-0,921796;3,748154;-0,023923;2,164594;9,05658;-4,184925;5,563753;13,25515;-6,992352;5,002986;13,42063;-6,215401;2,416801;11,65714;-4,978103;2,350591;3,024731;-1,253513;1,788666;7,903686;-6,051688;4,982527;12,15709;-7,75252;1,70411;10,47815;-6,000324;-0,151577;8,997175;-5,60077;1,838943;2,334631;-2,365932;1,505161;6,331861;-7,35858;4,203178;9,885238;-9,04616;1,144796;8,634804;-7,047849;-0,361102;7,240436;-6,594234;1,716925;1,681747;-3,447746;1,200484;4,414091;-8,309878;3,159843;6,697525;-8,822538;-0,043554;5,464324;-7,301479;-0,586798;4,644649;-7,419764;1,564723;62,80361;-13,55201;58,88614;-149,7489;70,27443;-179,3056;-146,6545;70,27439;-179,3056;-144,1249;70,11232;-178,0901;-144,1248;70,11234;-178,0901;62,42361;-13,55201;58,88614;96,60742;-16,46086;54,35089;-173,2647;-15,72696;54,43348;-91,8305;-15,89929;55,44746;-91,82841;-15,66699;55,43975;63,86261;-16,24567;53,29485;126,9276;-14,37811;57,63322;-129,1578;-15,85339;56,3188;-35,13284;-14,40932;55,42575;-35,08715;-14,5338;55,24291;65,72649;-19,00582;47,03641;130,8083;-20,08368;48,08111;-125,328;-21,41036;46,54237;-30,80581;-17,95706;44,63734;-30,73015;-18,09547;44,39285;68,96534;-22,56604;37,72919;149,4689;-20,37325;46,79362;-106,6448;-21,04601;45,16144;-12,28446;-17,23079;44,53091;-12,19821;-17,29102;44,24023;0;0;0;-46,82126;-53,31488;68,67952;-300,0821;-109,1765;357,727;-523,1272;-141,2095;606,1998;-695,472;-160,0114;796,0813;-82,67216;1,291718;87,41787;-401,2714;253,7457;336,5251;-674,8275;257,5255;625,8779;-677,3054;74,54692;693,4392;-563,7443;54,02849;580,0444;-127,7916;72,98997;109,9457;-468,2892;363,6898;368,7637;-726,3792;162,3764;714,4868;-614,788;17,40695;647,3138;-522,6125;142,4183;504,9981;-166,7521;141,8581;126,9308;-497,6115;444,2599;371,3532;-731,049;274,5809;679,6407;-615,0299;120,9995;610,8292;-521,5067;244,897;467,4794;-205,5925;206,783;145,1869;-502,55;501,4025;356,3338;-641,3905;295,8476;576,8251;-536,2114;218,6337;492,4135;-487,3922;361,4528;389,8626;0;0;0;-1,42014;4,432797;0,786066;0,513554;5,793571;4,81224;2,234459;6,932259;8,405684;3,576278;7,799863;11,20663;-0,849009;3,869757;1,506686;-0,260353;9,68027;7,691859;-3,353119;10,52999;11,53278;-1,304626;8,239745;10,98061;0,240326;7,610678;9,289741;-0,127316;3,165007;2,428293;0,835419;8,573054;9,062289;1,776695;7,193326;12,33673;2,921104;4,740804;10,07938;2,160072;6,026744;9,138106;0,50354;2,566337;3,245831;1,753807;7,078171;9,724616;2,308845;5,649089;12,46548;3,596305;3,67999;10,43987;2,849579;5,076885;9,601592;1,130104;1,962662;4,047632;2,612114;5,164146;9,897708;4,125595;3,088474;11,30676;3,63636;1,979828;9,324073;2,832412;3,703594;9,113788;3,972322;5,609533;7,244266;9,776755;43,70738;-0,376438;3,094337;1,386351;-5,220333;32,74725;90,15088;81,70882;-1,458576;63,82743;103,5774;93,78992;-12,15392;65,25817;103,3227;93,87175;-13,368;83,17043;103,312;94,14545;-0,259552;0,177097;0;0,008469;-0,917931;0,047379;-0,000458;0,000458;-0,362999;0,005264;-0,000458;0;-0,570545;0,054932;0,000458;0;0;0;0;0;-6,811524;4,595375;0;1,524782;-63,74816;3,295898;-0,082397;0,082397;-25,17371;0,343323;-0,027466;0;-36,15875;3,488159;0,027466;-0,027466;0;0;0;0
83;1328;00:00:01:368;0;0;0;4,300745;0,935869;2,477264;8,197966;-1,413836;1,090208;11,43573;-3,619219;-0,061043;13,87482;-5,368879;-0,921796;3,748154;-0,023923;2,164594;9,05658;-4,184925;5,563753;13,25515;-6,992352;5,002986;13,42063;-6,215401;2,416801;11,65714;-4,978103;2,350591;3,024731;-1,253513;1,788666;7,903686;-6,051688;4,982527;12,15709;-7,75252;1,70411;10,47815;-6,000324;-0,151577;8,997175;-5,60077;1,838943;2,334631;-2,365932;1,505161;6,331861;-7,35858;4,203178;9,885238;-9,04616;1,144796;8,634804;-7,047849;-0,361102;7,240436;-6,594234;1,716925;1,681747;-3,447746;1,200484;4,414091;-8,309878;3,159843;6,697525;-8,822538;-0,043554;5,464324;-7,301479;-0,586798;4,644649;-7,419764;1,564723;62,80361;-13,55201;58,88614;-149,7489;70,27443;-179,3056;-146,6545;70,27439;-179,3056;-144,1249;70,11232;-178,0901;-144,1248;70,11234;-178,0901;62,42361;-13,55201;58,88614;96,60742;-16,46086;54,35089;-173,2647;-15,72696;54,43348;-91,8305;-15,89929;55,44746;-91,82841;-15,66699;55,43975;63,86261;-16,24567;53,29485;126,9276;-14,37811;57,63322;-129,1578;-15,85339;56,3188;-35,13284;-14,40932;55,42575;-35,08715;-14,5338;55,24291;65,72649;-19,00582;47,03641;130,8083;-20,08368;48,08111;-125,328;-21,41036;46,54237;-30,80581;-17,95706;44,63734;-30,73015;-18,09547;44,39285;68,96534;-22,56604;37,72919;149,4689;-20,37325;46,79362;-106,6448;-21,04601;45,16144;-12,28446;-17,23079;44,53091;-12,19821;-17,29102;44,24023;0;0;0;-46,84992;-53,15017;68,66692;-300,058;-108,95;357,7579;-523,0533;-140,9317;606,2728;-695,3584;-159,6947;796,1881;-82,67661;1,435395;87,42709;-401,1821;254,101;336,6467;-674,6287;258,0253;626,0968;-677,131;74,97169;693,634;-563,6176;54,38304;580,1965;-127,7651;73,10694;109,9828;-468,1529;364,0029;368,9275;-726,1846;162,729;714,7059;-614,642;17,65904;647,482;-522,4828;142,6795;505,1522;-166,6978;141,9514;126,9931;-497,4415;444,5158;371,5448;-730,8157;274,8668;679,8893;-614,8594;121,2005;611,0173;-521,3562;245,1116;467,6512;-205,5111;206,8531;145,2737;-502,3543;501,5865;356,5439;-641,1749;296,0103;577,0529;-536,0318;218,7532;492,6018;-487,2145;361,604;390,0519;0;0;0;-1,719296;9,882688;-0,756383;1,443386;13,587;1,855373;4,437446;16,66689;4,383087;6,817818;19,00005;6,408691;-0,26679;8,620619;0,55325;5,355834;21,31462;7,292747;11,93046;29,98638;13,13496;10,46276;25,48635;11,68728;7,601737;21,27278;9,126662;1,587868;7,018805;2,226591;8,179664;18,78547;9,830474;11,67583;21,15726;13,14926;8,75759;15,12498;10,08797;7,77912;15,67197;9,243964;3,258705;5,598306;3,737211;10,20241;15,35797;11,49845;13,99326;17,15755;14,91451;10,22816;12,06207;11,2896;9,029387;12,8746;10,3054;4,886627;4,202842;5,208492;11,7445;11,04069;12,60567;12,93468;9,76467;13,66711;10,77747;7,169723;11,29818;10,66303;9,076594;11,35683;3,972322;5,609533;7,244266;9,776755;43,70738;-0,376438;3,094337;1,386351;-5,220333;32,74725;90,15088;81,70882;-1,458576;63,82743;103,5774;93,78992;-12,15392;65,25817;103,3227;93,87175;-13,368;83,17043;103,312;94,14545;0;0;0;0;0;0;0;0;0;0;0;0;0;0;0;0;0;0;0;0;15,57312;-10,62584;0;-0,508118;55,07583;-2,842712;0,027466;-0,027466;21,77996;-0,315857;0,027466;0;34,23271;-3,295898;-0,027466;0;0;0;0;0
84;1344;00:00:01:384;0;0;0;4,301456;0,935346;2,476226;8,197878;-1,414498;1,087162;11,43496;-3,619997;-0,065784;13,87353;-5,369743;-0,927825;3,748719;-0,024379;2,163612;9,05775;-4,186057;5,560995;13,25612;-6,993517;4,998941;13,42094;-6,216398;2,412765;11,65745;-4,979065;2,347098;3,025113;-1,253885;1,787758;7,904576;-6,052687;4,979896;12,15691;-7,753653;1,700166;10,47771;-6,001017;-0,15487;8,997306;-5,601521;1,836084;2,334864;-2,36623;1,50433;6,33246;-7,3594;4,200838;9,884837;-9,047029;1,141322;8,634241;-7,048391;-0,364008;7,240473;-6,594863;1,714438;1,681826;-3,447971;1,199723;4,414352;-8,31047;3,157915;6,696912;-8,822988;-0,046126;5,463673;-7,301794;-0,588907;4,644554;-7,420222;1,562819;62,81963;-13,54882;58,87849;-149,768;70,24872;-179,3278;-146,6735;70,24872;-179,3277;-144,1454;70,08677;-178,1137;-144,1454;70,08679;-178,1136;62,43964;-13,54883;58,87849;96,62243;-16,45518;54,34565;-173,2497;-15,72132;54,42844;-91,81534;-15,89391;55,44232;-91,8133;-15,66159;55,4347;63,87844;-16,24098;53,28651;126,9445;-14,37606;57,62183;-129,1409;-15,85098;56,30697;-35,11605;-14,40665;55,41437;-35,07034;-14,53108;55,23148;65,74193;-18,9995;47,02748;130,825;-20,07875;48,06865;-125,3112;-21,40503;46,52955;-30,78957;-17,9512;44,62563;-30,71392;-18,08954;44,3811;68,97984;-22,55745;37,71974;149,4845;-20,36688;46,78431;-106,6293;-21,03923;45,15201;-12,26947;-17,22384;44,52257;-12,18326;-17,28401;44,23191;0;0;0;-46,84992;-53,15017;68,66692;-300,0774;-108,9817;357,7258;-523,0887;-140,9899;606,2139;-695,406;-159,773;796,1089;-82,67661;1,435395;87,42709;-401,1821;254,101;336,6467;-674,6134;258,0255;626,0981;-677,1203;74,97181;693,635;-563,6138;54,38306;580,197;-127,7651;73,10694;109,9828;-468,1529;364,0029;368,9275;-726,1954;162,729;714,7059;-614,6415;17,65899;647,4824;-522,4802;142,6794;505,1529;-166,6978;141,9514;126,9931;-497,4415;444,5158;371,5448;-730,8235;274,8666;679,8875;-614,8585;121,2006;611,0178;-521,3537;245,1116;467,6525;-205,5111;206,8531;145,2737;-502,3543;501,5865;356,5439;-641,1749;296,0103;577,0529;-536,0318;218,7532;492,6018;-487,2145;361,604;390,0519;0;0;0;0;0;0;-1,158714;-1,903295;-1,925468;-2,12574;-3,491163;-3,536224;-2,858162;-4,694223;-4,752159;0;0;0;0;0;0;0,915527;0,011444;0,080109;0,640869;0,006795;0,062943;0,226021;0,001073;0,031471;0;0;0;0;0;0;-0,649452;0;-0,005722;0,031471;-0,002682;0,025749;0,154495;-0,002861;0,042915;0;0;0;0;0;0;-0,466347;-0,014305;-0,105858;0,05722;0,002861;0,025749;0,148773;0,001431;0,080109;0;0;0;0;0;0;0;0;0;0;0;0;0;0;0;3,973509;5,609855;7,244302;9,776592;43,71646;-0,382557;3,094337;1,38621;-5,217029;32,74708;90,15088;81,70882;-1,462194;63,82745;103,5775;93,78994;-12,15711;65,25848;103,3226;93,87173;-13,368;83,17043;103,312;94,14545;0,544739;-0,367155;0;-0,008469;0,19824;-0,0103;0;0;-0,21708;0,001373;0,000458;0,000916;-0,191689;0,018768;-0,000916;-0,001373;0;0;0;0;32,68433;-22,0293;0;-0,508118;11,89441;-0,617981;0;0;-13,02481;0,082397;0,027466;0,054932;-11,50131;1,126099;-0,054932;-0,082397;0;0;0;0
85;1360;00:00:01:400;0;0;0;4,301456;0,935346;2,476226;8,19805;-1,414496;1,087642;11,43528;-3,619993;-0,064902;13,87395;-5,369739;-0,926641;3,748719;-0,024379;2,163612;9,05775;-4,186057;5,560995;13,25612;-6,993517;4,998941;13,42094;-6,216398;2,412765;11,65745;-4,979065;2,347098;3,025113;-1,253885;1,787758;7,904576;-6,052687;4,979896;12,15699;-7,753537;1,700199;10,4777;-6,001019;-0,154874;8,997281;-5,601545;1,836073;2,334864;-2,36623;1,50433;6,33246;-7,3594;4,200838;9,884911;-9,046949;1,141361;8,634231;-7,048398;-0,364015;7,240441;-6,594882;1,71442;1,681826;-3,447971;1,199723;4,414352;-8,31047;3,157915;6,696912;-8,822988;-0,046126;5,463673;-7,301794;-0,588907;4,644554;-7,420222;1,562819;62,81963;-13,54882;58,87849;-149,7662;70,25542;-179,3259;-146,6718;70,25542;-179,3259;-144,1433;70,09348;-178,1115;-144,1432;70,0935;-178,1114;62,43964;-13,54883;58,87849;96,62243;-16,45518;54,34565;-173,2497;-15,72132;54,42844;-91,81534;-15,89391;55,44232;-91,8133;-15,66159;55,4347;63,87844;-16,24098;53,28651;126,9438;-14,37492;57,62455;-129,1415;-15,84985;56,30971;-35,11674;-14,40554;55,41708;-35,07106;-14,52997;55,23421;65,74193;-18,9995;47,02748;130,8241;-20,0778;48,07137;-125,3122;-21,40409;46,53231;-30,79053;-17,95029;44,62832;-30,71491;-18,08864;44,38382;68,97984;-22,55745;37,71974;149,4845;-20,36688;46,78431;-106,6293;-21,03923;45,15201;-12,26947;-17,22384;44,52257;-12,18326;-17,28401;44,23191;0;0;0;-46,89257;-53,11879;68,72918;-300,0601;-108,9223;357,9286;-523,0204;-140,907;606,535;-695,299;-159,6724;796,52;-82,71047;1,462765;87,48605;-401,2523;254,1689;336,8122;-674,6718;258,0954;626,3409;-677,1389;75,03162;693,8772;-563,6326;54,4408;580,4066;-127,788;73,12925;110,0373;-468,2064;364,0629;369,0854;-726,1765;162,797;714,9426;-614,6156;17,70065;647,6796;-522,4901;142,7246;505,3239;-166,7118;141,9693;127,0429;-497,4774;444,5651;371,6853;-730,7928;274,9189;680,0975;-614,8256;121,2331;611,1917;-521,358;245,1493;467,8005;-205,5159;206,8666;145,3194;-502,3699;501,622;356,6596;-641,1382;296,0373;577,2072;-535,9927;218,7722;492,7283;-487,2088;361,6316;390,1662;0;0;0;-2,558827;1,882195;3,73578;1,037121;3,567696;12,1665;4,096984;4,976034;19,27185;6,420135;6,036043;24,66488;-2,031684;1,642182;3,537655;-4,211425;4,075527;9,93061;-3,504753;4,194259;14,5626;-1,115799;3,588795;14,53113;-1,127243;3,464341;12,5742;-1,376152;1,338243;3,268719;-3,207207;3,599166;9,471416;1,132965;4,076957;14,20498;1,553535;2,499819;11,83319;-0,589371;2,709388;10,26249;-0,837565;1,074314;2,991915;-2,157211;2,952575;8,428573;1,842499;3,137112;12,59708;1,974106;1,951217;10,43415;-0,260353;2,260208;8,880614;-0,287533;0,812531;2,740144;-0,938415;2,128601;6,942272;2,205848;1,617908;9,258269;2,346039;1,134395;7,590293;0,340462;1,652241;6,855011;3,972768;5,609657;7,244285;9,776691;43,7108;-0,37877;3,0944;1,386492;-5,217029;32,74708;90,15088;81,70882;-1,459381;63,82743;103,5775;93,78992;-12,15439;65,25822;103,3226;93,87173;-13,368;83,17043;103,312;94,14545;-0,339432;0,227222;0,003791;0,016944;0;0;0;0;0,168793;-0,001373;0;-0,000916;0,163479;-0,016022;0,000458;0,000458;0;0;0;0;-53,05023;35,66265;0,227451;1,524782;-11,89441;0,617981;0;0;23,1524;-0,164795;-0,027466;-0,109863;21,31004;-2,087402;0,082397;0,109863;0;0;0;0
86;1376;00:00:01:416;0;0;0;4,302244;0,932886;2,475786;8,197495;-1,417209;1,083866;11,43354;-3,622917;-0,071594;13,8713;-5,372824;-0,935577;3,74919;-0,026527;2,162771;9,057895;-4,191427;5,556711;13,25534;-6,999772;4,992162;13,41981;-6,221251;2,406383;11,65666;-4,983378;2,341798;3,025184;-1,25564;1,786406;7,904111;-6,057444;4,97485;12,15531;-7,757685;1,693263;10,47612;-6,003637;-0,160457;8,996257;-5,604851;1,831039;2,334585;-2,367653;1,502524;6,331486;-7,363325;4,195426;9,882616;-9,050351;1,13413;8,632363;-7,050407;-0,369746;7,239207;-6,597631;1,709275;1,6812;-3,449059;1,197471;4,412902;-8,313332;3,152408;6,694624;-8,82469;-0,052416;5,461657;-7,302883;-0,594095;4,642982;-7,422275;1,557746;62,84739;-13,56904;58,85719;-149,8633;70,22632;-179,4326;-146,7689;70,22631;-179,4326;-144,2414;70,06509;-178,219;-144,2414;70,06507;-178,219;62,4674;-13,56904;58,8572;96,65266;-16,47389;54,32074;-173,2196;-15,74005;54,40393;-91,78564;-15,91315;55,41783;-91,78361;-15,68083;55,41032;63,90845;-16,25847;53,26332;126,9726;-14,39536;57,60075;-129,1121;-15,86964;56,28502;-35,08718;-14,42488;55,39309;-35,04141;-14,54922;55,21013;65,77426;-19,01375;47,00217;130,8591;-20,09536;48,03762;-125,2765;-21,42076;46,49749;-30,755;-17,96585;44,59562;-30,67926;-18,10407;44,35099;69,01498;-22,56656;37,69146;149,5171;-20,38099;46,75814;-106,5961;-21,05245;45,12528;-12,23687;-17,23674;44,49812;-12,15057;-17,29674;44,20739;0;0;0;-46,89257;-53,11879;68,72918;-300,1004;-108,9715;357,8499;-523,0944;-140,9975;606,3907;-695,3983;-159,7939;796,3261;-82,71047;1,462765;87,48605;-401,2523;254,1689;336,8122;-674,6799;258,0953;626,3401;-677,1447;75,03156;693,8766;-563,6345;54,44077;580,4063;-127,788;73,12925;110,0373;-468,2064;364,0629;369,0854;-726,1868;162,7901;714,9405;-614,6148;17,70072;647,6801;-522,4871;142,7259;505,325;-166,7118;141,9693;127,0429;-497,4774;444,5651;371,6853;-730,8165;274,9136;680,0908;-614,8226;121,2335;611,1933;-521,35;245,1504;467,8051;-205,5159;206,8666;145,3194;-502,3699;501,622;356,6596;-641,1382;296,0373;577,2072;-535,9927;218,7722;492,7283;-487,2088;361,6316;390,1662;0;0;0;0;0;0;-2,417564;-2,956867;-4,720687;-4,437446;-5,426645;-8,663177;-5,956649;-7,292747;-11,63292;0;0;0;0;0;0;-0,486374;-0,007153;-0,042915;-0,343323;-0,003934;-0,037193;-0,117302;-0,001431;-0,020027;0;0;0;0;0;0;-0,620842;-0,415564;-0,125885;0,048637;0,004023;0,031471;0,177383;0,080109;0,062943;0;0;0;0;0;0;-1,424789;-0,316143;-0,400543;0,180244;0,023603;0,097275;0,483513;0,068665;0,271797;0;0;0;0;0;0;0;0;0;0;0;0;0;0;0;3,974608;5,610178;7,244317;9,776443;43,72487;-0,388307;3,0944;1,386351;-5,218794;32,74717;90,15088;81,70882;-1,461391;63,82744;103,5775;93,78994;-12,1623;65,25899;103,3226;93,87173;-13,368;83,17043;103,312;94,14545;0,844345;-0,572176;0;-0,008476;-0,105887;0,005493;0;0;-0,120599;0,000916;0;0,000916;-0,474758;0,046234;-0,000458;-0,000458;0;0;0;0;71,0266;-47,9639;-0,227451;-1,525211;-6,353187;0,32959;0;0;-17,36355;0,137329;0;0,109863;-38,29422;3,735351;-0,054932;-0,054932;0;0;0;0
87;1392;00:00:01:432;0;0;0;4,30083;0,934259;2,477724;8,196931;-1,416665;1,089588;11,43368;-3,62306;-0,062582;13,87197;-5,373484;-0,924037;3,747947;-0,025326;2,164938;9,054663;-4,188336;5,564305;13,25238;-6,99708;5,003755;13,41835;-6,220026;2,417633;11,65526;-4,982157;2,351335;3,024146;-1,254648;1,78886;7,901196;-6,054674;4,982847;12,15428;-7,756802;1,704682;10,47616;-6,003825;-0,151013;8,995147;-5,603893;1,839403;2,333699;-2,366816;1,505217;6,329006;-7,360987;4,203265;9,88199;-9,049669;1,145036;8,632489;-7,050708;-0,360774;7,238111;-6,59675;1,717172;1,68048;-3,44839;1,200406;4,411013;-8,311571;3,159689;6,694569;-8,82478;-0,043532;5,461928;-7,303271;-0,586788;4,642017;-7,421426;1,564651;62,80101;-13,55805;58,86753;-149,7647;70,26176;-179,3403;-146,6703;70,26175;-179,3403;-144,1414;70,0998;-178,1254;-144,1414;70,09982;-178,1254;62,42102;-13,55805;58,86753;96,60506;-16,46675;54,33313;-173,267;-15,73284;54,41568;-91,83295;-15,90514;55,42969;-91,83087;-15,67283;55,42199;63,8606;-16,25192;53,27619;126,9256;-14,3851;57,6125;-129,1596;-15,86042;56,29807;-35,13451;-14,41638;55,40495;-35,08878;-14,54086;55,2221;65,7252;-19,01226;47,01762;130,8082;-20,09151;48,05832;-125,3278;-21,4182;46,51949;-30,80532;-17,9649;44,61439;-30,72962;-18,1033;44,36988;68,96516;-22,57258;37,71005;149,4677;-20,37968;46,77485;-106,6458;-21,05248;45,14262;-12,28544;-17,23727;44,51198;-12,19917;-17,2975;44,22131;0;0;0;-46,93984;-52,97117;68,7556;-300,062;-108,8003;358,0851;-522,9807;-140,8065;606,8078;-695,2267;-159,588;796,8834;-82,73872;1,591612;87,53653;-401,261;254,4911;337,0692;-674,6362;258,4705;626,7466;-677,0791;75,32273;694,2593;-563,588;54,69956;580,7241;-127,7923;73,23458;110,1184;-468,1785;364,3483;369,3882;-726,0841;163,039;715,3568;-614,5203;17,85781;648,0151;-522,4261;142,9243;505,6269;-166,695;142,0547;127,1513;-497,4189;444,8006;372,01;-730,6684;275,118;680,527;-614,7119;121,354;611,5365;-521,2793;245,3154;468,1119;-205,4783;206,9319;145,4545;-502,283;501,7937;356,99;-641,0009;296,1394;577,5846;-535,8718;218,8375;493,0396;-487,1145;361,7547;390,4706;0;0;0;-2,836525;8,857368;1,585007;2,305984;10,27393;14,10913;6,817818;11,45482;25,02823;10,2911;12,35461;33,43391;-1,695156;7,730802;3,028393;-0,523567;19,33336;15,41948;2,623558;22,51482;24,39022;3,931045;17,47048;22,95971;2,795219;15,52713;19,07444;-0,254631;6,32;4,86803;1,673698;17,12179;18,16606;6,162643;14,93454;24,97673;5,673408;9,425282;20,09868;3,656387;11,904;18,116;1,004934;5,121946;6,501675;3,510475;14,13059;19,48213;8,889197;12,26663;26,17264;6,643295;7,231235;20,59364;4,242897;9,899138;18,41068;2,253055;3,915309;8,106708;5,218505;10,30254;19,82546;8,236884;6,128311;22,64499;7,255553;3,921031;18,67962;5,659103;7,38716;18,26334;3,974294;5,610089;7,244338;9,776485;43,72245;-0,386706;3,094337;1,386492;-5,219432;32,74721;90,15088;81,70881;-1,460721;63,82743;103,5775;93,78993;-12,158;65,25857;103,3226;93,87173;-13,368;83,17043;103,312;94,14545;-0,145111;0,096016;-0,003791;0,008476;-0,038309;0,002289;0;-0,000458;0,040176;-0,000458;0;-0,000458;0,257721;-0,025177;0;0,000458;0;0;0;0;-59,36736;40,09151;-0,227451;1,017094;4,054641;-0,192261;0;-0,027466;9,64651;-0,082397;0;-0,082397;43,94874;-4,284667;0,027466;0,054932;0;0;0;0
88;1408;00:00:01:448;0;0;0;4,30083;0,934259;2,477724;8,196974;-1,416664;1,089708;11,43376;-3,623059;-0,062364;13,87208;-5,373482;-0,923745;3,747947;-0,025326;2,164938;9,054663;-4,188336;5,564305;13,25238;-6,99708;5,003755;13,41835;-6,220026;2,417633;11,65526;-4,982157;2,351335;3,024146;-1,254648;1,78886;7,901196;-6,054674;4,982847;12,15421;-7,75691;1,704648;10,47616;-6,003822;-0,151009;8,995167;-5,60387;1,839414;2,333699;-2,366816;1,505217;6,329006;-7,360987;4,203265;9,881912;-9,049758;1,144993;8,632503;-7,0507;-0,360766;7,238147;-6,596729;1,717191;1,68048;-3,44839;1,200406;4,411013;-8,311571;3,159689;6,694569;-8,82478;-0,043532;5,461928;-7,303271;-0,586788;4,642017;-7,421426;1,564651;62,80101;-13,55805;58,86753;-149,7643;70,26341;-179,3399;-146,6699;70,26342;-179,3398;-144,1409;70,10149;-178,1249;-144,1408;70,10148;-178,1249;62,42102;-13,55805;58,86753;96,60506;-16,46675;54,33313;-173,267;-15,73284;54,41568;-91,83295;-15,90514;55,42969;-91,83087;-15,67283;55,42199;63,8606;-16,25192;53,27619;126,9263;-14,38618;57,60989;-129,1589;-15,8615;56,29546;-35,13381;-14,41744;55,40234;-35,08809;-14,54193;55,21949;65,7252;-19,01226;47,01762;130,8093;-20,09258;48,05531;-125,3267;-21,41925;46,51643;-30,80421;-17,9659;44,61139;-30,72853;-18,1043;44,36687;68,96516;-22,57258;37,71005;149,4677;-20,37968;46,77485;-106,6458;-21,05248;45,14262;-12,28544;-17,23727;44,51198;-12,19917;-17,2975;44,22131;0;0;0;-46,85501;-53,05359;68,63934;-300,0251;-108,8281;357,7468;-522,9836;-140,789;606,2762;-695,2592;-159,5364;796,2032;-82,66414;1,519572;87,40645;-401,0671;254,3057;336,6136;-674,4584;258,309;626,051;-676,9912;75,24921;693,5842;-563,5039;54,62627;580,1519;-127,73;73,17503;109,9712;-468,0036;364,1821;368,9084;-726,0303;162,986;714,6714;-614,5219;17,86908;647,4487;-522,3576;142,8668;505,1255;-166,6419;142,0045;126,9898;-497,2701;444,6602;371,5396;-730,6382;275,0769;679,8712;-614,7185;121,3721;610,9987;-521,2112;245,2625;467,6394;-205,435;206,8917;145,2784;-502,1696;501,6881;356,5532;-640,9976;296,1448;577,0516;-535,8881;218,8607;492,6013;-487,0566;361,7038;390,0563;0;0;0;5,089581;-4,945278;-6,975889;2,208709;-1,665115;-20,29896;-0,171661;1,055002;-31,89468;-1,945495;3,099203;-40,80677;4,474997;-4,322385;-7,804512;11,63578;-11,12652;-27,33707;10,66875;-9,690284;-41,7366;5,272865;-4,410982;-40,50064;5,043983;-4,397392;-34,33227;3,738641;-3,572702;-8,834838;10,49423;-9,970664;-28,78761;3,230095;-3,180742;-41,12434;-0,094414;0,675917;-33,98323;4,114151;-3,449678;-30,08365;3,189325;-3,012657;-9,693145;8,926391;-8,41999;-28,22256;1,808166;-2,469063;-39,35337;-0,397682;1,083612;-32,27234;4,082679;-3,171444;-28,34988;2,596378;-2,407551;-10,56576;6,803513;-6,337166;-26,21269;0,197411;0,324726;-31,98051;-0,97847;1,394749;-26,30424;3,473282;-3,052711;-24,85513;3,974112;5,610024;7,244299;9,776511;43,72106;-0,385724;3,094337;1,386351;-5,219432;32,74721;90,15088;81,70881;-1,463532;63,82747;103,5775;93,78993;-12,16103;65,25886;103,3226;93,87174;-13,368;83,17043;103,312;94,14545;-0,083771;0,058937;0;-0,008476;0;0;0;0;-0,168636;0,00206;0;0;-0,181904;0,017395;0;0,000458;0;0;0;0;3,680419;-2,224731;0,227451;-1,017094;2,298546;-0,137329;0;0,027466;-12,5287;0,151062;0;0,027466;-26,37749;2,554321;0;0;0;0;0;0
89;1424;00:00:01:464;0;0;0;4,302089;0,932435;2,476226;8,198462;-1,41795;1,087944;11,43542;-3,623899;-0,064484;13,87387;-5,373988;-0,926182;3,748979;-0,026919;2,16313;9,056993;-4,192385;5,55746;13,25415;-7,001223;4,993182;13,41896;-6,222599;2,407456;11,65597;-4,984506;2,342761;3,024902;-1,255958;1,78666;7,9031;-6,058282;4,975434;12,15443;-7,758848;1,694194;10,47561;-6,004554;-0,159621;8,995596;-5,605687;1,831746;2,334232;-2,367901;1,50268;6,330434;-7,364003;4,195822;9,881835;-9,051118;1,134889;8,631758;-7,05117;-0,369132;7,238408;-6,598351;1,709751;1,680782;-3,449241;1,197534;4,411868;-8,31381;3,152593;6,693851;-8,825278;-0,052026;5,461071;-7,303347;-0,59378;4,642179;-7,422728;1,557979;62,84342;-13,57328;58,85308;-149,8563;70,2787;-179,4296;-146,7618;70,27869;-179,4296;-144,2311;70,11739;-178,213;-144,2311;70,11744;-178,213;62,46342;-13,57329;58,85308;96,64962;-16,47931;54,3145;-173,2227;-15,74547;54,39766;-91,78875;-15,91852;55,41158;-91,78674;-15,68621;55,40408;63,90489;-16,26307;53,25928;126,969;-14,40015;57,59559;-129,1156;-15,87451;56,27993;-35,09059;-14,42979;55,38787;-35,04482;-14,55414;55,20494;65,77119;-19,01869;46,99812;130,8543;-20,09859;48,03838;-125,2812;-21,42411;46,49835;-30,75953;-17,96936;44,59616;-30,68377;-18,10758;44,35151;69,01274;-22,57191;37,68727;149,5141;-20,38595;46,75418;-106,5991;-21,05749;45,12128;-12,23967;-17,24181;44,49391;-12,15335;-17,30182;44,20317;0;0;0;-46,85501;-53,05359;68,63934;-299,9522;-108,7043;357,865;-522,8497;-140,5617;606,4934;-695,0795;-159,2309;796,4949;-82,66414;1,519572;87,40645;-401,0671;254,3057;336,6136;-674,4661;258,309;626,0504;-676,9966;75,24917;693,5837;-563,5058;54,62627;580,1517;-127,73;73,17503;109,9712;-468,0036;364,1821;368,9084;-726,0234;162,9925;714,6735;-614,5223;17,8689;647,4484;-522,3595;142,8654;505,1247;-166,6419;142,0045;126,9898;-497,2701;444,6602;371,5396;-730,6251;275,0824;679,8755;-614,7203;121,3716;610,9976;-521,2161;245,2612;467,6367;-205,435;206,8917;145,2784;-502,1696;501,6881;356,5532;-640,9976;296,1448;577,0516;-535,8881;218,8607;492,6013;-487,0566;361,7038;390,0563;0;0;0;0;0;0;4,377365;7,428645;7,093906;8,033751;13,63564;13,03196;10,78033;18,33129;17,50374;0;0;0;0;0;0;-0,460625;-0,004292;-0,042915;-0,320435;-0,002503;-0,031471;-0,114441;0;-0,017166;0;0;0;0;0;0;0,414848;0,389814;0,125885;-0,031471;-0,010729;-0,017166;-0,11158;-0,08297;-0,051498;0;0;0;0;0;0;0,792503;0,331879;0,260353;-0,11158;-0,027895;-0,060081;-0,288963;-0,077248;-0,160217;0;0;0;0;0;0;0;0;0;0;0;0;0;0;0;3,969478;5,608688;7,244068;9,777138;43,68561;-0,361656;3,094337;1,386492;-5,221121;32,7473;90,15088;81,70881;-1,462596;63,82747;103,5775;93,78996;-12,15755;65,25852;103,3226;93,87173;-13,368;83,17043;103,312;94,14545;-2,12677;1,444073;0;0,008476;-0,101337;0,005264;0;0;0,056176;0;0;0,001373;0,209198;-0,020142;0,000458;-0,000916;0;0;0;0;-122,5799;83,10813;0;1,017094;-6,080245;0,315857;0;0;13,48872;-0,123596;0;0,082397;23,46611;-2,252197;0,027466;-0,082397;0;0;0;0
90;1440;00:00:01:480;0;0;0;4,302876;0,931111;2,475355;8,198115;-1,42018;1,085426;11,43407;-3,626882;-0,068397;13,87173;-5,377538;-0,931151;3,749448;-0,028074;2,162302;9,057121;-4,1952;5,555125;13,25329;-7,005262;4,989631;13,41778;-6,226418;2,403951;11,65515;-4,987779;2,339773;3,024967;-1,256893;1,785892;7,902615;-6,060749;4,973202;12,15281;-7,762113;1,6909;10,47401;-6,007275;-0,162419;8,994527;-5,608191;1,829305;2,333945;-2,368633;1,501974;6,329436;-7,365997;4,193829;9,879598;-9,053925;1,131908;8,629855;-7,053378;-0,371595;7,237116;-6,600346;1,70765;1,680145;-3,449778;1,196883;4,410392;-8,315219;3,150944;6,691536;-8,82702;-0,054219;5,459033;-7,304722;-0,595577;4,640584;-7,424066;1,556352;62,857;-13,57076;58,83493;-149,8726;70,25771;-179,4602;-146,7781;70,25771;-179,4601;-144,2486;70,09651;-178,2446;-144,2486;70,09653;-178,2446;62,47702;-13,57076;58,83494;96,66395;-16,47687;54,2929;-173,2084;-15,74305;54,37625;-91,77442;-15,91635;55,39012;-91,77243;-15,68403;55,38267;63,91832;-16,25927;53,24057;126,9823;-14,39688;57,57835;-129,1023;-15,87095;56,26234;-35,07742;-14,42605;55,37065;-35,03164;-14,55035;55,18766;65,7843;-19,01351;46,9789;130,8692;-20,09529;48,01414;-125,2663;-21,42044;46,47377;-30,74502;-17,96523;44,57254;-30,66928;-18,10339;44,3279;69,0251;-22,56478;37,66758;149,5273;-20,38071;46,73462;-106,5859;-21,05192;45,10162;-12,22693;-17,23609;44,47518;-12,14064;-17,29604;44,18444;0;0;0;-46,93052;-52,94416;68,72921;-300,0566;-108,6518;357,9458;-522,9772;-140,5566;606,5748;-695,2241;-159,2614;796,5795;-82,72611;1,615148;87,51499;-401,2069;254,5486;337,0242;-674,5857;258,5574;626,6834;-677,0429;75,40347;694,1934;-563,5518;54,76722;580,6656;-127,7754;73,25365;110,1031;-468,1178;364,3986;369,3531;-726,0336;163,1088;715,3008;-614,4896;17,91284;647,965;-522,386;142,9744;505,5846;-166,6739;142,0696;127,1419;-497,3558;444,8412;371,9862;-730,632;275,1637;680,4791;-614,6742;121,3998;611,5003;-521,228;245,3585;468,0852;-205,4532;206,9428;145,4507;-502,2209;501,8225;356,9789;-640,9545;296,1747;577,5612;-535,8366;218,8653;493,0207;-487,0663;361,7819;390,4565;0;0;0;-4,530251;6,566048;5,39267;-6,26564;3,14641;4,846572;-7,653235;0,303984;4,880905;-8,677482;-1,83177;5,069732;-3,718614;5,734568;6,512403;-8,385657;14,57405;24,64056;-7,178306;14,90593;37,9858;-2,780914;9,257554;36,58104;-2,758026;8,457183;30,8361;-2,723694;4,716396;7,918595;-6,85215;12,99047;26,68333;-0,61512;6,978035;37,63961;1,968384;2,636611;30,99346;-1,59359;6,540298;27,59457;-1,919031;3,908157;9,130239;-5,141258;10,86044;26,79491;-0,417709;4,878044;36,22055;2,76947;1,690865;30,1609;-0,718117;5,837917;26,90792;-1,088619;3,064155;10,33974;-3,081321;8,062362;25,54464;2,583503;1,795292;30,57575;3,089905;0,274658;25,16842;-0,583649;4,683494;24,01542;3,9704;5,608959;7,244074;9,777012;43,69267;-0,366478;3,094273;1,386633;-5,22401;32,74743;90,15088;81,70882;-1,461525;63,82744;103,5775;93,78993;-12,1623;65,25899;103,3226;93,87173;-13,368;83,17043;103,312;94,14545;0,42366;-0,289335;-0,003805;0,008461;-0,173321;0,00824;0;0,000458;0,064244;-0,001602;0;-0,001373;-0,285015;0,027924;-0,000458;0;0;0;0;0;153,0258;-104,0045;-0,22831;-0,000858;-4,319;0,178528;0;0,027466;0,484085;-0,09613;0;-0,164795;-29,65278;2,883911;-0,054932;0,054932;0;0;0;0
91;1456;00:00:01:496;0;0;0;4,302878;0,930495;2,475585;8,198153;-1,420621;1,085461;11,43413;-3,627178;-0,068571;13,87181;-5,377727;-0,931504;3,749426;-0,028612;2,162333;9,056952;-4,196567;5,554368;13,25314;-7,006508;4,988392;13,41765;-6,227183;2,402858;11,65501;-4,988539;2,338894;3,024915;-1,257335;1,785668;7,9024;-6,061967;4,972057;12,15259;-7,76277;1,689459;10,47385;-6,007529;-0,163528;8,994354;-5,60881;1,828261;2,333865;-2,368999;1,501519;6,329194;-7,367015;4,192406;9,879385;-9,054375;1,130205;8,629661;-7,053544;-0,372936;7,236899;-6,600899;1,70638;1,680039;-3,450065;1,196204;4,410134;-8,315974;3,149312;6,691297;-8,827191;-0,055932;5,458841;-7,304752;-0,596996;4,640367;-7,424506;1,554901;62,86266;-13,58093;58,83205;-149,9059;70,26179;-179,493;-146,8115;70,2618;-179,493;-144,2814;70,10078;-178,277;-144,2814;70,10082;-178,277;62,48267;-13,58093;58,83205;96,66994;-16,48578;54,29145;-173,2024;-15,75198;54,37487;-91,76866;-15,92536;55,38879;-91,76663;-15,69305;55,38135;63,92506;-16,26886;53,23713;126,9881;-14,40676;57,5757;-129,0962;-15,8807;56,25948;-35,07125;-14,4357;55,36791;-35,02544;-14,55999;55,1849;65,79221;-19,02233;46,97476;130,8764;-20,10366;48,01159;-125,2588;-21,42863;46,47095;-30,73739;-17,97317;44,57012;-30,66161;-18,11131;44,32544;69,03462;-22,57228;37,66235;149,5353;-20,3895;46,73028;-106,5777;-21,06048;45,09708;-12,21872;-17,24458;44,47119;-12,13238;-17,30449;44,18041;0;0;0;-46,97777;-52,8647;68,78145;-300,0297;-108,508;358,107;-522,8848;-140,3594;606,8281;-695,0808;-159,0238;796,9026;-82,75423;1,684427;87,56461;-401,2146;254,7175;337,1643;-674,5249;258,7998;626,8975;-676,9652;75,63265;694,4044;-563,5002;54,96356;580,8452;-127,7792;73,30975;110,1492;-468,0887;364,5466;369,4871;-725,935;163,3047;715,4985;-614,3932;18,07605;648,1329;-522,3222;143,1247;505,731;-166,6566;142,1135;127,1843;-497,2959;444,9609;372,1058;-730,4937;275,3323;680,659;-614,5605;121,5323;611,6479;-521,1519;245,4782;468,2105;-205,415;206,975;145,4898;-502,1324;501,907;357,0778;-640,8156;296,2792;577,6927;-535,7144;218,9478;493,1286;-486,9706;361,8622;390,5542;0;0;0;-2,835095;4,767537;3,134251;1,616478;8,627414;9,671687;5,550384;11,83534;15,19775;8,600234;14,2529;19,38915;-1,687288;4,156753;2,977252;-0,463486;10,1366;8,405684;3,647804;14,54544;12,84027;4,663467;13,75151;12,65717;3,089905;11,78026;10,77747;-0,233173;3,365993;2,765178;1,745224;8,880614;8,038043;5,919456;11,75451;11,86466;5,782127;9,792745;10,0708;3,830909;9,016513;8,786201;1,03426;2,633571;2,544164;3,596305;7,178306;7,176875;8,299827;10,11372;10,79178;6,817818;7,951497;8,854865;4,571914;7,182597;7,521628;2,291679;1,93119;2,344608;5,312919;5,069732;5,935192;8,334159;6,268501;7,893561;7,332801;4,951;6,471634;5,742073;4,816532;5,856514;3,97003;5,608855;7,244072;9,777065;43,68981;-0,364507;3,094337;1,386492;-5,221984;32,74733;90,15088;81,70882;-1,460989;63,82743;103,5775;93,78994;-12,1606;65,25882;103,3226;93,87174;-13,368;83,17043;103,312;94,14545;-0,171661;0,118303;0,003805;-0,008461;0,121536;-0,005951;0;0,000458;0,032144;-0,000916;0;0,000458;0,102139;-0,010071;0;0,000916;0;0;0;0;-35,7193;24,45831;0,456619;-1,015377;17,69142;-0,85144;0;0;-1,926041;0,041199;0;0,109863;23,22922;-2,279663;0,027466;0,054932;0;0;0;0
92;1472;00:00:01:512;0;0;0;4,302878;0,930495;2,475585;8,198153;-1,420621;1,085461;11,43413;-3,627178;-0,068571;13,87181;-5,377727;-0,931504;3,749426;-0,028612;2,162333;9,056952;-4,196567;5,554368;13,25314;-7,006508;4,988392;13,41765;-6,227183;2,402858;11,65501;-4,988539;2,338894;3,024915;-1,257335;1,785668;7,9024;-6,061967;4,972057;12,15259;-7,76277;1,689459;10,47385;-6,007529;-0,163528;8,994354;-5,60881;1,828261;2,333865;-2,368999;1,501519;6,329194;-7,367015;4,192406;9,879385;-9,054375;1,130205;8,629661;-7,053544;-0,372936;7,236899;-6,600899;1,70638;1,680039;-3,450065;1,196204;4,410134;-8,315974;3,149312;6,691297;-8,827191;-0,055932;5,458841;-7,304752;-0,596996;4,640367;-7,424506;1,554901;62,86266;-13,58093;58,83205;-149,9059;70,26179;-179,493;-146,8115;70,2618;-179,493;-144,2814;70,10078;-178,277;-144,2814;70,10082;-178,277;62,48267;-13,58093;58,83205;96,66994;-16,48578;54,29145;-173,2024;-15,75198;54,37487;-91,76866;-15,92536;55,38879;-91,76663;-15,69305;55,38135;63,92506;-16,26886;53,23713;126,9881;-14,40676;57,5757;-129,0962;-15,8807;56,25948;-35,07125;-14,4357;55,36791;-35,02544;-14,55999;55,1849;65,79221;-19,02233;46,97476;130,8764;-20,10366;48,01159;-125,2588;-21,42863;46,47095;-30,73739;-17,97317;44,57012;-30,66161;-18,11131;44,32544;69,03462;-22,57228;37,66235;149,5353;-20,3895;46,73028;-106,5777;-21,06048;45,09708;-12,21872;-17,24458;44,47119;-12,13238;-17,30449;44,18041;0;0;0;-46,97786;-52,82772;68,76768;-300,0319;-108,4816;358,1049;-522,8885;-140,3416;606,8386;-695,0855;-159,0125;796,9238;-82,75294;1,716714;87,56277;-401,2044;254,7995;337,2097;-674,5159;258,8746;626,9717;-676,9574;75,67857;694,4699;-563,4921;55,0092;580,8979;-127,7761;73,33629;110,1626;-468,0757;364,6197;369,5557;-725,9219;163,3441;715,585;-614,3835;18,09132;648,1993;-522,3118;143,1618;505,7937;-166,6519;142,1355;127,2116;-497,2815;445,022;372,1912;-730,4809;275,3593;680,7612;-614,549;121,5423;611,7283;-521,1389;245,5115;468,2867;-205,4086;206,9922;145,5305;-502,1169;501,9523;357,1758;-640,8013;296,2896;577,7956;-535,7028;218,9496;493,2137;-486,9576;361,8886;390,6412;0;0;0;-0,005364;2,219081;-0,82612;-0,135899;1,588583;-0,125885;-0,226021;1,066446;0,629425;-0,283241;0,681639;1,270294;0,077963;1,937225;-0,110149;0,609398;4,919528;2,725124;0,540733;4,484653;4,460334;0,466347;2,754807;3,933906;0,486374;2,738356;3,164291;0,186682;1,592875;0,805378;0,775337;4,385948;4,119873;0,781059;2,366066;5,187034;0,580788;0,915974;3,991127;0,620842;2,227306;3,759384;0,285387;1,318931;1,63722;0,86689;3,66497;5,121231;0,766754;1,619339;6,128311;0,695229;0,595808;4,826545;0,778198;1,994133;4,569053;0,381947;1,032829;2,444029;0,929832;2,717972;5,877971;0,864029;0,619411;6,171226;0,692368;0,107288;5,106925;0,78392;1,585007;5,221366;3,97003;5,608855;7,244072;9,777065;43,68981;-0,364507;3,094337;1,386492;-5,221984;32,74733;90,15088;81,70882;-1,460989;63,82743;103,5775;93,78994;-12,1606;65,25882;103,3226;93,87174;-13,368;83,17043;103,312;94,14545;0;0;0;0;0;0;0;0;0;0;0;0;0;0;0;0;0;0;0;0;10,29968;-7,098197;-0,22831;0,507689;-7,292174;0,357056;0;-0,027466;-1,928615;0,054932;0;-0,027466;-6,12831;0,604248;0;-0,054932;0;0;0;0
93;1488;00:00:01:528;0;0;0;4,302878;0,930495;2,475585;8,198153;-1,420621;1,085461;11,43413;-3,627178;-0,068571;13,87181;-5,377727;-0,931504;3,749426;-0,028612;2,162333;9,056952;-4,196567;5,554368;13,25314;-7,006508;4,988392;13,41765;-6,227183;2,402858;11,65501;-4,988539;2,338894;3,024915;-1,257335;1,785668;7,9024;-6,061967;4,972057;12,15259;-7,76277;1,689459;10,47385;-6,007529;-0,163528;8,994354;-5,60881;1,828261;2,333865;-2,368999;1,501519;6,329194;-7,367015;4,192406;9,879385;-9,054375;1,130205;8,629661;-7,053544;-0,372936;7,236899;-6,600899;1,70638;1,680039;-3,450065;1,196204;4,410134;-8,315974;3,149312;6,691297;-8,827191;-0,055932;5,458841;-7,304752;-0,596996;4,640367;-7,424506;1,554901;62,86266;-13,58093;58,83205;-149,9059;70,26179;-179,493;-146,8115;70,2618;-179,493;-144,2814;70,10078;-178,277;-144,2814;70,10082;-178,277;62,48267;-13,58093;58,83205;96,66994;-16,48578;54,29145;-173,2024;-15,75198;54,37487;-91,76866;-15,92536;55,38879;-91,76663;-15,69305;55,38135;63,92506;-16,26886;53,23713;126,9881;-14,40676;57,5757;-129,0962;-15,8807;56,25948;-35,07125;-14,4357;55,36791;-35,02544;-14,55999;55,1849;65,79221;-19,02233;46,97476;130,8764;-20,10366;48,01159;-125,2588;-21,42863;46,47095;-30,73739;-17,97317;44,57012;-30,66161;-18,11131;44,32544;69,03462;-22,57228;37,66235;149,5353;-20,3895;46,73028;-106,5777;-21,06048;45,09708;-12,21872;-17,24458;44,47119;-12,13238;-17,30449;44,18041;0;0;0;-46,97786;-52,82772;68,76768;-300,0319;-108,4816;358,1049;-522,8885;-140,3416;606,8386;-695,0855;-159,0125;796,9238;-82,75294;1,716714;87,56277;-401,2044;254,7995;337,2097;-674,5159;258,8746;626,9717;-676,9574;75,67857;694,4699;-563,4921;55,0092;580,8979;-127,7761;73,33629;110,1626;-468,0757;364,6197;369,5557;-725,9219;163,3441;715,585;-614,3835;18,09132;648,1993;-522,3118;143,1618;505,7937;-166,6519;142,1355;127,2116;-497,2815;445,022;372,1912;-730,4809;275,3593;680,7612;-614,549;121,5423;611,7283;-521,1389;245,5115;468,2867;-205,4086;206,9922;145,5305;-502,1169;501,9523;357,1758;-640,8013;296,2896;577,7956;-535,7028;218,9496;493,2137;-486,9576;361,8886;390,6412;0;0;0;0;0;0;0;0;0;0;0;0;0;0;0;0;0;0;0;0;0;0;0;0;0;0;0;0;0;0;0;0;0;0;0;0;0;0;0;0;0;0;0;0;0;0;0;0;0;0;0;0;0;0;0;0;0;0;0;0;0;0;0;0;0;0;0;0;0;0;0;0;0;0;0;3,97003;5,608855;7,244072;9,777065;43,68981;-0,364507;3,094337;1,386492;-5,221984;32,74733;90,15088;81,70882;-1,460989;63,82743;103,5775;93,78994;-12,1606;65,25882;103,3226;93,87174;-13,368;83,17043;103,312;94,14545;0;0;0;0;0;0;0;0;0;0;0;0;0;0;0;0;0;0;0;0;0;0;0;0;0;0;0;0;0;0;0;0;0;0;0;0;0;0;0;0
94;1504;00:00:01:544;0;0;0;4,301933;0,931985;2,476665;8,197514;-1,418712;1,086686;11,43379;-3,624919;-0,067171;13,87171;-5,375204;-0,92995;3,748769;-0,027312;2,163488;9,056089;-4,193342;5,558209;13,25293;-7,002692;4,994194;13,4181;-6,223962;2,408525;11,65527;-4,985637;2,34372;3,02462;-1,256276;1,786914;7,90209;-6,059121;4,976019;12,15355;-7,76003;1,69512;10,47511;-6,005472;-0,158787;8,994939;-5,606519;1,832455;2,333879;-2,36815;1,502836;6,329383;-7,364681;4,196219;9,880816;-9,052147;1,135516;8,63119;-7,05191;-0,368495;7,237711;-6,599008;1,710283;1,680363;-3,449424;1,197596;4,410833;-8,31429;3,152778;6,693079;-8,825866;-0,051637;5,460484;-7,303812;-0,593466;4,641376;-7,423181;1,558211;62,83945;-13,57753;58,84896;-149,868;70,25603;-179,4466;-146,7736;70,25604;-179,4465;-144,2442;70,09482;-178,2312;-144,2442;70,09482;-178,2312;62,45947;-13,57753;58,84896;96,64669;-16,48487;54,30795;-173,2256;-15,75102;54,39107;-91,79178;-15,92402;55,40502;-91,78979;-15,69171;55,3975;63,90133;-16,26768;53,25523;126,9655;-14,40508;57,59007;-129,119;-15,87952;56,27446;-35,09391;-14,43486;55,38231;-35,04813;-14,55922;55,19936;65,76813;-19,02365;46,99408;130,8526;-20,10501;48,03012;-125,2828;-21,43056;46,49007;-30,76081;-17,97585;44,58769;-30,68502;-18,11408;44,34305;69,01052;-22,57726;37,68307;149,511;-20,39091;46,75019;-106,602;-21,06254;45,1173;-12,24248;-17,24688;44,48969;-12,15613;-17,3069;44,19895;0;0;0;-46,97786;-52,82772;68,76768;-300,0733;-108,5494;358,0362;-522,9644;-140,4661;606,7125;-695,1874;-159,1798;796,7545;-82,75294;1,716714;87,56277;-401,2044;254,7995;337,2097;-674,524;258,8745;626,9709;-676,9631;75,67854;694,4694;-563,4941;55,0092;580,8976;-127,7761;73,33629;110,1626;-468,0757;364,6197;369,5557;-725,9309;163,344;715,5847;-614,3831;18,09132;648,1997;-522,3097;143,1618;505,7941;-166,6519;142,1355;127,2116;-497,2815;445,022;372,1912;-730,484;275,3592;680,7605;-614,5485;121,5423;611,7286;-521,1379;245,5115;468,2872;-205,4086;206,9922;145,5305;-502,1169;501,9523;357,1758;-640,8013;296,2896;577,7956;-535,7028;218,9496;493,2137;-486,9576;361,8886;390,6412;0;0;0;0;0;0;-2,481937;-4,069805;-4,119873;-4,551887;-7,47013;-7,564544;-6,114006;-10,04219;-10,15949;0;0;0;0;0;0;-0,486374;-0,002861;-0,048637;-0,343323;-0,001431;-0,031471;-0,120163;0;-0,020027;0;0;0;0;0;0;-0,535011;-0,004292;-0,017166;0,025749;0;0,020027;0,128746;0;0,025749;0;0;0;0;0;0;-0,185967;-0,004292;-0,037193;0,025749;0;0,017166;0,05722;0;0,031471;0;0;0;0;0;0;0;0;0;0;0;0;0;0;0;3,972565;5,609571;7,244202;9,77672;43,70923;-0,377677;3,094337;1,386351;-5,223748;32,74742;90,15088;81,70882;-1,464067;63,82748;103,5774;93,78993;-12,16188;65,25893;103,3226;93,87175;-13,368;83,17043;103,312;94,14545;1,165237;-0,790215;0;-0,008476;-0,105801;0,005264;0;0;-0,18465;0,003433;-0,000458;-0,000458;-0,076847;0,006866;0;0,000458;0;0;0;0;69,91424;-47,41286;0;-0,508547;-6,348037;0,315857;0;0;-11,07902;0,205994;-0,027466;-0,027466;-4,610824;0,411987;0;0,027466;0;0;0;0
95;1520;00:00:01:560;0;0;0;4,301933;0,931985;2,476665;8,196849;-1,418718;1,084834;11,43257;-3,62493;-0,070569;13,87007;-5,375218;-0,934514;3,748769;-0,027312;2,163488;9,056089;-4,193342;5,558209;13,25296;-7,002659;4,994207;13,41697;-6,223174;2,408691;11,65376;-4,985299;2,345894;3,02462;-1,256276;1,786914;7,90209;-6,059121;4,976019;12,15368;-7,759817;1,695183;10,47509;-6,005476;-0,158795;8,994895;-5,606564;1,832434;2,333879;-2,36815;1,502836;6,329383;-7,364681;4,196219;9,880976;-9,05197;1,135603;8,631164;-7,051925;-0,368509;7,23764;-6,599049;1,710244;1,680363;-3,449424;1,197596;4,410833;-8,31429;3,152778;6,693079;-8,825866;-0,051637;5,460484;-7,303812;-0,593466;4,641376;-7,423181;1,558211;62,83945;-13,57753;58,84896;-149,8746;70,23;-179,4536;-146,7801;70,22997;-179,4535;-144,2523;70,06882;-178,2396;-144,2523;70,06884;-178,2396;62,45947;-13,57753;58,84896;96,64654;-16,48465;54,30848;-173,1964;-15,75081;54,3916;-91,73627;-15,9243;55,40547;-91,73431;-15,69198;55,39818;63,90133;-16,26768;53,25523;126,9642;-14,40296;57,59515;-129,1204;-15,87742;56,27958;-35,09526;-14,43279;55,38741;-35,04947;-14,55715;55,20446;65,76813;-19,02365;46,99408;130,8505;-20,10286;48,03623;-125,2849;-21,42848;46,49624;-30,763;-17,97383;44,59374;-30,68723;-18,11207;44,34913;69,01052;-22,57726;37,68307;149,511;-20,39091;46,75019;-106,602;-21,06254;45,1173;-12,24248;-17,24688;44,48969;-12,15613;-17,3069;44,19895;0;0;0;-46,92118;-52,91714;68,70284;-300,0814;-108,7401;357,8855;-523,0293;-140,7415;606,4866;-695,296;-159,5192;796,4708;-82,71351;1,638696;87,49345;-401,1527;254,606;336,9793;-674,5091;258,6456;626,6231;-676,9827;75,53024;694,06;-563,5079;54,99433;580,5906;-127,7584;73,27272;110,0879;-468,0572;364,4489;369,318;-725,9727;163,1797;715,2455;-614,4594;17,96794;647,9146;-522,3485;143,0244;505,5416;-166,6527;142,0846;127,1326;-497,2928;444,8819;371,9624;-730,5549;275,2259;680,4451;-614,6421;121,4442;611,4611;-521,1913;245,398;468,0504;-205,428;206,9537;145,447;-502,1588;501,8512;356,9678;-640,9082;296,21;577,5378;-535,8015;218,8932;493,0019;-487,0181;361,8091;390,4426;0;0;0;3,401041;-5,365848;-3,890633;-0,483513;-11,44552;-9,043693;-3,893852;-16,52241;-13,5498;-6,51741;-20,36047;-17,02308;2,365708;-4,681125;-4,159569;3,10421;-11,61146;-13,82589;0,8955;-13,7372;-20,87116;-1,170158;-8,898138;-24,56474;-0,823975;-0,891924;-18,42212;1,06287;-3,814458;-4,485368;1,115799;-10,24675;-14,2622;-2,506256;-9,86123;-20,35332;-4,580497;-7,402896;-17,10892;-2,328872;-8,244752;-15,15198;-0,049353;-3,057003;-4,742145;-0,680923;-8,402823;-13,72576;-4,254341;-7,997989;-18,92566;-5,613327;-5,882263;-16,05034;-3,204346;-6,810665;-14,20784;-1,164436;-2,307415;-5,011796;-2,5177;-6,062507;-12,47835;-6,417274;-4,772186;-15,46383;-5,916595;-3,38459;-12,70866;-3,630638;-4,767894;-11,91473;3,978086;5,610427;7,244425;9,776335;43,73105;-0,392488;3,0944;1,386492;-5,223185;32,74739;90,18018;81,7352;-1,45871;63,82742;103,5775;93,78991;-12,15576;65,25835;103,3226;93,87173;-13,368;83,17043;103,312;94,14545;1,308975;-0,888634;0,003791;0,008476;0,03376;-0,00206;1,757812;1,582489;0,321379;-0,003662;0,000458;-0,001373;0,366783;-0,035248;0,000458;-0,001373;0;0;0;0;8,624268;-5,905151;0,227451;1,017094;8,373641;-0,439453;105,4687;94,94933;30,36174;-0,42572;0,054932;-0,054932;26,61781;-2,526855;0,027466;-0,109863;0;0;0;0
96;1536;00:00:01:576;0;0;0;4,300834;0,930877;2,47899;8,19536;-1,421855;1,089496;11,43065;-3,629752;-0,063898;13,86779;-5,381309;-0,926307;3,747457;-0,028276;2,16575;9,050985;-4,195578;5,564833;13,24659;-7,007408;5,003928;13,41032;-6,227011;2,41867;11,6471;-4,989008;2,35859;3,023017;-1,257042;1,789086;7,896552;-6,061036;4,982474;12,14943;-7,764396;1,704688;10,47266;-6,009918;-0,150808;8,99143;-5,609831;1,839416;2,331981;-2,368706;1,504905;6,323768;-7,366156;4,202095;9,876387;-9,055911;1,144034;8,628442;-7,055639;-0,361326;7,233888;-6,601578;1,716478;1,678195;-3,449792;1,199576;4,405447;-8,315253;3,157768;6,689403;-8,82869;-0,04513;5,457774;-7,30627;-0,588128;4,637322;-7,42469;1,56309;62,80054;-13,58156;58,83405;-149,8282;70,25491;-179,4342;-146,7338;70,25489;-179,4342;-144,2048;70,09341;-178,2193;-144,2048;70,09341;-178,2193;62,42055;-13,58158;58,83405;96,61024;-16,49545;54,28601;-173,174;-15,76155;54,36866;-91,66129;-15,93542;55,38253;-91,65939;-15,7031;55,37553;63,86252;-16,27538;53,24205;126,925;-14,40738;57,58183;-129,1597;-15,88272;56,26728;-35,13429;-14,43867;55,37407;-35,08849;-14,56315;55,19119;65,72984;-19,03537;46,98252;130,8131;-20,11532;48,02153;-125,3223;-21,44188;46,48235;-30,79906;-17,98837;44,57732;-30,72327;-18,12676;44,33278;68,97389;-22,59468;37,6731;149,4724;-20,40278;46,73958;-106,6403;-21,07543;45,10704;-12,27981;-17,26017;44,47672;-12,1934;-17,32037;44,18599;0;0;0;-46,92118;-52,91714;68,70284;-300,0582;-108,7672;357,9688;-522,9868;-140,7912;606,6395;-695,2391;-159,586;796,6761;-82,71351;1,638696;87,49345;-401,1527;254,606;336,9793;-674,5562;258,6431;626,6181;-676,9354;75,57274;693,9078;-563,4259;55,29253;580,4237;-127,7584;73,27272;110,0879;-468,0572;364,4489;369,318;-725,9776;163,1669;715,2418;-614,4586;17,96818;647,9149;-522,3467;143,0271;505,5427;-166,6527;142,0846;127,1326;-497,2928;444,8819;371,9624;-730,5742;275,215;680,4377;-614,6393;121,4452;611,4626;-521,1839;245,4004;468,0545;-205,428;206,9537;145,447;-502,1588;501,8512;356,9678;-640,9082;296,21;577,5378;-535,8015;218,8932;493,0019;-487,0181;361,8091;390,4426;0;0;0;0;0;0;1,389027;-1,624346;4,996776;2,552032;-2,981186;9,169578;3,4132;-4,011154;12,32242;0;0;0;0;0;0;-2,823829;-0,148773;-0,300407;2,838135;2,549529;-9,129523;4,920959;17,89176;-10,01072;0;0;0;0;0;0;-0,297546;-0,765324;-0,22316;0,051498;0,014752;0,022888;0,108719;0,159502;0,068665;0;0;0;0;0;0;-1,158714;-0,653744;-0,443459;0,165939;0,056505;0,088692;0,443459;0,147343;0,246048;0;0;0;0;0;0;0;0;0;0;0;0;0;0;0;3,984456;5,610732;7,244446;9,776196;43,73891;-0,3979;3,094337;1,38621;-5,233042;32,74789;90,23877;81,78795;-1,457637;63,82741;103,5774;93,78992;-12,15974;65,25874;103,3226;93,87173;-13,368;83,17043;103,312;94,14545;0,471725;-0,324726;-0,003791;-0,016944;-0,591402;0,030212;3,515625;3,164978;0,064423;-0,000916;-0,000458;0,000458;-0,238438;0,023804;-0,000458;0,000458;0;0;0;0;-50,23498;33,83445;-0,454903;-1,525211;-37,50972;1,93634;105,4687;94,94933;-15,41733;0,164795;-0,054932;0,109863;-36,31324;3,543091;-0,054932;0,109863;0;0;0;0
97;1552;00:00:01:592;0;0;0;4,299967;0,93095;2,480467;8,194752;-1,421952;1,091992;11,43025;-3,629992;-0,06054;13,86754;-5,381654;-0,922297;3,746681;-0,028212;2,167092;9,04891;-4,195401;5,56834;13,24449;-7,007583;5,009033;13,40921;-6,227285;2,423806;11,64611;-4,989144;2,363053;3,022352;-1,256987;1,790248;7,894647;-6,060874;4,985689;12,14865;-7,764543;1,709531;10,47259;-6,01014;-0,146674;8,990661;-5,609891;1,842993;2,331394;-2,368656;1,505892;6,322114;-7,366012;4,204832;9,875759;-9,056075;1,148131;8,628431;-7,055833;-0,357782;7,233153;-6,601605;1,719499;1,677695;-3,449748;1,200399;4,404149;-8,315137;3,159881;6,68924;-8,828826;-0,042168;5,457836;-7,306417;-0,585704;4,636612;-7,424683;1,565228;62,78054;-13,589;58,83758;-149,8185;70,26798;-179,4265;-146,7241;70,26795;-179,4265;-144,1944;70,1064;-178,2108;-144,1943;70,10639;-178,2108;62,40055;-13,589;58,83759;96,59169;-16,50587;54,28673;-173,1925;-15,77195;54,36913;-91,67997;-15,94551;55,38311;-91,67802;-15,71319;55,37603;63,84312;-16,28467;53,24633;126,9052;-14,41535;57,58535;-129,1795;-15,89113;56,27128;-35,15379;-14,44738;55,3775;-35,10797;-14,57192;55,19467;65,71133;-19,04663;46,98739;130,7946;-20,12672;48,02558;-125,3405;-21,45374;46,48672;-30,81647;-18,00079;44,58042;-30,74065;-18,13925;44,33589;68,95715;-22,60863;37,67837;149,4538;-20,41413;46,74492;-106,6587;-21,08727;45,11248;-12,2976;-17,27219;44,48083;-12,21113;-17,33248;44,19011;0;0;0;-46,85524;-52,85065;68,56337;-299,9821;-108,6006;357,6671;-522,8957;-140,5415;606,199;-695,1346;-159,2739;796,1296;-82,63474;1,696553;87,35775;-400,8465;254,7401;336,5819;-674,1916;258,9278;626,0333;-676,5486;75,80278;693,3077;-563,0308;55,51506;579,6612;-127,6623;73,3187;109,9576;-467,7249;364,5638;368,9307;-725,7234;163,4417;714,6714;-614,3127;18,23468;647,4358;-522,1386;143,2231;505,1237;-166,5388;142,1179;127,0084;-496,9558;444,9704;371,6098;-730,3021;275,4514;679,9313;-614,4756;121,668;611,0318;-520,9578;245,5522;467,681;-205,2979;206,9758;145,3282;-501,8356;501,909;356,6684;-640,6877;296,3794;577,1475;-535,6388;219,0407;492,6816;-486,7749;361,8996;390,1499;0;0;0;3,956258;3,989696;-8,367776;4,567623;9,997128;-18,10169;5,461692;14,98103;-26,43013;6,274223;18,72539;-32,79304;4,726052;3,471449;-8,141755;18,37349;8,049487;-23,84662;21,87252;17,08317;-35,09044;23,20289;13,80265;-36,00597;23,70357;13,35204;-45,75348;5,768537;2,758741;-7,819175;19,93274;6,893635;-23,24009;15,25497;16,48736;-34,21783;8,749007;15,98999;-28,74755;12,4855;11,76381;-25,13695;6,832838;2,002716;-7,448672;20,21885;5,310058;-21,1544;16,33072;14,18352;-30,38692;9,821891;13,36956;-25,84648;13,56411;9,106635;-22,41039;7,80487;1,324654;-7,129669;19,39201;3,46756;-17,96579;13,23223;10,16235;-23,42319;9,758948;8,847713;-19,21463;14,59122;5,430221;-17,56239;3,985266;5,610964;7,244481;9,776086;43,7451;-0,402072;3,0944;1,386351;-5,236822;32,7481;90,23878;81,78793;-1,457905;63,82741;103,5775;93,78992;-12,16103;65,25886;103,3226;93,87174;-13,368;83,17043;103,312;94,14545;0,371475;-0,250368;0,003791;0,008469;-0,226822;0,012589;0,000458;-0,000916;-0,016115;0;0,000458;0;-0,07782;0,006866;0;0,000458;0;0;0;0;-6,015014;4,461477;0,454903;1,524782;21,87481;-1,057434;-210,91;-189,9536;-4,832267;0,054932;0,054932;-0,027466;9,637069;-1,016235;0,027466;0;0;0;0;0
98;1568;00:00:01:608;0;0;0;4,298783;0,933507;2,481557;8,195005;-1,418364;1,095368;11,4318;-3,625548;-0,055175;13,8701;-5,376563;-0,915401;3,745976;-0,025981;2,168339;9,048706;-4,189896;5,572814;13,2458;-7,000316;5,016006;13,41329;-6,222494;2,430211;11,65038;-4,984346;2,364356;3,022251;-1,255174;1,791692;7,895364;-6,056026;4,990442;12,1513;-7,758913;1,716377;10,47497;-6,00611;-0,141097;8,992182;-5,605786;1,847921;2,331821;-2,367213;1,507501;6,323599;-7,362054;4,209528;9,878902;-9,051824;1,154595;8,631304;-7,05259;-0,352432;7,235165;-6,598168;1,724228;1,678645;-3,448667;1,202175;4,406348;-8,312299;3,16428;6,692698;-8,82623;-0,036832;5,460879;-7,304493;-0,581313;4,638991;-7,422317;1,569389;62,75308;-13,58142;58,8664;-149,7572;70,28902;-179,3463;-146,6628;70,28902;-179,3463;-144,1322;70,12698;-178,1299;-144,1322;70,12703;-178,1299;62,37309;-13,58142;58,86639;96,56184;-16,49837;54,32232;-173,2809;-15,76441;54,40432;-91,82097;-15,93645;55,41851;-91,81892;-15,70415;55,41087;63,81466;-16,27972;53,27668;126,8758;-14,40554;57,62131;-129,2093;-15,88197;56,30808;-35,18354;-14,43866;55,41357;-35,1378;-14,5633;55,23082;65,68204;-19,0447;47,01931;130,7654;-20,12443;48,05764;-125,3701;-21,45218;46,51954;-30,8455;-18,00016;44,61139;-30,76967;-18,13873;44,36692;68,92723;-22,6112;37,71224;149,4243;-20,4123;46,77758;-106,6884;-21,08623;45,14553;-12,32665;-17,27147;44,51183;-12,2402;-17,33189;44,22113;0;0;0;-46,80318;-52,85503;68,47472;-299,9413;-108,5879;357,5243;-522,8641;-140,5145;606,0103;-695,1094;-159,2363;795,9062;-82,58823;1,692697;87,27724;-400,7219;254,7295;336,3715;-674,0409;258,9386;625,7292;-676,4763;75,72935;693,1403;-562,9677;55,20469;579,4291;-127,6223;73,31541;109,8878;-467,6106;364,5541;368,7378;-725,6561;163,4505;714,3814;-614,3098;18,24803;647,187;-522,0974;143,2268;504,9078;-166,5036;142,1149;126,9492;-496,8566;444,9618;371,4456;-730,2654;275,4613;679,6852;-614,4749;121,6796;610,8192;-520,9135;245,5538;467,5;-205,268;206,9732;145,2788;-501,7577;501,9021;356,5416;-640,6779;296,3876;576,9697;-535,6425;219,0495;492,5362;-486,7322;361,8992;390,0217;0;0;0;3,123343;-0,262857;-5,319356;2,443313;0,760317;-8,567332;1,899719;1,616478;-11,32107;1,507759;2,257347;-13,40389;2,79057;-0,231341;-4,830479;7,472991;-0,636578;-12,62426;9,043693;0,649452;-18,23902;4,33731;-4,405617;-10,04791;3,787994;-18,6224;-13,9246;2,396106;-0,196695;-4,182815;6,860733;-0,582218;-11,57284;4,034042;0,528574;-17,4036;0,177383;0,800639;-14,93168;2,474785;0,218868;-12,95471;2,111435;-0,18096;-3,552675;5,950927;-0,517845;-9,851932;2,197265;0,592232;-14,76574;0,045776;0,69952;-12,75444;2,663612;0,095844;-10,8633;1,796722;-0,157356;-2,962589;4,674911;-0,417709;-7,604598;0,58651;0,493526;-10,66589;-0,22316;0,529289;-8,72898;2,557754;-0,025749;-7,69472;3,97967;5,61093;7,244465;9,776123;43,74313;-0,40073;3,0944;1,386069;-5,231506;32,74782;90,18018;81,73519;-1,450909;63,82732;103,5775;93,78992;-12,16146;65,2589;103,3226;93,87173;-13,368;83,17043;103,312;94,14545;-0,118332;0,080538;0;-0,016937;0,318947;-0,016937;-3,516083;-3,16452;0,419798;-0,005264;0;0;-0,025234;0,002747;0,000458;-0,000916;0;0;0;0;-29,38842;19,85435;-0,227451;-1,524353;32,74612;-1,771545;-210,9924;-189,8163;26,15475;-0,315857;-0,027466;0;3,155136;-0,247192;0,027466;-0,082397;0;0;0;0
99;1584;00:00:01:624;0;0;0;4,298783;0,933507;2,481557;8,195005;-1,418364;1,095368;11,4318;-3,625548;-0,055175;13,8701;-5,376563;-0,915401;3,745976;-0,025981;2,168339;9,048706;-4,189896;5,572814;13,2458;-7,000316;5,016006;13,41329;-6,222494;2,430211;11,65038;-4,984346;2,364356;3,022251;-1,255174;1,791692;7,895364;-6,056026;4,990442;12,1513;-7,758913;1,716377;10,47497;-6,00611;-0,141097;8,992182;-5,605786;1,847921;2,331821;-2,367213;1,507501;6,323599;-7,362054;4,209528;9,878902;-9,051824;1,154595;8,631304;-7,05259;-0,352432;7,235165;-6,598168;1,724228;1,678645;-3,448667;1,202175;4,406348;-8,312299;3,16428;6,692698;-8,82623;-0,036832;5,460879;-7,304493;-0,581313;4,638991;-7,422317;1,569389;62,75308;-13,58142;58,8664;-149,7572;70,28902;-179,3463;-146,6628;70,28902;-179,3463;-144,1322;70,12698;-178,1299;-144,1322;70,12703;-178,1299;62,37309;-13,58142;58,86639;96,56184;-16,49837;54,32232;-173,2809;-15,76441;54,40432;-91,82097;-15,93645;55,41851;-91,81892;-15,70415;55,41087;63,81466;-16,27972;53,27668;126,8758;-14,40554;57,62131;-129,2093;-15,88197;56,30808;-35,18354;-14,43866;55,41357;-35,1378;-14,5633;55,23082;65,68204;-19,0447;47,01931;130,7654;-20,12443;48,05764;-125,3701;-21,45218;46,51954;-30,8455;-18,00016;44,61139;-30,76967;-18,13873;44,36692;68,92723;-22,6112;37,71224;149,4243;-20,4123;46,77758;-106,6884;-21,08623;45,14553;-12,32665;-17,27147;44,51183;-12,2402;-17,33189;44,22113;0;0;0;-46,73217;-53,00847;68,40935;-299,9566;-108,8032;357,3217;-522,9569;-140,7812;605,6884;-695,2626;-159,5418;795,4924;-82,54589;1,558889;87,20244;-400,7097;254,3992;336,1031;-674,1196;258,5026;625,3109;-676,7211;75,44189;692,756;-563,2238;54,9168;579,3509;-127,6163;73,20659;109,8013;-467,6536;364,2632;368,4526;-725,8148;163,1127;713,9706;-614,4521;18,00623;646,8524;-522,1887;142,9805;504,6122;-166,5292;142,0283;126,8527;-496,9457;444,7243;371,1638;-730,454;275,2062;679,2974;-614,6472;121,4851;610,4982;-521,0341;245,3476;467,2162;-205,325;206,9084;145,1722;-501,8897;501,7317;356,2777;-640,8854;296,2318;576,6496;-535,8251;218,9341;492,2727;-486,8751;361,7573;389,772;0;0;0;4,260778;-9,206056;-3,922104;-0,912666;-12,91466;-12,15362;-5,570411;-15,99812;-19,31476;-9,189605;-18,32628;-24,82796;2,540231;-8,028527;-4,488229;0,732422;-19,81687;-16,1047;-4,720687;-26,16262;-25,10548;-14,68277;-17,24803;-23,05698;-15,36369;-17,27342;-4,692077;0,364065;-6,529927;-5,195617;-2,580642;-17,45653;-17,11178;-9,518622;-20,26963;-24,64485;-8,543014;-14,50807;-20,0758;-5,478858;-14,77861;-17,73834;-1,535654;-5,197048;-5,791425;-5,34439;-14,24789;-16,90864;-11,31248;-15,30504;-23,2687;-10,3426;-11,67512;-19,2604;-7,241248;-12,36963;-17,02595;-3,417492;-3,88956;-6,393671;-7,919311;-10,21957;-15,83576;-12,45117;-9,346961;-19,20891;-10,95772;-6,923676;-15,80715;-8,568763;-8,515834;-14,98031;3,97967;5,61093;7,244465;9,776123;43,74313;-0,40073;3,0944;1,386069;-5,231506;32,74782;90,18018;81,73519;-1,450909;63,82732;103,5775;93,78992;-12,16146;65,2589;103,3226;93,87173;-13,368;83,17043;103,312;94,14545;0;0;0;0;0;0;0;0;0;0;0;0;0;0;0;0;0;0;0;0;7,099914;-4,832267;0;1,016235;-19,13681;1,016235;210,9649;189,8712;-25,18787;0,315857;0;0;1,514053;-0,164795;-0,027466;0,054932;0;0;0;0
100;1600;00:00:01:640;0;0;0;4,300127;0,930072;2,480519;8,195822;-1,422477;1,094002;11,43208;-3,630225;-0,056972;13,86993;-5,381668;-0,917578;3,746801;-0,028979;2,166874;9,04912;-4,197358;5,566522;13,24409;-7,010174;5,005842;13,41112;-6,230382;2,420612;11,64903;-4,990985;2,356429;3,022422;-1,257619;1,789686;7,894781;-6,062621;4,983352;12,14854;-7,765398;1,706411;10,47244;-6,010339;-0,149138;8,990636;-5,610673;1,84074;2,331422;-2,369183;1,505021;6,322173;-7,367477;4,202173;9,875521;-9,056762;1,144699;8,628258;-7,055916;-0,360463;7,23313;-6,60229;1,71705;1,67768;-3,450163;1,199226;4,404126;-8,31623;3,157032;6,689027;-8,828971;-0,045304;5,457629;-7,306363;-0,588295;4,636522;-7,425281;1,562646;62,79289;-13,60269;58,83331;-149,8615;70,30589;-179,4671;-146,767;70,30589;-179,467;-144,2346;70,14461;-178,2488;-144,2346;70,14465;-178,2487;62,41291;-13,6027;58,83332;96,60854;-16,5231;54,27017;-173,2343;-15,78919;54,35278;-91,77489;-15,96204;55,36696;-91,7729;-15,72973;55,35951;63,85695;-16,29712;53,24109;126,9181;-14,42912;57,58001;-129,1662;-15,90461;56,26551;-35,14031;-14,46066;55,37203;-35,09445;-14,58516;55,18914;65,72673;-19,05756;46,98099;130,8111;-20,13909;48,01563;-125,3236;-21,46568;46,47624;-30,79952;-18,01221;44,57089;-30,72359;-18,15059;44,32629;68,97463;-22,61706;37,67028;149,4694;-20,425;46,73811;-106,6427;-21,09773;45,10536;-12,28185;-17,28247;44,4748;-12,19533;-17,34269;44,18404;0;0;0;-46,73217;-53,00847;68,40935;-299,8878;-108,6903;357,4362;-522,8306;-140,574;605,8984;-695,0931;-159,2633;795,7744;-82,54589;1,558889;87,20244;-400,7097;254,3992;336,1031;-674,1988;258,5016;625,3035;-676,7766;75,44128;692,7504;-563,2433;54,91664;579,3478;-127,6163;73,20659;109,8013;-467,6536;364,2632;368,4526;-725,8379;163,1126;713,97;-614,451;18,0062;646,8531;-522,1831;142,9804;504,6136;-166,5292;142,0283;126,8527;-496,9457;444,7243;371,1638;-730,4611;275,206;679,2958;-614,6464;121,485;610,4987;-521,0319;245,3476;467,2174;-205,325;206,9084;145,1722;-501,8897;501,7317;356,2777;-640,8854;296,2318;576,6496;-535,8251;218,9341;492,2727;-486,8751;361,7573;389,772;0;0;0;0;0;0;4,128456;6,771326;6,866455;7,575988;12,42828;12,59995;10,17094;16,70766;16,92009;0;0;0;0;0;0;-4,75502;-0,05579;-0,437737;-3,330231;-0,03612;-0,337601;-1,173019;-0,009656;-0,188828;0;0;0;0;0;0;-1,387596;-0,005722;-0,042915;0,071526;-0,001341;0,048637;0,33474;-0,002861;0,085831;0;0;0;0;0;0;-0,426292;-0,012875;-0,091553;0,051498;-0,001431;0,02861;0,134468;0;0,074387;0;0;0;0;0;0;0;0;0;0;0;0;0;0;0;3,975445;5,609659;7,244191;9,77669;43,71082;-0,37877;3,094337;1,386351;-5,248595;32,7487;90,18018;81,7352;-1,458845;63,82743;103,5775;93,78991;-12,16436;65,25918;103,3226;93,87175;-13,368;83,17043;103,312;94,14545;-1,938858;1,317587;-0,003791;0,016937;-1,025333;0,053101;0;0,000458;-0,476153;0,006409;0;-0,000458;-0,174122;0,016479;-0,000458;0,001373;0;0;0;0;-116,3315;79,05521;-0,227451;1,016235;-61,52;3,186035;0;0,027466;-28,56917;0,384521;0;-0,027466;-10,44731;0,98877;-0,027466;0,082397;0;0;0;0
101;1616;00:00:01:656;0;0;0;4,299738;0,929358;2,481459;8,195886;-1,422852;1,095634;11,43252;-3,630317;-0,054829;13,87065;-5,381552;-0,915071;3,746454;-0,029602;2,167466;9,048188;-4,198954;5,566836;13,24354;-7,011216;5,006228;13,4109;-6,230862;2,421188;11,64869;-4,991634;2,356988;3,022123;-1,258133;1,78983;7,893924;-6,064047;4,982976;12,14819;-7,765996;1,706252;10,47241;-6,010402;-0,149087;8,99029;-5,611257;1,840663;2,331158;-2,369613;1,504753;6,321429;-7,368677;4,201192;9,875197;-9,057228;1,143802;8,628258;-7,0559;-0,360986;7,232814;-6,602815;1,716435;1,677455;-3,450504;1,198561;4,40354;-8,317128;3,155487;6,688949;-8,829026;-0,046623;5,457653;-7,306257;-0,589398;4,6362;-7,425751;1,561379;62,79308;-13,62071;58,83272;-149,9048;70,32509;-179,5081;-146,8103;70,32507;-179,508;-144,2763;70,16411;-178,2883;-144,2763;70,16411;-178,2883;62,41308;-13,62071;58,83272;96,60822;-16,53822;54,2762;-173,2347;-15,80431;54,35883;-91,77553;-15,97715;55,37309;-91,77352;-15,74483;55,36563;63,85897;-16,31504;53,23997;126,9187;-14,44728;57,57893;-129,1651;-15,92275;56,26429;-35,13895;-14,47878;55,37077;-35,09301;-14,60328;55,18787;65,73083;-19,07516;46,9791;130,8156;-20,15745;48,01176;-125,3186;-21,48393;46,47206;-30,79395;-18,03029;44,56684;-30,71795;-18,16865;44,32222;68,98186;-22,63381;37,66694;149,4736;-20,44257;46,73608;-106,638;-21,11518;45,10309;-12,277;-17,29989;44,4728;-12,19039;-17,36008;44,18201;0;0;0;-46,81279;-52,80234;68,4716;-299,9191;-108,4145;357,5476;-522,8148;-140,2401;606,0602;-695,0395;-158,8854;795,9776;-82,59543;1,738731;87,29031;-400,7345;254,847;336,4805;-674,0623;259,0935;625,9166;-676,6226;75,91485;693,3287;-563,1537;55,31508;579,8247;-127,6265;73,35333;109,9216;-467,6187;364,6589;368,878;-725,6737;163,5017;714,568;-614,2994;18,25994;647,3357;-522,09;143,2737;505,0445;-166,5052;142,1465;127,0015;-496,8602;445,0497;371,6051;-730,2631;275,5022;679,8885;-614,463;121,6846;610,981;-520,9082;245,595;467,649;-205,2671;206,9981;145,3492;-501,7564;501,9676;356,7126;-640,6651;296,3963;577,1579;-535,6301;219,0463;492,6917;-486,7269;361,9351;390,1765;0;0;0;-4,837453;12,36784;3,735423;-1,878261;16,54887;6,68478;0,952721;20,03574;9,710311;3,218651;22,67504;12,19368;-2,971887;10,79053;5,27215;-1,487732;26,86214;22,64786;8,193969;35,51101;36,78131;9,238242;28,41389;34,70134;5,375862;23,90671;28,61881;-0,614405;8,804797;7,219075;2,09713;23,74363;25,52605;9,853362;23,34738;35,88295;9,09233;15,22422;28,95069;5,581855;17,59386;25,84934;1,436949;7,091761;8,927821;5,132675;19,52076;26,47877;11,88183;17,77124;35,55965;11,00063;11,97338;28,93352;7,421493;14,83869;25,89512;3,473282;5,384445;10,61797;7,999419;14,15348;26,09253;13,21793;9,867667;30,4985;11,70444;6,730556;25,13695;8,892058;10,66875;24,27292;3,974358;5,609344;7,244111;9,776839;43,70249;-0,373157;3,0944;1,386351;-5,241273;32,74834;90,18017;81,73519;-1,459247;63,82742;103,5774;93,78995;-12,16637;65,25938;103,3226;93,87173;-13,368;83,17043;103,312;94,14545;-0,49942;0,336828;0,003791;0;0,439339;-0,021973;-0,000458;-0,000458;-0,02414;-0,000229;-0,000458;0,002289;-0,120506;0,01236;0;-0,001373;0;0;0;0;86,36626;-58,84551;0,454903;-1,016235;87,88032;-4,504394;-0,027466;-0,054932;27,12078;-0,398254;-0,027466;0,164795;3,216933;-0,247192;0,027466;-0,164795;0;0;0;0
102;1632;00:00:01:672;0;0;0;4,298801;0,928809;2,483289;8,196089;-1,423065;1,100104;11,43367;-3,630251;-0,048215;13,87251;-5,381275;-0,906859;3,745638;-0,030081;2,168869;9,046109;-4,200187;5,569283;13,2411;-7,013118;5,009316;13,4096;-6,231927;2,424604;11,64766;-4,992315;2,360154;3,021454;-1,258529;1,790681;7,892072;-6,065152;4,984563;12,14751;-7,766431;1,709023;10,4725;-6,010325;-0,146511;8,989638;-5,611621;1,842777;2,330601;-2,369947;1,50509;6,319878;-7,369609;4,201891;9,874557;-9,057724;1,145317;8,628462;-7,055758;-0,359324;7,232303;-6,603113;1,71771;1,677017;-3,450771;1,198406;4,402385;-8,31783;3,155248;6,689002;-8,828987;-0,046118;5,457903;-7,306101;-0,589009;4,635642;-7,426087;1,561431;62,78104;-13,64305;58,83578;-149,9371;70,37083;-179,5376;-146,8427;70,3708;-179,5375;-144,3056;70,21004;-178,3149;-144,3055;70,21006;-178,3148;62,40105;-13,64304;58,83578;96,60157;-16,56658;54,26636;-173,2413;-15,83268;54,34891;-91,78268;-16,00541;55,36333;-91,78069;-15,77309;55,35584;63,84911;-16,3384;53,24297;126,9077;-14,47081;57,5798;-129,1756;-15,94651;56,2653;-35,149;-14,50269;55,37141;-35,103;-14,62723;55,18851;65,72359;-19,09943;46,9817;130,8111;-20,18488;48,00529;-125,3223;-21,51147;46,4654;-30,79667;-18,05793;44,55965;-30,72056;-18,1963;44,31499;68,97879;-22,65886;37,66836;149,4664;-20,46686;46,73883;-106,6444;-21,13966;45,10565;-12,28306;-17,32442;44,47483;-12,19632;-17,38464;44,18401;0;0;0;-46,78951;-52,75953;68,4152;-299,88;-108,3217;357,5209;-522,7625;-140,1054;606,0624;-694,9769;-158,7187;796,0028;-82,57457;1,776114;87,25478;-400,6786;254,9427;336,4617;-674,0918;259,1554;625,8876;-676,6531;75,94319;693,2897;-563,1486;55,35393;579,7887;-127,6086;73,38418;109,9129;-467,5673;364,7445;368,9006;-725,6592;163,5377;714,5774;-614,2972;18,26372;647,333;-522,0676;143,3086;505,0496;-166,4894;142,1723;127,0176;-496,8156;445,1217;371,664;-730,2667;275,5295;679,9374;-614,4602;121,6836;611,0139;-520,882;245,6264;467,6899;-205,2536;207,0186;145,3891;-501,7212;502,0215;356,8053;-640,6604;296,3996;577,237;-535,6315;219,0399;492,7578;-486,7076;361,9633;390,2526;0;0;0;1,397431;2,568125;-3,384233;2,344608;5,569696;-1,599312;3,138542;8,083104;0,134468;3,756523;10,00357;1,513481;1,25134;2,242997;-2,131819;3,353119;5,744934;-1,131534;-1,770973;3,713607;-1,736641;-1,831054;1,700521;-2,343178;0,303268;2,330661;-2,162933;1,075745;1,850724;-0,51856;3,084183;5,136966;1,353264;0,86689;2,156496;0,563622;0,131607;0,226647;-0,160217;1,350403;2,09856;0,306129;0,94986;1,549959;0,963449;2,677917;4,320144;3,530502;-0,217438;1,643658;2,935409;0,1688;-0,059366;1,974106;1,570702;1,889705;2,454757;0,8111;1,228809;2,393245;2,111435;3,232956;5,560398;0,283241;0,198841;4,746437;-0,085831;-0,381947;3,971099;1,158714;1,692295;4,563331;3,97173;5,608569;7,243871;9,777195;43,68235;-0,3595;3,0944;1,38621;-5,254752;32,74901;90,18016;81,73521;-1,461525;63,82744;103,5775;93,78992;-12,17576;65,26028;103,3226;93,87175;-13,368;83,17043;103,312;94,14545;-1,208267;0,819426;0;-0,008469;-0,808725;0,040283;-0,000458;0,001373;-0,136685;0,001144;0,000458;-0,001373;-0,563793;0,054016;0,000458;0,001373;0;0;0;0;-42,53082;28,95584;-0,227451;-0,508118;-74,88383;3,735351;0;0,109863;-6,752729;0,082397;0,054932;-0,219727;-26,59721;2,499389;0,027466;0,164795;0;0;0;0
103;1648;00:00:01:688;0;0;0;4,298801;0,928809;2,483289;8,196089;-1,423065;1,100104;11,43367;-3,630251;-0,048215;13,87251;-5,381275;-0,906859;3,745638;-0,030081;2,168869;9,046109;-4,200187;5,569283;13,2411;-7,013118;5,009316;13,4096;-6,231927;2,424604;11,64766;-4,992315;2,360154;3,021454;-1,258529;1,790681;7,892072;-6,065152;4,984563;12,14751;-7,766431;1,709023;10,4725;-6,010325;-0,146511;8,989638;-5,611621;1,842777;2,330601;-2,369947;1,50509;6,319878;-7,369609;4,201891;9,874557;-9,057724;1,145317;8,628462;-7,055758;-0,359324;7,232303;-6,603113;1,71771;1,677017;-3,450771;1,198406;4,402385;-8,31783;3,155248;6,689002;-8,828987;-0,046118;5,457903;-7,306101;-0,589009;4,635642;-7,426087;1,561431;62,78104;-13,64305;58,83578;-149,9371;70,37083;-179,5376;-146,8427;70,3708;-179,5375;-144,3056;70,21004;-178,3149;-144,3055;70,21006;-178,3148;62,40105;-13,64304;58,83578;96,60157;-16,56658;54,26636;-173,2413;-15,83268;54,34891;-91,78268;-16,00541;55,36333;-91,78069;-15,77309;55,35584;63,84911;-16,3384;53,24297;126,9077;-14,47081;57,5798;-129,1756;-15,94651;56,2653;-35,149;-14,50269;55,37141;-35,103;-14,62723;55,18851;65,72359;-19,09943;46,9817;130,8111;-20,18488;48,00529;-125,3223;-21,51147;46,4654;-30,79667;-18,05793;44,55965;-30,72056;-18,1963;44,31499;68,97879;-22,65886;37,66836;149,4664;-20,46686;46,73883;-106,6444;-21,13966;45,10565;-12,28306;-17,32442;44,47483;-12,19632;-17,38464;44,18401;0;0;0;-46,73324;-52,7266;68,30541;-299,8922;-108,3089;357,2527;-522,8316;-140,1093;605,6656;-695,0889;-158,7353;795,5101;-82,52565;1,804881;87,17062;-400,5539;255,0167;336,3149;-673,9453;259,2695;625,7024;-676,5748;76,00707;693,0847;-563,0872;55,39479;579,5988;-127,5685;73,40794;109,8619;-467,4561;364,8108;368,8054;-725,6189;163,5637;714,4111;-614,3024;18,25914;647,1785;-522,0285;143,3305;504,9227;-166,456;142,1924;126,9973;-496,7225;445,1776;371,6221;-730,2282;275,5593;679,8465;-614,4725;121,6751;610,9141;-520,8514;245,6443;467,6134;-205,2273;207,0346;145,3984;-501,6519;502,0636;356,8196;-640,6636;296,3972;577,2067;-535,6465;219,0306;492,7345;-486,674;361,9834;390,2495;0;0;0;3,375649;1,976251;-6,587505;-0,732422;0,767469;-16,09325;-4,151344;-0,237465;-23,81229;-6,720543;-0,996351;-29,56581;2,935409;1,72599;-5,050063;7,484435;4,438877;-8,807658;8,791923;6,847858;-11,11507;4,694938;3,833055;-12,29668;3,690719;2,451539;-11,39545;2,406835;1,425505;-3,060579;6,669044;3,97396;-5,713462;2,420425;1,564264;-9,979247;-0,306129;-0,274926;-9,272574;2,343178;1,31464;-7,61032;2,004862;1,200914;-1,213074;5,584716;3,35598;-2,514839;2,305984;1,783848;-5,453109;-0,735283;-0,509262;-5,982399;1,839638;1,072883;-4,591941;1,574993;0,958443;0,55933;4,157066;2,526283;0,861168;-0,191689;-0,14019;-1,816749;-0,901222;-0,55933;-1,39904;2,011299;1,210213;-0,187397;3,97173;5,608569;7,243871;9,777195;43,68235;-0,3595;3,0944;1,38621;-5,254752;32,74901;90,18016;81,73521;-1,461525;63,82744;103,5775;93,78992;-12,17576;65,26028;103,3226;93,87175;-13,368;83,17043;103,312;94,14545;0;0;0;0;0;0;0;0;0;0;0;0;0;0;0;0;0;0;0;0;72,49603;-49,16553;0;0,508118;48,52351;-2,416992;0,027466;-0,082397;8,201122;-0,068665;-0,027466;0,082397;33,82759;-3,240966;-0,027466;-0,082397;0;0;0;0
104;1664;00:00:01:704;0;0;0;4,298495;0,930168;2,483309;8,198338;-1,4181;1,101196;11,43822;-3,622291;-0,046384;13,87886;-5,371062;-0,904524;3,745954;-0,028901;2,16834;9,049773;-4,197549;5,565317;13,24765;-7,005787;5,00347;13,41496;-6,223231;2,419093;11,65171;-4,985455;2,355459;3,022569;-1,257603;1,78945;7,896946;-6,062932;4,97954;12,15321;-7,758991;1,702359;10,47662;-6,002983;-0,151854;8,99374;-5,606627;1,837885;2,332446;-2,369312;1,50323;6,325548;-7,367967;4,196233;9,881102;-9,051493;1,138147;8,633271;-7,049562;-0,365103;7,237049;-6,599255;1,712397;1,679568;-3,450388;1,195931;4,40857;-8,316833;3,149234;6,695102;-8,824325;-0,052775;5,462876;-7,301937;-0,594508;4,640991;-7,423892;1,555965;62,80776;-13,67092;58,86911;-150,0376;70,4073;-179,5913;-146,9431;70,4073;-179,5912;-144,4029;70,24732;-178,3655;-144,4029;70,24728;-178,3655;62,42778;-13,67093;58,86912;96,6244;-16,58322;54,32043;-173,2186;-15,84937;54,40329;-91,76025;-16,02247;55,41772;-91,75825;-15,79016;55,41031;63,87889;-16,36363;53,27424;126,9343;-14,4967;57,61595;-129,1482;-15,97181;56,30058;-35,12138;-14,52758;55,40729;-35,07528;-14,65202;55,22432;65,75655;-19,12138;47,01056;130,8422;-20,20572;48,03838;-125,2903;-21,53151;46,49751;-30,7647;-18,07697;44,59356;-30,68846;-18,21522;44,34881;69,01595;-22,67547;37,69368;149,4998;-20,48868;46,76682;-106,6103;-21,16057;45,13299;-12,24946;-17,34499;44,50447;-12,16259;-17,40505;44,21358;0;0;0;-46,73324;-52,7266;68,30541;-299,8137;-108,1799;357,3832;-522,6876;-139,8725;605,905;-694,8954;-158,417;795,8317;-82,52565;1,804881;87,17062;-400,5539;255,0167;336,3149;-673,8358;259,2708;625,7124;-676,4982;76,00783;693,0926;-563,0602;55,39495;579,6031;-127,5685;73,40794;109,8619;-467,4561;364,8108;368,8054;-725,6085;163,5638;714,4114;-614,3029;18,25914;647,178;-522,031;143,3305;504,9221;-166,456;142,1924;126,9973;-496,7225;445,1776;371,6221;-730,2166;275,5596;679,849;-614,4739;121,6751;610,9134;-520,855;245,6443;467,6114;-205,2273;207,0346;145,3984;-501,6519;502,0636;356,8196;-640,6636;296,3972;577,2067;-535,6465;219,0306;492,7345;-486,674;361,9834;390,2495;0;0;0;0;0;0;4,709243;7,740497;7,829188;8,643149;14,20784;14,36806;11,60717;19,09733;19,2976;0;0;0;0;0;0;6,566048;0,072956;0,600815;4,600524;0,045419;0,472069;1,616478;0,009656;0,260353;0;0;0;0;0;0;0,623703;0,002146;0,017166;-0,034332;0;-0,025749;-0,151634;0;-0,037193;0;0;0;0;0;0;0,69809;0,018597;0,148773;-0,085831;0;-0,045776;-0,220299;0;-0,123024;0;0;0;0;0;0;0;0;0;0;0;0;0;0;0;3,966912;5,607201;7,243646;9,777851;43,64546;-0,334469;3,094337;1,386492;-5,231132;32,7478;90,18017;81,73519;-1,45804;63,8274;103,5775;93,78993;-12,17102;65,25983;103,3226;93,87174;-13,368;83,17043;103,312;94,14545;-2,213745;1,501808;-0,003791;0,016944;1,417179;-0,072327;0,000458;-0,001373;0,209127;-0,002518;0;0,000458;0,284729;-0,027466;-0,000458;-0,000458;0;0;0;0;-132,8247;90,10847;-0,227451;1,016665;85,03073;-4,339599;0,027466;-0,082397;12,54759;-0,151062;0;0,027466;17,08374;-1,647949;-0,027466;-0,027466;0;0;0;0
105;1680;00:00:01:720;0;0;0;4,299205;0,929741;2,48224;8,199183;-1,418349;1,100209;11,43918;-3,622394;-0,047333;13,8799;-5,371055;-0,905457;3,746565;-0,029273;2,167279;9,051299;-4,198499;5,562118;13,24888;-7,006855;4,998596;13,4155;-6,223853;2,414307;11,65229;-4,985974;2,35139;3,02306;-1,25791;1,788404;7,89829;-6,06378;4,976378;12,15356;-7,75945;1,697712;10,47652;-6,003063;-0,155732;8,994217;-5,606986;1,834493;2,332845;-2,369568;1,502207;6,326656;-7,368679;4,193313;9,881234;-9,051876;1,133911;8,633112;-7,049584;-0,368615;7,237507;-6,599568;1,709364;1,67987;-3,45059;1,194925;4,409374;-8,317364;3,146708;6,694997;-8,824385;-0,056023;5,462635;-7,3019;-0,597174;4,641355;-7,42418;1,553512;62,8267;-13,67013;58,86406;-150,059;70,41291;-179,6114;-146,9645;70,41291;-179,6113;-144,4238;70,253;-178,3851;-144,4237;70,25304;-178,3851;62,44671;-13,67014;58,86406;96,64423;-16,58203;54,31184;-173,1989;-15,84817;54,39494;-91,74052;-16,0216;55,40933;-91,73853;-15,78929;55,40201;63,89788;-16,36105;53,2683;126,9538;-14,49624;57,60889;-129,1286;-15,97091;56,293;-35,102;-14,52639;55,40024;-35,0559;-14,65077;55,21722;65,77543;-19,11683;47,0038;130,8625;-20,20277;48,02753;-125,2699;-21,52805;46,48618;-30,74483;-18,07288;44,58358;-30,66859;-18,21105;44,33877;69,03423;-22,66809;37,68605;149,5188;-20,48405;46,75958;-106,5913;-21,15543;45,12556;-12,231;-17,33966;44,49839;-12,14415;-17,39963;44,20747;0;0;0;-46,71491;-52,80809;68,30424;-299,91;-108,4141;357,3819;-522,8898;-140,2335;605,9131;-695,1811;-158,8728;795,8499;-82,54458;1,734048;87,20238;-400,7737;254,8584;336,5528;-674,2415;258,8307;626,0621;-676,829;75,48601;693,4223;-563,3062;54,98332;579,8842;-127,6353;73,35237;109,9357;-467,7486;364,6776;369,1068;-725,9554;163,1174;714,811;-614,5502;17,81856;647,4987;-522,2759;143,0308;505,2159;-166,5667;142,1543;127,109;-497,0626;445,0791;371,9615;-730,6183;275,1855;680,2772;-614,7614;121,3034;611,2607;-521,137;245,4129;467,9318;-205,3803;207,0116;145,5469;-502,023;502,0038;357,1805;-641,0296;296,1175;577,6061;-535,9449;218,7807;493,0644;-486,995;361,8518;390,5774;0;0;0;1,099706;-4,889845;-0,069737;-5,780696;-14,05549;-0,077248;-12,13074;-21,65508;0,480652;-17,14039;-27,3478;1,092911;-1,135826;-4,249949;1,905799;-13,18932;-9,494304;14,27794;-24,34158;-26,40295;20,97988;-19,84978;-31,30924;19,78397;-14,75715;-24,69778;16,86859;-4,012584;-3,333807;4,429578;-17,54951;-7,989406;18,08309;-20,8168;-26,78561;23,97823;-14,83726;-26,43451;19,23752;-14,69135;-17,98296;17,62962;-6,640434;-2,283811;6,697655;-20,41054;-5,910873;20,36762;-24,10126;-22,44615;25,69485;-17,24911;-22,30525;20,83969;-16,91723;-13,88884;19,22607;-9,182452;-1,376152;8,909225;-22,26448;-3,590583;21,65079;-21,96121;-16,78419;23,96393;-17,90428;-14,99176;19,79255;-19,2604;-7,899283;19,67668;3,964542;5,606507;7,243476;9,778171;43,62729;-0,322149;3,0944;1,386351;-5,233828;32,74794;90,18017;81,73521;-1,459783;63,82743;103,5774;93,78994;-12,17469;65,26019;103,3226;93,87174;-13,368;83,17043;103,312;94,14545;-1,090393;0,739202;0,003791;-0,008476;-0,161762;0,008011;0;0,000916;-0,104628;0,00206;-0,000458;0,000458;-0,220585;0,021515;0,000458;0;0;0;0;0;67,40112;-45,75633;0,454903;-1,525211;-94,73647;4,820251;-0,027466;0,137329;-18,82524;0,274658;-0,027466;0;-30,31883;2,938842;0,054932;0,027466;0;0;0;0
106;1696;00:00:01:736;0;0;0;4,299365;0,92948;2,48206;8,199293;-1,418442;1,099603;11,43925;-3,622345;-0,048321;13,87994;-5,370901;-0,906745;3,746708;-0,029501;2,167029;9,051681;-4,199087;5,561054;13,24931;-7,007255;4,996979;13,41574;-6,223996;2,412759;11,65249;-4,986167;2,350077;3,023183;-1,258098;1,788064;7,898638;-6,064306;4,975182;12,15377;-7,759485;1,696079;10,47653;-6,00301;-0,157096;8,994336;-5,60718;1,833265;2,332953;-2,369727;1,501789;6,326959;-7,369123;4,192074;9,88137;-9,051933;1,132265;8,633108;-7,049513;-0,369974;7,237631;-6,599739;1,708143;1,679961;-3,450717;1,194429;4,409612;-8,317698;3,145489;6,695026;-8,824353;-0,05745;5,462622;-7,301813;-0,59835;4,641484;-7,424335;1,552377;62,83342;-13,67366;58,86268;-150,0778;70,41047;-179,6289;-146,9834;70,41045;-179,6289;-144,4426;70,25072;-178,4026;-144,4426;70,25074;-178,4026;62,45344;-13,67366;58,86268;96,65083;-16,58433;54,31175;-173,1923;-15,85049;54,39496;-91,73396;-16,02404;55,40932;-91,73199;-15,79172;55,40203;63,90502;-16,36392;53,26649;126,9599;-14,49854;57,60996;-129,1224;-15,97308;56,29389;-35,09572;-14,52846;55,40128;-35,04961;-14,65283;55,21825;65,78295;-19,11893;47,00153;130,8697;-20,20463;48,02622;-125,2626;-21,52973;46,48468;-30,73761;-18,07433;44,58252;-30,66137;-18,21247;44,33769;69,04221;-22,66902;37,68318;149,5264;-20,48613;46,75712;-106,5836;-21,15732;45,12297;-12,22344;-17,34146;44,49634;-12,13658;-17,40139;44,20542;0;0;0;-46,7575;-52,78249;68,36838;-299,9584;-108,3954;357,445;-522,943;-140,2204;605,9771;-695,2379;-158,8639;795,9153;-82,58124;1,7564;87,26602;-400,8653;254,9155;336,7448;-674,3066;258,8948;626,3552;-676,8552;75,52336;693,7101;-563,339;55,01447;580,1288;-127,6648;73,37077;109,9985;-467,8292;364,7285;369,2964;-725,9688;163,1449;715,09;-614,5446;17,82337;647,7311;-522,3063;143,0524;505,419;-166,5907;142,1696;127,1703;-497,1292;445,1218;372,1367;-730,6235;275,2085;680,532;-614,7521;121,3047;611,4712;-521,1653;245,4316;468,1133;-205,3985;207,0237;145,6072;-502,0712;502,0356;357,332;-641,0233;296,1212;577,801;-535,9304;218,7785;493,2244;-487,0169;361,869;390,7246;0;0;0;-2,554893;1,536369;3,847718;-2,901077;1,123667;3,785133;-3,195763;0,786066;3,842353;-3,404617;0,533581;3,922462;-2,199411;1,341104;3,81875;-5,493164;3,420353;11,51848;-3,905296;3,849506;17,58957;-1,573563;2,240896;17,26913;-1,971245;1,869321;14,67132;-1,768827;1,103997;3,766536;-4,835128;3,051281;11,38258;-0,798225;1,655102;16,7427;0,33474;0,288337;13,95035;-1,828193;1,296759;12,1851;-1,438379;0,919819;3,682851;-3,991127;2,560615;10,51283;-0,314713;1,381874;15,28358;0,555038;0,080109;12,62856;-1,696587;1,127243;10,89191;-1,088619;0,725269;3,620624;-2,895355;1,911163;9,09233;0,377655;0,217438;11,69586;0,869751;-0,131607;9,598731;-1,310348;1,032829;8,831977;3,964401;5,606483;7,24348;9,778192;43,62621;-0,32145;3,094273;1,386351;-5,231993;32,74784;90,18016;81,73519;-1,4571;63,8274;103,5775;93,78992;-12,17361;65,26008;103,3226;93,87173;-13,368;83,17043;103,312;94,14545;-0,064774;0,041971;-0,007596;0;0,110092;-0,005722;-0,000458;-0,000916;0,161018;-0,00206;0,000458;-0,001373;0,065117;-0,006409;-0,000458;-0,000916;0;0;0;0;61,53717;-41,83387;-0,683212;0,508547;16,31126;-0,823975;-0,027466;-0,109863;15,93876;-0,247192;0,054932;-0,109863;17,1421;-1,675415;-0,054932;-0,054932;0;0;0;0
107;1712;00:00:01:752;0;0;0;4,299209;0,92903;2,4825;8,199261;-1,419195;1,100901;11,4393;-3,623349;-0,046313;13,88005;-5,372095;-0,904203;3,746497;-0,029894;2,167388;9,050777;-4,200045;5,5618;13,24798;-7,008886;4,997931;13,41479;-6,225471;2,413781;11,65176;-4,987338;2,351019;3,022901;-1,258416;1,788318;7,897628;-6,065146;4,975764;12,15292;-7,760614;1,697019;10,47601;-6,003929;-0,156263;8,99367;-5,608024;1,833965;2,3326;-2,369976;1,501944;6,32591;-7,369803;4,192468;9,880419;-9,052891;1,132926;8,632533;-7,05026;-0,369345;7,236908;-6,600414;1,708658;1,679543;-3,4509;1,194491;4,408577;-8,318178;3,145672;6,694256;-8,824943;-0,057063;5,462037;-7,302279;-0,598037;4,640683;-7,424789;1,552608;62,82948;-13,67792;58,85857;-150,0807;70,42376;-179,6365;-146,9863;70,42374;-179,6364;-144,4447;70,26403;-178,4094;-144,4447;70,26402;-178,4093;62,44949;-13,67792;58,85858;96,64864;-16,59092;54,30264;-173,1945;-15,85707;54,38581;-91,7363;-16,03057;55,40023;-91,73431;-15,79825;55,39293;63,90146;-16,36853;53,26246;126,9561;-14,50296;57,60569;-129,1261;-15,97758;56,2897;-35,09938;-14,53302;55,39697;-35,05326;-14,6574;55,21394;65,7799;-19,12389;46,99749;130,8672;-20,21016;48,02046;-125,265;-21,53532;46,47892;-30,73981;-18,08001;44,57656;-30,66354;-18,21815;44,33173;69,04;-22,67438;37,679;149,5233;-20,49109;46,75315;-106,5866;-21,16235;45,11901;-12,22625;-17,34654;44,49213;-12,13936;-17,40648;44,20121;0;0;0;-46,76708;-52,76682;68,37913;-299,9512;-108,367;357,5044;-522,9218;-140,1813;606,0787;-695,2062;-158,8168;796,0494;-82,58981;1,770079;87,281;-400,8882;254,9507;336,8086;-674,3571;258,9186;626,45;-676,8867;75,53178;693,8013;-563,3568;55,02603;580,2066;-127,6722;73,38209;110,0189;-467,8501;364,76;369,3683;-725,9819;163,147;715,188;-614,5449;17,82024;647,813;-522,3134;143,0641;505,4927;-166,5971;142,1792;127,1954;-497,1473;445,1485;372,2111;-730,6361;275,2119;680,6298;-614,7514;121,3004;611,553;-521,1713;245,4419;468,1874;-205,4039;207,0313;145,637;-502,0855;502,0557;357,4052;-641,025;296,1192;577,8867;-535,9297;218,7733;493,2949;-487,0246;361,8784;390,7927;0;0;0;-0,575244;0,939846;0,645161;0,433445;1,702309;3,563404;1,276016;2,342462;6,096839;1,899719;2,825975;8,045196;-0,514984;0,820756;0,898719;-1,373291;2,114296;3,829479;-3,032684;1,423359;5,687713;-1,891136;0,505686;5,467414;-1,067161;0,69344;4,669189;-0,441313;0,678778;1,222372;-1,255989;1,893997;4,30727;-0,789642;0,127316;5,879402;-0,017166;-0,187755;4,909515;-0,42057;0,698805;4,423141;-0,387669;0,572205;1,504898;-1,09005;1,602173;4,461765;-0,75531;0,201702;5,870819;0,045776;-0,257492;4,912376;-0,36335;0,613689;4,446029;-0,327587;0,457764;1,785993;-0,858307;1,204491;4,390239;-0,102997;-0,115871;5,135536;0,045776;-0,313282;4,231452;-0,463486;0,56076;4,08554;3,963554;5,606237;7,243417;9,778308;43,61966;-0,317029;3,094337;1,386351;-5,237309;32,74813;90,18018;81,73518;-1,457368;63,8274;103,5775;93,78991;-12,1754;65,26025;103,3226;93,87173;-13,368;83,17043;103,312;94,14545;-0,392532;0,265245;0,003805;0;-0,318918;0,017166;0,000916;-0,000458;-0,016115;0;0;-0,000458;-0,107803;0,010071;0,000458;0,000458;0;0;0;0;-19,66553;13,39645;0,684071;0;-25,74062;1,373291;0,082397;0,027466;-10,62798;0,123596;-0,027466;0,054932;-10,37521;0,988769;0,054932;0,082397;0;0;0;0
108;1728;00:00:01:768;0;0;0;4,299127;0,93116;2,481843;8,198975;-1,416337;1,098437;11,43892;-3,619888;-0,050208;13,87962;-5,368177;-0,909148;3,746682;-0,028036;2,167093;9,05251;-4,195447;5,562452;13,25091;-7,002666;4,999362;13,41716;-6,220215;2,414885;11,65357;-4,982884;2,351771;3,023429;-1,256904;1,788488;7,899879;-6,061093;4,977126;12,15547;-7,756285;1,698615;10,47783;-6,000789;-0,155133;8,995515;-5,60469;1,83508;2,333445;-2,368768;1,502537;6,328495;-7,366488;4,194388;9,883222;-9,049554;1,135088;8,634659;-7,047745;-0,367712;7,239078;-6,597631;1,710261;1,680692;-3,449993;1,195494;4,411368;-8,315794;3,148062;6,69694;-8,82292;-0,05469;5,464213;-7,30081;-0,596067;4,643072;-7,422862;1,554684;62,8235;-13,65931;58,87745;-150,0321;70,38712;-179,5742;-146,9377;70,38714;-179,5741;-144,3988;70,22703;-178,3496;-144,3987;70,22704;-178,3496;62,4435;-13,65931;58,87745;96,63866;-16,56946;54,33072;-173,2044;-15,83559;54,41375;-91,74583;-16,00893;55,42809;-91,74384;-15,77662;55,42076;63,89355;-16,35057;53,28215;126,9493;-14,48384;57,6263;-129,1335;-15,95861;56,31061;-35,10695;-14,51416;55,41776;-35,06089;-14,63856;55,23475;65,76984;-19,10686;47,01825;130,858;-20,19359;48,03954;-125,2748;-21,51899;46,49841;-30,7499;-18,06398;44,59559;-30,67373;-18,20216;44,35081;69,02683;-22,65912;37,70154;149,5131;-20,47411;46,77419;-106,5974;-21,14565;45,14036;-12,23698;-17,32994;44,51281;-12,15019;-17,38994;44,22191;0;0;0;-46,75774;-52,73981;68,35278;-300,006;-108,4153;357,3321;-523,0289;-140,2926;605,785;-695,3521;-158,9756;795,6643;-82,57719;1,793638;87,2595;-400,834;255,0082;336,7639;-674,2371;259,0169;626,3965;-676,8018;75,62061;693,7427;-563,3032;55,09631;580,1517;-127,6553;73,40116;110,0037;-467,7895;364,8104;369,3333;-725,9262;163,2148;715,1318;-614,5143;17,87536;647,7629;-522,2745;143,1147;505,4505;-166,576;142,1941;127,1861;-497,0844;445,1892;372,1875;-730,5834;275,2693;680,5892;-614,7164;121,3453;611,5156;-521,1266;245,4825;468,1572;-205,3789;207,0423;145,6333;-502,0235;502,0845;357,3942;-640,9789;296,1546;577,8634;-535,8946;218,8012;493,2761;-486,9765;361,9056;390,7788;0;0;0;0,560582;1,62077;-1,581073;-3,287315;-2,89464;-10,33687;-6,428719;-6,675482;-17,6239;-8,754729;-9,531497;-23,10276;0,757813;1,413513;-1,290321;3,250122;3,450394;-2,6865;7,204055;5,90229;-3,210068;5,098342;5,32937;-3,510475;3,21579;4,216432;-3,295898;1,015663;1,144409;-0,913382;3,639221;3,022671;-2,095699;3,341675;4,066228;-3,370285;1,833915;3,307164;-3,001213;2,328872;3,03483;-2,532005;1,268864;0,896931;-0,55933;3,77655;2,446174;-1,417637;3,16143;3,441811;-2,440452;2,099991;2,690792;-2,245903;2,680778;2,43473;-1,813888;1,503467;0,658035;-0,222445;3,725051;1,728058;-0,659466;2,76947;2,124309;-1,393318;2,105713;1,673698;-1,127243;2,883911;1,636505;-0,832558;3,967031;5,607245;7,243594;9,777833;43,64638;-0,335094;3,094273;1,38621;-5,228547;32,74767;90,18016;81,73519;-1,455756;63,82737;103,5775;93,78995;-12,17719;65,26041;103,3226;93,87175;-13,368;83,17043;103,312;94,14545;1,602859;-1,08387;-0,003805;-0,008469;0,525713;-0,027237;-0,000916;0,000458;0,096731;-0,001602;0;0,002289;-0,106888;0,010071;-0,000458;0,000916;0;0;0;0;119,7235;-80,94691;-0,456619;-0,508118;50,67787;-2,664184;-0,109863;0,054932;6,770753;-0,09613;0;0,164795;0,054932;0;-0,054932;0,027466;0;0;0;0
109;1744;00:00:01:784;0;0;0;4,29905;0,931963;2,481676;8,199455;-1,414764;1,098536;11,43991;-3,617674;-0,049889;13,88102;-5,365481;-0,908661;3,746777;-0,027336;2,166937;9,05355;-4,193761;5,562027;13,25299;-6,999434;4,999002;13,41883;-6,217144;2,414448;11,65477;-4,980487;2,351303;3,023746;-1,25634;1,788348;7,901258;-6,059623;4,976728;12,15715;-7,753766;1,698078;10,47897;-5,998766;-0,155643;8,996634;-5,603008;1,834624;2,333965;-2,368334;1,502413;6,330093;-7,365312;4,194041;9,885083;-9,047585;1,13461;8,635995;-7,046077;-0,368159;7,240396;-6,596268;1,70987;1,681408;-3,449681;1,195385;4,413106;-8,314976;3,147782;6,698644;-8,821624;-0,055069;5,4656;-7,299747;-0,596378;4,644571;-7,421981;1,554406;62,82594;-13,65864;58,88794;-150,0326;70,39112;-179,5633;-146,9381;70,39113;-179,5632;-144,399;70,23106;-178,3385;-144,3989;70,23108;-178,3385;62,44595;-13,65864;58,88795;96,63774;-16,56397;54,35275;-173,2053;-15,83012;54,43578;-91,74662;-16,00344;55,45008;-91,74463;-15,77113;55,44273;63,89595;-16,34969;53,29256;126,9506;-14,48125;57,64124;-129,1322;-15,956;56,32553;-35,10571;-14,51153;55,43274;-35,05967;-14,63593;55,24973;65,77217;-19,10573;47,02856;130,8595;-20,19162;48,0523;-125,2733;-21,51699;46,51115;-30,74856;-18,06194;44,60845;-30,67238;-18,20011;44,36368;69,02898;-22,65765;37,71179;149,5154;-20,47297;46,78445;-106,595;-21,14445;45,15061;-12,23474;-17,32872;44,52321;-12,14795;-17,3887;44,23232;0;0;0;-46,75282;-52,86766;68,3922;-299,9775;-108,568;357,4989;-522,9851;-140,4658;606,0534;-695,2985;-159,1645;796,0078;-82,58827;1,682136;87,27721;-400,9379;254,7323;336,7248;-674,3563;258,6444;626,3159;-676,9042;75,30565;693,6806;-563,3982;54,82922;580,1088;-127,687;73,3104;109,9935;-467,9246;364,5673;369,2516;-726,0651;162,9551;715,0363;-614,6239;17,68698;647,6946;-522,3886;142,9147;505,3826;-166,6266;142,1216;127,1505;-497,2395;444,9903;372,0722;-730,7455;275,0692;680,4608;-614,8446;121,1943;611,4172;-521,2587;245,3155;468,06;-205,4478;206,9879;145,5731;-502,1909;501,9414;357,2508;-641,1399;296,0332;577,7211;-536,0252;218,7131;493,158;-487,1199;361,7899;390,6543;0;0;0;0,295043;-7,671117;2,364993;1,709461;-9,16314;10,00786;2,62928;-10,39553;16,1047;3,212929;-11,33108;20,60509;-0,665188;-6,690089;1,06287;-6,23703;-16,55245;-2,346039;-7,155417;-22,3546;-4,84085;-6,148338;-18,89741;-3,727912;-5,699157;-16,02495;-2,57492;-1,903295;-5,445599;-0,610828;-8,105277;-14,58835;-4,903793;-8,334159;-15,58399;-5,730628;-6,574631;-11,30283;-4,099845;-6,843567;-11,99913;-4,074096;-3,039121;-4,347324;-2,135753;-9,306907;-11,93619;-6,915092;-9,721755;-12,00485;-7,704734;-7,69329;-9,055137;-5,90229;-7,922172;-10,0193;-5,830764;-4,134178;-3,265858;-3,612041;-10,04791;-8,583068;-8,603095;-9,661674;-7,285594;-8,540153;-7,836341;-5,284309;-7,086754;-8,600234;-6,942272;-7,47156;3,966328;5,607071;7,243577;9,777926;43,64102;-0,331493;3,0944;1,386351;-5,216465;32,74705;90,18018;81,73519;-1,451043;63,82732;103,5775;93,78992;-12,17469;65,26019;103,3226;93,87174;-13,368;83,17043;103,312;94,14545;-0,32135;0,216036;0,007596;0,008469;0,724869;-0,037537;0,000916;0;0,282755;-0,003204;0;-0,001831;0,149574;-0,013733;0,000458;-0,000458;0;0;0;0;-115,4526;77,99434;0,684071;1,016235;11,94934;-0,617981;0,109863;-0,027466;11,16142;-0,09613;0;-0,247192;15,38772;-1,428222;0,054932;-0,082397;0;0;0;0
110;1760;00:00:01:800;0;0;0;4,300547;0,931747;2,479161;8,200851;-1,413379;1,093025;11,44128;-3,61496;-0,05801;13,8824;-5,361769;-0,918794;3,748281;-0,027526;2,164331;9,058378;-4,19438;5,553696;13,25819;-6,998643;4,986433;13,42203;-6,215084;2,402137;11,65759;-4,978878;2,340798;3,025277;-1,256513;1,785636;7,906119;-6,060224;4,968272;12,16013;-7,751763;1,685841;10,48027;-5,99623;-0,16585;8,999217;-5,601801;1,825638;2,335558;-2,368527;1,49963;6,334718;-7,365894;4,186027;9,888006;-9,045803;1,123319;8,637385;-7,04387;-0,377609;7,243114;-6,595417;1,701602;1,683043;-3,449877;1,19252;4,417231;-8,315494;3,140626;6,700671;-8,820024;-0,064056;5,466896;-7,298169;-0,60376;4,647384;-7,421658;1,547531;62,87589;-13,66237;58,88958;-150,1147;70,36378;-179,6269;-147,0202;70,36378;-179,6268;-144,4821;70,20428;-178,403;-144,4821;70,20428;-178,403;62,4959;-13,66237;58,88959;96,68787;-16,56293;54,35403;-173,1554;-15,82913;54,43772;-91,69661;-16,00331;55,45186;-91,69468;-15,771;55,44473;63,94666;-16,34865;53,29171;127,0009;-14,48404;57,64183;-129,0815;-15,95767;56,32476;-35,05537;-14,51244;55,43327;-35,0093;-14,63668;55,25016;65,82323;-19,0994;47,02529;130,9107;-20,1859;48,04866;-125,2218;-21,50997;46,50631;-30,69839;-18,05333;44,60696;-30,62219;-18,19131;44,36206;69,07948;-22,64359;37,70577;149,5669;-20,46643;46,77988;-106,5435;-21,13654;45,14546;-12,18452;-17,32029;44,52168;-12,09776;-17,38002;44,23075;0;0;0;-46,74817;-52,91579;68,40222;-299,9847;-108,627;357,5287;-523,0052;-140,5338;606,0999;-695,3294;-159,239;796,0665;-82,59397;1,640182;87,28654;-401,0003;254,6312;336,7502;-674,4702;258,4505;626,3385;-676,9969;75,12145;693,7076;-563,4675;54,68541;580,1373;-127,706;73,27657;110,0019;-468,0073;364,4791;369,2755;-726,1673;162,8039;715,0687;-614,6924;17,56556;647,7253;-522,4556;142,8138;505,4102;-166,6578;142,0956;127,158;-497,3353;444,9198;372,0931;-730,8554;274,951;680,4899;-614,925;121,0943;611,444;-521,3384;245,2336;468,0832;-205,4908;206,9692;145,5797;-502,2952;501,8924;357,2675;-641,2421;295,9555;577,7438;-536,1084;218,6493;493,1766;-487,2098;361,7371;390,671;0;0;0;0,27895;-2,887845;0,601888;-0,436306;-3,541231;1,788139;-1,210213;-4,076957;2,789497;-1,853943;-4,468202;3,527641;-0,341892;-2,517253;0,560045;-3,742218;-6,06966;1,526356;-6,832123;-11,63006;1,361847;-5,561828;-11,05213;1,6222;-4,157066;-8,628487;1,713753;-1,140118;-2,029896;0,50354;-4,963874;-5,291461;1,431942;-6,131172;-9,069442;1,939773;-4,105567;-7,284879;1,839638;-4,016876;-6,053209;1,653671;-1,871824;-1,562834;0,44775;-5,750656;-4,231452;1,251697;-6,597519;-7,086754;1,748085;-4,823684;-6,003141;1,602173;-4,780769;-4,909515;1,390457;-2,579212;-1,12009;0,393391;-6,257057;-2,943992;1,005649;-6,134033;-4,663467;1,364708;-4,992485;-3,829479;1,11866;-5,39875;-3,170013;0,999927;3,965011;5,606691;7,243511;9,778109;43,6309;-0,324616;3,094337;1,386492;-5,214061;32,74692;90,18016;81,73521;-1,451313;63,82732;103,5775;93,78992;-12,17396;65,2601;103,3226;93,87175;-13,368;83,17043;103,312;94,14545;-0,607224;0,412617;-0,003791;0,008476;0,144253;-0,007553;-0,000916;0,000916;-0,016179;0;0;0,000458;0,043774;-0,005035;0;0,000458;0;0;0;0;-17,1524;11,79485;-0,683212;0,000429;-34,83696;1,799011;-0,109863;0,054932;-17,93604;0,192261;0;0,137329;-6,348037;0,521851;-0,027466;0,054932;0;0;0;0
111;1776;00:00:01:816;0;0;0;4,300944;0,930422;2,47897;8,200704;-1,415137;1,092033;11,44063;-3,617078;-0,059721;13,88136;-5,364159;-0,921063;3,748472;-0,028682;2,163987;9,058098;-4,197242;5,551989;13,25741;-7,002063;4,983788;13,42114;-6,218018;2,399634;11,6569;-4,981519;2,3387;3,025203;-1,257454;1,785097;7,905438;-6,062747;4,966273;12,15897;-7,754183;1,683161;10,47912;-5,998149;-0,168072;8,998298;-5,603902;1,823618;2,335253;-2,36928;1,498917;6,333725;-7,367959;4,183895;9,886431;-9,047868;1,120514;8,636037;-7,045397;-0,379882;7,242034;-6,597126;1,699548;1,682508;-3,450442;1,191637;4,415966;-8,31698;3,138466;6,699023;-8,821257;-0,066528;5,465484;-7,299058;-0,6058;4,646142;-7,42285;1,545539;62,8869;-13,67009;58,87632;-150,1507;70,35934;-179,6715;-147,0563;70,35936;-179,6714;-144,5182;70,20013;-178,4476;-144,5181;70,20015;-178,4475;62,50691;-13,67008;58,87632;96,69916;-16,56911;54,34167;-173,1441;-15,83534;54,42551;-91,68547;-16,00971;55,43965;-91,68353;-15,7774;55,43255;63,95855;-16,35529;53,27769;127,0109;-14,48954;57,63311;-129,0712;-15,96294;56,31574;-35,0451;-14,51756;55,42449;-34,99902;-14,64177;55,24136;65,836;-19,10474;47,01044;130,9234;-20,19134;48,03397;-125,2089;-21,51509;46,49124;-30,68559;-18,05804;44,59266;-30,60938;-18,19597;44,34772;69,09331;-22,6469;37,68978;149,5798;-20,47173;46,76471;-106,5304;-21,1415;45,13006;-12,17165;-17,3251;44,50719;-12,08486;-17,38478;44,21624;0;0;0;-46,83801;-52,90287;68,55309;-300,0674;-108,7081;357,8614;-523,0855;-140,6929;606,5908;-695,4093;-159,4568;796,6795;-82,68423;1,65157;87,44287;-401,29;254,6683;337,2501;-674,7742;258,4032;627,0933;-677,1832;74,99786;694,4468;-563,6346;54,58883;580,7679;-127,7978;73,28693;110,1646;-468,2989;364,5151;369,7828;-726,3315;162,6838;715,8032;-614,7709;17,41343;648,3371;-522,6141;142,7414;505,9484;-166,7534;142,1072;127,325;-497,6129;444,9547;372,5739;-731,0298;274,8441;681,1675;-615,0085;120,9619;612,0107;-521,5017;245,1825;468,579;-205,5888;206,9809;145,7516;-502,5427;501,9234;357,6969;-641,3637;295,8594;578,283;-536,1862;218,5546;493,6195;-487,3785;361,7177;391,0835;0;0;0;-5,389988;0,775695;9,051918;-4,958152;-4,864454;19,96136;-4,815101;-9,547233;29,45709;-4,792213;-13,06915;36,77845;-5,415558;0,683293;9,379505;-17,38357;2,228737;29,99639;-18,23902;-2,842426;45,28713;-11,17802;-7,415055;44,35157;-10,02788;-5,795002;37,83416;-5,51033;0,621557;9,761809;-17,49801;2,161503;30,44271;-9,853362;-7,208346;44,07119;-4,712104;-9,127557;36,70692;-9,510039;-4,342317;32,2895;-5,736351;0,695944;10,0193;-16,65115;2,09713;28,85055;-10,46562;-6,415844;40,65513;-5,012512;-7,944345;34,00898;-9,801864;-3,065586;29,74891;-5,883693;0,702381;10,31542;-14,84871;1,862526;25,76065;-7,295608;-5,7621;32,34958;-4,666328;-5,681991;26,57318;-10,1223;-1,164436;24,75071;3,964935;5,606697;7,243511;9,778118;43,63034;-0,324211;3,0944;1,386351;-5,212332;32,74684;90,18018;81,73519;-1,446316;63,82726;103,5775;93,78992;-12,17361;65,26008;103,3226;93,87173;-13,368;83,17043;103,312;94,14545;-0,033875;0,024319;0,003791;-0,008476;0,103741;-0,004807;0,000916;-0,000916;0,29985;-0,003662;0;0;0,021343;-0,001373;-0,000458;-0,001373;0;0;0;0;34,40094;-23,29788;0,454903;-1,017094;-2,430725;0,164795;0,109863;-0,109863;18,96171;-0,219727;0;-0,027466;-1,345825;0,219727;-0,027466;-0,109863;0;0;0;0
112;1792;00:00:01:832;0;0;0;4,301181;0,929357;2,478958;8,199805;-1,416806;1,089852;11,43874;-3,619249;-0,063736;13,8787;-5,366708;-0,926474;3,748519;-0,02961;2,163893;9,057438;-4,199516;5,551348;13,25575;-7,005703;4,982537;13,4197;-6,221239;2,398522;11,65589;-4,984111;2,337857;3,025008;-1,258206;1,784897;7,904409;-6,064743;4,965475;12,15752;-7,756688;1,682082;10,47798;-6,000121;-0,168927;8,997285;-5,605786;1,822842;2,33484;-2,369873;1,498623;6,332428;-7,369579;4,183003;9,884629;-9,049982;1,119309;8,634711;-7,046988;-0,380787;7,240874;-6,598642;1,698739;1,681883;-3,45088;1,191251;4,414464;-8,31813;3,137527;6,697346;-8,82252;-0,067574;5,464083;-7,300034;-0,606663;4,64477;-7,423885;1,544683;62,89118;-13,67426;58,86443;-150,1739;70,33215;-179,7049;-147,0795;70,33215;-179,7048;-144,5429;70,17309;-178,4824;-144,5429;70,1731;-178,4824;62,51119;-13,67427;58,86443;96,70669;-16,57693;54,31944;-173,1367;-15,84316;54,4034;-91,67812;-16,01766;55,41755;-91,67623;-15,78534;55,4105;63,96328;-16,35904;53,26549;127,0155;-14,49392;57,62044;-129,0665;-15,96723;56,30292;-35,04037;-14,52177;55,41177;-34,99428;-14,64596;55,22862;65,84122;-19,10798;46,99787;130,93;-20,19617;48,01702;-125,202;-21,51974;46,47409;-30,67872;-18,06248;44,57587;-30,60249;-18,20038;44,33091;69,09914;-22,64929;37,67665;149,5851;-20,47494;46,75198;-106,525;-21,14457;45,11724;-12,16634;-17,32812;44,49472;-12,07954;-17,38777;44,20377;0;0;0;-46,86183;-52,82333;68,56454;-300,1045;-108,6784;357,8443;-523,131;-140,7049;606,553;-695,4604;-159,5004;796,627;-82,69565;1,720928;87,46355;-401,2732;254,84;337,3525;-674,7755;258,6078;627,2476;-677,1636;75,17358;694,5936;-563,6046;54,74721;580,8919;-127,7934;73,3434;110,1969;-468,2581;364,6665;369,9027;-726,2637;162,829;715,9639;-614,702;17,52861;648,4705;-522,5583;142,8675;506,0698;-166,7351;142,1523;127,3677;-497,5533;445,0786;372,7018;-730,9459;274,9678;681,3336;-614,9265;121,0535;612,148;-521,4337;245,2852;468,7042;-205,5568;207,0148;145,8045;-502,4668;502,0126;357,8265;-641,2648;295,9334;578,4314;-536,1014;218,608;493,7419;-487,3041;361,7892;391,2029;0;0;0;-1,429617;4,771828;0,687361;-2,227306;1,781702;-1,024246;-2,732277;-0,722408;-2,268791;-3,067016;-2,61569;-3,152847;-0,685215;4,161447;1,240611;1,009941;10,30254;6,144046;-0,077248;12,28094;9,258269;1,17588;10,54251;8,803367;1,796722;9,502887;7,44152;0,262499;3,388166;1,941919;2,449035;9,082316;7,194041;4,071235;8,712529;9,644507;4,131317;6,910711;8,008002;3,341675;7,563113;7,284163;1,099348;2,707958;2,565622;3,573417;7,432937;7,674693;5,038261;7,422923;9,967803;4,926681;5,49674;8,234023;4,08554;6,156921;7,510184;1,924038;2,034187;3,177166;4,554748;5,352973;7,77769;5,933761;4,438877;8,903502;5,086898;3,202915;7,344245;4,468917;4,291534;7,166862;3,967763;5,607506;7,243629;9,777735;43,65199;-0,338875;3,094337;1,386351;-5,222734;32,74737;90,18016;81,73521;-1,446992;63,82726;103,5775;93,78995;-12,17788;65,26048;103,3227;93,87173;-13,368;83,17043;103,312;94,14545;1,299362;-0,879879;-0,003791;0;-0,624132;0,031586;-0,000916;0,001373;-0,040576;0;0,000458;0,001373;-0,256462;0,023804;0,000916;0,000458;0;0;0;0;79,99419;-54,25185;-0,454903;0,508547;-43,67236;2,183532;-0,109863;0,137329;-20,42555;0,219727;0,027466;0,082397;-16,66832;1,51062;0,082397;0,109863;0;0;0;0
113;1808;00:00:01:848;0;0;0;4,301181;0,929357;2,478958;8,199631;-1,416807;1,089364;11,43842;-3,619251;-0,064632;13,87827;-5,366711;-0,927678;3,748519;-0,02961;2,163893;9,057438;-4,199516;5,551348;13,2556;-7,005909;4,982461;13,41959;-6,221384;2,39847;11,65585;-4,98416;2,337836;3,025008;-1,258206;1,784897;7,904409;-6,064743;4,965475;12,15755;-7,75663;1,682099;10,47797;-6,000122;-0,16893;8,997273;-5,605798;1,822837;2,33484;-2,369873;1,498623;6,332428;-7,369579;4,183003;9,884646;-9,049959;1,119318;8,634706;-7,04699;-0,380788;7,240865;-6,598646;1,698735;1,681883;-3,45088;1,191251;4,414464;-8,31813;3,137527;6,697346;-8,82252;-0,067574;5,464083;-7,300034;-0,606663;4,64477;-7,423885;1,544683;62,89118;-13,67426;58,86443;-150,1755;70,32529;-179,7066;-147,0811;70,32529;-179,7065;-144,5449;70,16624;-178,4845;-144,5449;70,16624;-178,4845;62,51119;-13,67427;58,86443;96,7076;-16,57823;54,31615;-173,1357;-15,84447;54,40011;-91,6772;-16,019;55,41425;-91,6753;-15,78666;55,40721;63,96328;-16,35904;53,26549;127,0151;-14,49335;57,62181;-129,0669;-15,96666;56,30429;-35,04074;-14,52121;55,41315;-34,99463;-14,6454;55,23;65,84122;-19,10798;46,99787;130,9298;-20,19592;48,01772;-125,2022;-21,5195;46,47479;-30,67897;-18,06225;44,57658;-30,60274;-18,20015;44,33161;69,09914;-22,64929;37,67665;149,5851;-20,47494;46,75198;-106,525;-21,14457;45,11724;-12,16634;-17,32812;44,49472;-12,07954;-17,38777;44,20377;0;0;0;-46,87607;-52,75948;68,56528;-300,0628;-108,5984;357,9549;-523,04;-140,6116;606,7565;-695,3311;-159,397;796,9014;-82,69849;1,776595;87,4692;-401,2336;254,9765;337,391;-674,6919;258,8261;627,3213;-677,0881;75,36678;694,6592;-563,548;54,90276;580,9419;-127,7817;73,38853;110,2089;-468,1964;364,7863;369,9507;-726,1724;162,9793;716,0288;-614,6339;17,64692;648,5216;-522,4985;142,9805;506,1161;-166,7103;142,1879;127,3854;-497,4754;445,1758;372,7553;-730,8361;275,0947;681,4062;-614,847;121,149;612,2021;-521,3646;245,3761;468,7523;-205,5192;207,0411;145,8277;-502,3766;502,0816;357,8828;-641,1642;296,0092;578,4941;-536,0174;218,6665;493,7937;-487,2218;361,8513;391,2543;0;0;0;-0,854194;3,831267;0,043631;2,499103;4,800081;6,633282;5,464553;5,601882;12,21084;7,756232;6,201267;16,46805;-0,170231;3,340021;0,339389;2,37751;8,186816;2,308845;5,015373;13,0949;4,42028;4,528999;11,59251;3,936767;3,398895;9,333014;2,998352;0,701666;2,708316;0,718832;3,705024;7,188319;2,875328;5,473136;9,019374;3,890991;4,091262;7,098466;3,064155;3,587722;6,782055;2,778053;1,487017;2,134323;1,057863;4,67205;5,833625;3,210068;6,588936;7,613181;4,354476;4,763603;5,730628;3,247261;4,145622;5,458831;2,889633;2,253055;1,577854;1,391172;5,407333;4,1399;3,380299;6,033897;4,549026;3,762245;5,041122;3,513336;3,107071;4,938125;3,727912;3,082752;3,968512;5,607728;7,243676;9,777631;43,65776;-0,342764;3,094337;1,386492;-5,226148;32,74754;90,18017;81,73521;-1,445639;63,82725;103,5774;93,78991;-12,17719;65,26041;103,3226;93,87175;-13,368;83,17043;103,312;94,14545;0,34584;-0,233345;0;0,008476;-0,204792;0,0103;0,000458;-0,000458;0,081182;-0,000458;-0,000916;-0,002289;0,041771;-0,003662;-0,000916;0,000916;0;0;0;0;-57,2113;38,79203;0,227451;0,508547;25,1604;-1,277161;0,082397;-0,109863;7,305478;-0,027466;-0,082397;-0,219727;17,89398;-1,647949;-0,109863;0,027466;0;0;0;0
114;1824;00:00:01:864;0;0;0;4,301181;0,929357;2,478958;8,199622;-1,416807;1,08934;11,43841;-3,619251;-0,064676;13,87825;-5,366711;-0,927736;3,748519;-0,02961;2,163893;9,057438;-4,199516;5,551348;13,2556;-7,005909;4,982461;13,41959;-6,221384;2,39847;11,65585;-4,98416;2,337836;3,025008;-1,258206;1,784897;7,904409;-6,064743;4,965475;12,15755;-7,75663;1,682099;10,47797;-6,000122;-0,16893;8,997273;-5,605798;1,822837;2,33484;-2,369873;1,498623;6,332428;-7,369579;4,183003;9,884646;-9,049959;1,119318;8,634706;-7,04699;-0,380788;7,240865;-6,598646;1,698735;1,681883;-3,45088;1,191251;4,414464;-8,31813;3,137527;6,697346;-8,82252;-0,067574;5,464083;-7,300034;-0,606663;4,64477;-7,423885;1,544683;62,89118;-13,67426;58,86443;-150,1756;70,32495;-179,7067;-147,0812;70,32494;-179,7066;-144,545;70,16591;-178,4846;-144,545;70,16592;-178,4846;62,51119;-13,67427;58,86443;96,7076;-16,57823;54,31615;-173,1357;-15,84447;54,40011;-91,6772;-16,019;55,41425;-91,6753;-15,78666;55,40721;63,96328;-16,35904;53,26549;127,0151;-14,49335;57,62181;-129,0669;-15,96666;56,30429;-35,04074;-14,52121;55,41315;-34,99463;-14,6454;55,23;65,84122;-19,10798;46,99787;130,9298;-20,19592;48,01772;-125,2022;-21,5195;46,47479;-30,67897;-18,06225;44,57658;-30,60274;-18,20015;44,33161;69,09914;-22,64929;37,67665;149,5851;-20,47494;46,75198;-106,525;-21,14457;45,11724;-12,16634;-17,32812;44,49472;-12,07954;-17,38777;44,20377;0;0;0;-46,87607;-52,75948;68,56528;-300,0529;-108,5993;357,9832;-523,0218;-140,6133;606,8085;-695,3066;-159,3992;796,9713;-82,69849;1,776595;87,4692;-401,2336;254,9765;337,391;-674,683;258,8384;627,3258;-677,0819;75,37543;694,6624;-563,5457;54,90567;580,9431;-127,7817;73,38853;110,2089;-468,1964;364,7863;369,9507;-726,1747;162,9759;716,0278;-614,6335;17,64701;648,5218;-522,4979;142,9812;506,1163;-166,7103;142,1879;127,3854;-497,4754;445,1758;372,7553;-730,8371;275,0934;681,4056;-614,8467;121,1491;612,2022;-521,364;245,3763;468,7526;-205,5192;207,0411;145,8277;-502,3766;502,0816;357,8828;-641,1642;296,0092;578,4941;-536,0174;218,6665;493,7937;-487,2218;361,8513;391,2543;0;0;0;0;0;0;0,593662;-0,053644;1,698017;1,09005;-0,102282;3,118515;1,473427;-0,133753;4,191398;0;0;0;0;0;0;0,53215;0,741005;0,271797;0,374794;0,518918;0,188828;0,14019;0,174165;0,074387;0;0;0;0;0;0;-0,134468;-0,206709;-0,060081;0,020027;0,005364;0,011444;0,040054;0,044346;0,017166;0;0;0;0;0;0;-0,062943;-0,080109;-0,031471;0,017166;0,005722;0,005722;0,031471;0,012875;0,017166;0;0;0;0;0;0;0;0;0;0;0;0;0;0;0;3,968549;5,60774;7,24368;9,777627;43,65803;-0,342948;3,0944;1,386351;-5,226148;32,74754;90,18017;81,73521;-1,445639;63,82725;103,5774;93,78991;-12,17719;65,26041;103,3226;93,87175;-13,368;83,17043;103,312;94,14545;0,016251;-0,011015;0,003791;-0,008476;0;0;0;0;0;0;0;0;0;0;0;0;0;0;0;0;-19,77539;13,3398;0,227451;-1,017094;12,28752;-0,617981;-0,027466;0,027466;-4,870891;0,027466;0,054932;0,137329;-2,506256;0,219727;0,054932;-0,054932;0;0;0;0
115;1840;00:00:01:880;0;0;0;4,301338;0,929191;2,478748;8,200006;-1,416494;1,088958;11,439;-3,61854;-0,065242;13,879;-5,365702;-0,928456;3,748708;-0,029756;2,163564;9,058172;-4,199924;5,549839;13,25641;-7,00603;4,98008;13,42015;-6,221025;2,396215;11,65634;-4,983869;2,335961;3,025239;-1,258331;1,784419;7,905208;-6,065121;4,963744;12,15815;-7,756222;1,679693;10,47833;-5,999452;-0,170871;8,997782;-5,605555;1,821094;2,335114;-2,36999;1,498012;6,33324;-7,369918;4,181181;9,885262;-9,049592;1,116879;8,635111;-7,046392;-0,382751;7,241432;-6,598489;1,696976;1,682196;-3,450984;1,190508;4,415244;-8,318405;3,135706;6,69788;-8,8221;-0,069679;5,464477;-7,299596;-0,608397;4,645357;-7,42387;1,542997;62,90081;-13,6802;58,86566;-150,2032;70,32806;-179,729;-147,1088;70,32805;-179,7289;-144,5722;70,16923;-178,5065;-144,5722;70,16924;-178,5065;62,52084;-13,6802;58,86567;96,71815;-16,58382;54,31565;-173,1252;-15,85008;54,39975;-91,66684;-16,02477;55,41391;-91,66493;-15,79245;55,40691;63,9736;-16,36405;53,26609;127,0252;-14,4995;57,62183;-129,0567;-15,97258;56,304;-35,03046;-14,52699;55,41311;-34,98434;-14,65115;55,22994;65,8522;-19,11188;46,99777;130,9412;-20,20047;48,01604;-125,1906;-21,52376;46,47277;-30,6674;-18,06615;44,57527;-30,59115;-18,204;44,33027;69,11092;-22,65145;37,67562;149,5962;-20,47879;46,7516;-106,5138;-21,1481;45,1167;-12,15531;-17,33154;44,49495;-12,06849;-17,39114;44,20398;0;0;0;-46,87607;-52,75948;68,56528;-300,0382;-108,5758;358,0083;-522,9947;-140,5701;606,8548;-695,2704;-159,3413;797,0333;-82,69849;1,776595;87,4692;-401,2336;254,9765;337,391;-674,6882;258,8383;627,3254;-677,0856;75,37537;694,6619;-563,5469;54,90564;580,9429;-127,7817;73,38853;110,2089;-468,1964;364,7863;369,9507;-726,1779;162,9759;716,0277;-614,6334;17,64699;648,5219;-522,4971;142,9812;506,1165;-166,7103;142,1879;127,3854;-497,4754;445,1758;372,7553;-730,8405;275,0933;681,4049;-614,8463;121,1491;612,2024;-521,3629;245,3763;468,7532;-205,5192;207,0411;145,8277;-502,3766;502,0816;357,8828;-641,1642;296,0092;578,4941;-536,0174;218,6665;493,7937;-487,2218;361,8513;391,2543;0;0;0;0;0;0;0,882626;1,410484;1,506328;1,625061;2,589941;2,775192;2,171516;3,479004;3,72219;0;0;0;0;0;0;-0,311852;-0,005722;-0,025749;-0,217438;-0,003934;-0,02861;-0,077248;-0,001431;-0,011444;0;0;0;0;0;0;-0,191689;-0,001431;-0,005722;0,008583;-0,001341;0,005722;0,045776;0;0,011444;0;0;0;0;0;0;-0,203133;-0,007153;-0,042915;0,025749;-0,001431;0,011444;0,065804;0;0,037193;0;0;0;0;0;0;0;0;0;0;0;0;0;0;0;3,967673;5,607482;7,243616;9,777746;43,65131;-0,338399;3,094337;1,386351;-5,227235;32,7476;90,18015;81,7352;-1,446721;63,82726;103,5775;93,78994;-12,17858;65,26057;103,3226;93,87174;-13,368;83,17043;103,312;94,14545;-0,403061;0,27297;-0,003791;0;-0,065231;0,003662;-0,000916;-0,000458;-0,064952;0,000458;0,000458;0,001831;-0,083542;0,009155;0,000458;-0,000458;0;0;0;0;-25,15869;17,03911;-0,454903;0,508547;-3,913879;0,219727;-0,054932;-0,027466;-3,897142;0,027466;0,027466;0,109863;-5,012512;0,549316;0,027466;-0,027466;0;0;0;0
116;1856;00:00:01:896;0;0;0;4,301578;0,928031;2,478766;8,199268;-1,418564;1,087771;11,43738;-3,621367;-0,067444;13,8767;-5,369099;-0,93143;3,748709;-0,030766;2,163548;9,057158;-4,202378;5,549638;13,25472;-7,00948;4,979761;13,41863;-6,224421;2,395925;11,65512;-4,986835;2,335722;3,024936;-1,259147;1,784357;7,903729;-6,067266;4,963475;12,15621;-7,759327;1,679334;10,47685;-6,002035;-0,171145;8,99641;-5,607842;1,820843;2,334534;-2,370625;1,49791;6,331434;-7,371644;4,18087;9,883018;-9,052088;1,116482;8,633369;-7,048511;-0,383057;7,239812;-6,600343;1,696693;1,681348;-3,451445;1,190368;4,413199;-8,319616;3,135365;6,695697;-8,823752;-0,070049;5,462669;-7,300922;-0,608704;4,643528;-7,425076;1,542691;62,9022;-13,68197;58,85117;-150,2134;70,31238;-179,7532;-147,119;70,3124;-179,7531;-144,5833;70,15363;-178,5316;-144,5833;70,15365;-178,5316;62,52222;-13,68198;58,85117;96,71963;-16,58538;54,30136;-173,1238;-15,85162;54,38548;-91,66541;-16,02634;55,39964;-91,66351;-15,79402;55,39264;63,97518;-16,36568;53,25148;127,0268;-14,50159;57,6065;-129,0549;-15,97464;56,28862;-35,02872;-14,52901;55,39774;-34,9826;-14,65317;55,21457;65,854;-19,11333;46,98302;130,9431;-20,20209;48,00092;-125,1886;-21,52533;46,45759;-30,66541;-18,06765;44,56018;-30,58915;-18,2055;44,31518;69,11298;-22,65261;37,66066;149,598;-20,48024;46,7368;-106,5119;-21,14951;45,10185;-12,15346;-17,33293;44,48023;-12,06663;-17,39252;44,18925;0;0;0;-46,88548;-52,74951;68,57787;-300,0887;-108,6398;357,9855;-523,0806;-140,6958;606,8048;-695,3831;-159,5134;796,9637;-82,7098;1,785334;87,4889;-401,2777;255,0009;337,4815;-674,7352;258,8456;627,4683;-677,1176;75,35391;694,7972;-563,5762;54,88816;581,0554;-127,7956;73,39601;110,2376;-468,2443;364,8089;370,0545;-726,2159;162,9514;716,172;-614,6546;17,60678;648,6385;-522,5271;142,9666;506,2213;-166,7268;142,1949;127,422;-497,5242;445,1961;372,8646;-730,8782;275,0712;681,5511;-614,8705;121,1132;612,3203;-521,3967;245,3669;468,8589;-205,538;207,0473;145,8723;-502,4234;502,0981;357,9921;-641,1962;295,984;578,6204;-536,041;218,6403;493,8978;-487,257;361,8504;391,3555;0;0;0;-0,564694;0,598311;0,755668;-3,026962;-3,843069;-1,364708;-5,149841;-7,54094;-2,998352;-6,763458;-10,33044;-4,174232;-0,678778;0,524372;1,18196;-2,646446;1,469135;5,428791;-2,820968;0,437737;8,577346;-1,925468;-1,28746;8,122443;-1,756668;-1,048565;6,749153;-0,831842;0,448465;1,723051;-2,875328;1,357555;6,232738;-2,283096;-1,46842;8,660316;-1,273155;-2,412647;6,998062;-1,796722;-0,875473;6,285667;-0,987053;0,422001;2,201557;-2,923965;1,215935;6,557465;-2,263069;-1,324654;8,771895;-1,4534;-2,151489;7,072449;-2,025604;-0,565052;6,340027;-1,128673;0,373364;2,672195;-2,806663;0,987053;6,556034;-1,919746;-1,512051;7,578849;-1,419067;-1,576424;6,242752;-2,114296;-0,05579;6,06966;3,969362;5,607965;7,24371;9,777517;43,66425;-0,347164;3,094337;1,386351;-5,226935;32,74759;90,18015;81,73521;-1,447533;63,82727;103,5775;93,78992;-12,17893;65,26059;103,3226;93,87174;-13,368;83,17043;103,312;94,14545;0,776367;-0,525942;0;0;0,017996;-0,000458;0;0,000458;-0,04868;0,000687;0;-0,000916;-0,021343;0,001373;0;0;0;0;0;0;70,76568;-47,93472;0,227451;0;4,993629;-0,247192;0,054932;0,054932;0,976324;0,013733;-0,027466;-0,164795;3,731918;-0,466919;-0,027466;0,027466;0;0;0;0
117;1872;00:00:01:912;0;0;0;4,301656;0,926613;2,479162;8,198781;-1,420579;1,087592;11,43637;-3,623876;-0,068153;13,87528;-5,371982;-0,932552;3,748591;-0,032003;2,163733;9,055946;-4,205429;5,549302;13,25232;-7,014175;4,978799;13,41671;-6,22841;2,395208;11,65374;-4,990042;2,335285;3,024567;-1,260153;1,784272;7,902138;-6,069951;4,962725;12,15431;-7,762499;1,678424;10,47554;-6,004305;-0,171748;8,995116;-5,610135;1,820252;2,333935;-2,371424;1,497578;6,329596;-7,373834;4,179791;9,880878;-9,054577;1,115216;8,631849;-7,050333;-0,38395;7,238309;-6,602237;1,695828;1,680526;-3,452042;1,189797;4,411206;-8,321185;3,134008;6,693758;-8,825214;-0,071385;5,461091;-7,302011;-0,609813;4,641813;-7,426393;1,541516;62,90542;-13,69281;58,83777;-150,2468;70,31077;-179,7974;-147,1524;70,31073;-179,7973;-144,6166;70,15223;-178,5756;-144,6165;70,15224;-178,5756;62,52544;-13,69281;58,83778;96,72755;-16,60116;54,27428;-173,1159;-15,86744;54,35853;-91,65779;-16,04229;55,37273;-91,65591;-15,80996;55,36577;63,97953;-16,37615;53,23763;127,0314;-14,51408;57,58883;-129,0501;-15,98703;56,27076;-35,02372;-14,54133;55,37998;-34,97754;-14,66547;55,19678;65,85959;-19,12328;46,96856;130,9498;-20,21332;47,98302;-125,1816;-21,53639;46,43941;-30,65817;-18,0785;44,54232;-30,58187;-18,21631;44,29728;69,12039;-22,66159;37,64519;149,6037;-20,49018;46,72218;-106,5059;-21,15928;45,08705;-12,14747;-17,34265;44,46583;-12,06058;-17,40221;44,17481;0;0;0;-46,89988;-52,67993;68,57681;-300,0527;-108,5291;358,0431;-522,9987;-140,5511;606,9118;-695,2655;-159,343;797,1085;-82,70989;1,845974;87,48991;-401,2168;255,1482;337,4936;-674,697;259,0519;627,4816;-677,071;75,55717;694,8101;-563,5187;55,06604;581,0672;-127,7774;73,44501;110,2413;-468,1556;364,9377;370,0706;-726,1127;163,1376;716,1932;-614,565;17,76168;648,6553;-522,4417;143,1039;506,2371;-166,692;142,233;127,4281;-497,4158;445,2997;372,8834;-730,7519;275,2207;681,5731;-614,765;121,2403;612,3392;-521,2969;245,4781;468,8773;-205,4872;207,075;145,8807;-502,3008;502,1708;358,0125;-641,0653;296,0832;578,6426;-535,9325;218,7198;493,9162;-487,1472;361,9229;391,3739;0;0;0;-0,863671;4,174947;-0,063658;2,160072;6,641865;3,451824;4,909515;8,681773;6,420135;7,055283;10,2253;8,686065;-0,005364;3,638405;0,060439;3,653526;8,833407;0,723839;2,291679;12,37535;0,798225;2,79808;12,19618;0,772476;3,453255;10,67233;0,709534;1,093626;2,940416;0,221729;5,321502;7,724761;0,967026;6,194114;11,17015;1,270294;5,375862;9,293854;1,00708;5,126953;8,232593;0,946999;2,087831;2,285957;0,366211;6,500244;6,214141;1,124382;7,578849;8,970737;1,318931;6,331444;7,62534;1,135826;5,988121;6,673336;1,104355;3,052711;1,662254;0,506401;7,35855;4,36306;1,225948;7,856368;5,949497;1,330376;6,511688;4,773616;1,104355;6,586075;4,345893;1,104355;3,969869;5,608087;7,243706;9,77745;43,66812;-0,349838;3,094273;1,386492;-5,240675;32,74829;90,18016;81,73521;-1,451987;63,82733;103,5775;93,78992;-12,18233;65,26093;103,3226;93,87173;-13,368;83,17043;103,312;94,14545;0,232086;-0,160446;-0,003805;0,008476;-0,824404;0,041885;0,000458;0;-0,26727;0,003662;0;-0,000458;-0,203934;0,020142;-0,000458;-0,000458;0;0;0;0;-32,65686;21,92974;-0,22831;0,508547;-50,54397;2,540588;0,027466;-0,027466;-13,11536;0,178528;0;0,027466;-10,95543;1,126099;-0,027466;-0,027466;0;0;0;0
118;1888;00:00:01:928;0;0;0;4,301024;0,926235;2,480398;8,198149;-1,421903;1,090425;11,43569;-3,625986;-0,063954;13,87454;-5,374684;-0,927308;3,747886;-0,032331;2,16495;9,053379;-4,206167;5,55293;13,24921;-7,01607;4,984147;13,41464;-6,230676;2,400508;11,65201;-4,99186;2,339856;3,023758;-1,260411;1,78546;7,899418;-6,070576;4,96629;12,15224;-7,764606;1,683599;10,47451;-6,006252;-0,167354;8,993528;-5,611452;1,824111;2,333015;-2,371603;1,498728;6,32689;-7,3743;4,183066;9,878675;-9,056403;1,119822;8,63071;-7,051965;-0,379966;7,236626;-6,60324;1,699311;1,679507;-3,452152;1,190915;4,408664;-8,321473;3,136821;6,692158;-8,826454;-0,06775;5,459947;-7,303114;-0,606831;4,63995;-7,426988;1,544254;62,88403;-13,69424;58,83231;-150,2185;70,32847;-179,7813;-147,1241;70,32845;-179,7812;-144,5873;70,16972;-178,5586;-144,5873;70,16973;-178,5586;62,50404;-13,69423;58,83231;96,70738;-16,60609;54,26525;-173,136;-15,87234;54,34922;-91,67799;-16,04685;55,3635;-91,67609;-15,81452;55,35645;63,9581;-16,37959;53,23314;127,0108;-14,51752;57,57996;-129,0706;-15,99093;56,2624;-35,04406;-14,54553;55,37105;-34,99787;-14,66974;55,18788;65,83836;-19,12895;46,96498;130,9306;-20,221;47,97315;-125,2007;-21,54455;46,42993;-30,67657;-18,08724;44,53155;-30,60022;-18,22512;44,28653;69,09995;-22,67043;37,64254;149,5823;-20,49593;46,71915;-106,5271;-21,16562;45,08421;-12,1682;-17,34919;44,46148;-12,08128;-17,40885;44,17049;0;0;0;-46,90454;-52,59479;68,55305;-300,0248;-108,4106;358,0515;-522,9406;-140,4047;606,9501;-695,1835;-159,1757;797,1701;-82,70283;1,920204;87,47881;-401,1441;255,3312;337,5138;-674,5756;259,3334;627,5374;-676,9716;75,79634;694,8515;-563,4414;55,2584;581,0926;-127,7552;73,50536;110,2464;-468,0601;365,0987;370,1157;-726,0098;163,3279;716,2475;-614,4861;17,89789;648,692;-522,3612;143,2414;506,2733;-166,656;142,281;127,448;-497,3056;445,4311;372,9481;-730,6401;275,3697;681,6456;-614,6719;121,3496;612,394;-521,2015;245,5919;468,9323;-205,4379;207,1109;145,9149;-502,1812;502,2649;358,094;-640,9489;296,1709;578,7227;-535,8378;218,7852;493,9828;-487,0443;362,0018;391,4443;0;0;0;-0,280201;5,107998;-1,425147;1,670837;7,114649;0,507832;3,487587;8,78334;2,297401;4,92382;10,04004;3,696441;0,423789;4,453808;-0,665903;4,360198;10,98347;1,211643;7,284163;16,88862;3,341675;5,965232;14,34982;2,483368;4,634857;11,54172;1,522064;1,328945;3,620624;0,306129;5,730628;9,665965;2,700805;6,171226;11,42049;3,258705;4,72927;8,17269;2,197265;4,823684;8,249759;2,174377;2,156496;2,876043;1,193762;6,614685;7,884978;3,882408;6,709099;8,940696;4,351615;5,590438;6,55961;3,287315;5,724906;6,822109;3,298759;2,956867;2,148628;2,054214;7,175445;5,647659;4,885196;6,983757;5,261421;4,809379;5,67913;3,919601;3,993988;6,174087;4,739284;4,227161;3,969956;5,608088;7,243645;9,777436;43,66877;-0,350278;3,0944;1,386351;-5,245496;32,74854;90,18018;81,7352;-1,455891;63,82737;103,5775;93,78994;-12,1891;65,26157;103,3226;93,87173;-13,368;83,17043;103,312;94,14545;0,039139;-0,026379;0,007596;-0,008476;-0,289249;0,014877;0,000916;-0,000458;-0,234196;0,002518;0;0,001373;-0,405808;0,03891;0,000458;0;0;0;0;0;-11,57684;8,044051;0,684071;-1,017094;32,10926;-1,620483;0,027466;-0,027466;1,984406;-0,068665;0;0,109863;-12,11242;1,126099;0,054932;0,027466;0;0;0;0
119;1904;00:00:01:944;0;0;0;4,299449;0,927254;2,482747;8,19659;-1,421718;1,094231;11,43413;-3,626494;-0,058824;13,87298;-5,375711;-0,921141;3,746476;-0,031442;2,167401;9,049595;-4,203863;5,56084;13,24517;-7,014914;4,995878;13,41246;-6,230557;2,412046;11,65015;-4,991375;2,349766;3,022545;-1,259675;1,788031;7,895937;-6,068506;4,974349;12,15077;-7,764369;1,695216;10,47437;-6,006761;-0,157649;8,992124;-5,610925;1,832668;2,331942;-2,370976;1,501386;6,323864;-7,372543;4,190729;9,877506;-9,056338;1,130571;8,630672;-7,052495;-0,370953;7,235274;-6,602699;1,707212;1,678591;-3,451647;1,19367;4,40628;-8,320142;3,143694;6,691836;-8,826761;-0,059147;5,460038;-7,30363;-0,599763;4,638638;-7,426433;1,550847;62,83652;-13,68988;58,84119;-150,1432;70,33453;-179,7137;-147,0488;70,33452;-179,7136;-144,5123;70,17526;-178,4913;-144,5123;70,17529;-178,4913;62,45654;-13,68988;58,84119;96,66222;-16,6099;54,26546;-173,181;-15,87607;54,34884;-91,72308;-16,04982;55,36329;-91,72115;-15,81749;55,35606;63,90979;-16,37977;53,2444;126,9635;-14,51494;57,58776;-129,1183;-15,98939;56,27148;-35,09145;-14,54471;55,37891;-35,04529;-14,66906;55,19585;65,7896;-19,13418;46,97861;130,8823;-20,22628;47,98533;-125,2493;-21,55105;46,44325;-30,72384;-18,09524;44,5417;-30,64749;-18,23332;44,2968;69,05161;-22,68305;37,65882;149,5332;-20,50136;46,734;-106,5763;-21,17236;45,09961;-12,21617;-17,35643;44,47343;-12,12923;-17,41632;44,18248;0;0;0;-46,86664;-52,57215;68,47886;-300,0422;-108,422;357,7896;-523,0012;-140,4448;606,5293;-695,2756;-159,2377;796,6288;-82,66049;1,939885;87,40575;-400,9901;255,3755;337,296;-674,4429;259,4464;627,2114;-676,8853;75,93188;694,5295;-563,351;55,36743;580,8162;-127,7067;73,52085;110,1752;-467,8969;365,1362;369,9017;-725,8912;163,4543;715,9369;-614,4236;18,01472;648,4286;-522,2646;143,3203;506,042;-166,6008;142,2917;127,3791;-497,1432;445,4591;372,7516;-730,514;275,4791;681,3679;-614,6027;121,4476;612,1553;-521,0986;245,652;468,7242;-205,3767;207,1175;145,8478;-502,0287;502,2822;357,9252;-640,853;296,2453;578,5046;-535,7692;218,8514;493,8038;-486,9325;362,0375;391,2801;0;0;0;2,274513;1,358628;-4,451751;-1,042843;-0,6845;-15,71846;-3,639221;-2,407551;-25,24853;-5,527496;-3,724336;-32,47833;2,540231;1,180842;-4,383444;9,241103;2,65789;-13,06343;7,959365;6,784916;-19,55509;5,178451;8,132457;-19,31763;5,42736;6,541729;-16,58535;2,911091;0,929475;-4,276514;9,793281;2,247333;-12,83741;7,121086;7,584571;-18,6367;3,753662;7,009953;-15,80143;5,796432;4,739284;-13,87882;3,312349;0,644445;-4,139184;9,741782;1,67942;-11,79027;7,567405;6,563187;-16,66546;4,151344;5,877971;-14,31942;6,171226;3,60918;-12,48264;3,667831;0,396252;-4,025459;9,152411;1,03569;-10,12516;5,756378;4,463195;-13,08346;4,119873;3,97253;-10,73456;6,709099;2,142906;-9,853362;3,973351;5,609059;7,243816;9,776977;43,69477;-0,367902;3,0944;1,386351;-5,257137;32,74914;90,18017;81,73519;-1,457771;63,8274;103,5775;93,78994;-12,19156;65,26182;103,3226;93,87174;-13,368;83,17043;103,312;94,14545;1,560287;-1,057463;0;0;-0,69849;0,036163;-0,000458;-0,000458;-0,112832;0,001602;0;0;-0,147514;0,014648;0;0,000458;0;0;0;0;91,26891;-61,86504;-0,455761;0,508547;-24,55444;1,27716;-0,082397;0;7,281875;-0,054932;0;-0,082397;15,49759;-1,455688;-0,027466;0,027466;0;0;0;0
120;1920;00:00:02:000;0;0;0;4,298034;0,929544;2,484341;8,196989;-1,41776;1,098091;11,43615;-3,62115;-0,053049;13,87626;-5,369323;-0,913914;3,745635;-0,029446;2,168884;9,049363;-4,199005;5,564887;13,24623;-7,008497;5,001775;13,41425;-6,224248;2,417956;11,65149;-4,985742;2,354895;3,022428;-1,25806;1,789367;7,896809;-6,064254;4,978149;12,1537;-7,75854;1,700873;10,47724;-6,001877;-0,152836;8,994033;-5,606504;1,836855;2,332458;-2,369716;1,502574;6,325657;-7,369114;4,194057;9,881263;-9,051625;1,135472;8,634121;-7,048493;-0,366749;7,237702;-6,599115;1,710819;1,679733;-3,450727;1,194721;4,408928;-8,317728;3,146371;6,695987;-8,823638;-0,055511;5,463691;-7,301143;-0,596785;4,641498;-7,424089;1,553515;62,81317;-13,69608;58,87354;-150,1222;70,36366;-179,6668;-147,0278;70,36366;-179,6668;-144,4896;70,20423;-178,443;-144,4896;70,20424;-178,4429;62,43317;-13,69607;58,87353;96,64069;-16,62004;54,29345;-173,2025;-15,88618;54,37654;-91,7448;-16,05955;55,39112;-91,74279;-15,82724;55,38378;63,88687;-16,38815;53,27767;126,9405;-14,52207;57,61932;-129,1413;-15,99703;56,30362;-35,11419;-14,5527;55,41041;-35,06801;-14,67712;55,22741;65,76744;-19,14491;47,01267;130,8602;-20,23706;48,0187;-125,2712;-21,56239;46,47705;-30,74494;-18,10724;44,57399;-30,66855;-18,24541;44,32913;69,03109;-22,69703;37,69353;149,5108;-20,51217;46,76862;-106,5984;-21,18376;45,13438;-12,23761;-17,36806;44,50662;-12,15061;-17,42805;44,21567;0;0;0;-46,77213;-52,63327;68,33792;-299,9371;-108,414;357,5805;-522,8865;-140,3793;606,257;-695,1533;-159,1291;796,3064;-82,57594;1,88652;87,25869;-400,763;255,2372;336,8215;-674,2268;259,3768;626,5052;-676,7727;75,92459;693,8354;-563,2455;55,33826;580,2206;-127,6339;73,47667;110,0209;-467,688;365,012;369,4182;-725,8065;163,44;715,2397;-614,4152;18,04523;647,8463;-522,1795;143,2888;505,5288;-166,5365;142,2541;127,2196;-496,9616;445,3536;372,2918;-730,4468;275,4752;680,7222;-614,6001;121,4794;611,6146;-521,0165;245,6196;468,2508;-205,3217;207,0871;145,6826;-501,8856;502,2023;357,5128;-640,8336;296,2637;577,9885;-535,7747;218,8823;493,3797;-486,8538;362,0042;390,8845;0;0;0;5,670189;-3,667116;-8,45611;6,307125;0,479221;-12,54416;6,886482;3,929615;-16,33644;7,341384;6,521702;-19,34337;5,073308;-3,201887;-8,823751;13,62705;-8,296966;-28,47433;12,96902;-4,178524;-42,37175;6,754875;-0,437379;-41,64791;6,325722;-1,749873;-35,73417;4,366636;-2,650738;-9,258269;12,52842;-7,450103;-29,00791;5,078315;-0,857592;-41,83101;0,50354;1,830607;-34,93881;5,106925;-1,895427;-30,79033;3,861665;-2,255916;-9,569406;10,89477;-6,325722;-27,58598;4,031181;-0,236034;-38,73825;0,154495;1,906156;-32,444;4,92382;-1,945495;-28,40996;3,303051;-1,81961;-9,915589;8,583068;-4,792213;-24,74356;1,161575;1,105785;-30,97057;-0,329018;1,855373;-25,44594;4,723548;-1,998424;-23,73791;3,97264;5,608846;7,243763;9,777072;43,6893;-0,364178;3,094337;1,386492;-5,262763;32,74944;90,18018;81,73519;-1,458845;63,82743;103,5775;93,78993;-12,19278;65,26194;103,3226;93,87173;-13,368;83,17043;103,312;94,14545;-0,328445;0,223475;-0,003791;0,008476;-0,337515;0,017853;0,000916;0;-0,064409;0,001602;0;-0,000458;-0,0737;0,007324;0;-0,000458;0;0;0;0;-113,324;76,85622;-0,227451;0,508547;21,65851;-1,098633;0,082397;0,027466;2,905368;0;0;-0,027466;4,428863;-0,439453;0;-0,054932;0;0;0;0
121;1936;00:00:02:016;0;0;0;4,297957;0,930346;2,484174;8,197034;-1,416189;1,096971;11,43635;-3,61894;-0,054968;13,87659;-5,366632;-0,916439;3,74573;-0,028747;2,168729;9,050406;-4,197318;5,564464;13,24839;-7,005163;5,00145;13,41597;-6,221106;2,417547;11,65271;-4,983321;2,354437;3,022745;-1,257496;1,789228;7,898188;-6,062783;4,977753;12,15553;-7,755803;1,700404;10,47837;-5,999859;-0,153351;8,995109;-5,604868;1,836377;2,332978;-2,369282;1,502451;6,327254;-7,367938;4,19371;9,883131;-9,049646;1,135;8,635457;-7,046827;-0,367194;7,239016;-6,597753;1,710427;1,680449;-3,450416;1,194612;4,410666;-8,31691;3,146092;6,69769;-8,822341;-0,055891;5,465076;-7,300079;-0,597095;4,642998;-7,423209;1,553237;62,81561;-13,69542;58,88403;-150,1268;70,35055;-179,6604;-147,0324;70,3505;-179,6603;-144,495;70,19115;-178,4372;-144,4949;70,19118;-178,4372;62,43562;-13,69541;58,88403;96,63928;-16,61391;54,31708;-173,2038;-15,88006;54,40017;-91,74603;-16,05342;55,4147;-91,74403;-15,8211;55,40735;63,88926;-16,38725;53,28807;126,9405;-14,51732;57,63946;-129,1414;-15,99228;56,32378;-35,11435;-14,54795;55,43059;-35,0682;-14,67237;55,24759;65,76975;-19,14378;47,02299;130,8616;-20,235;48,03172;-125,2699;-21,56029;46,49005;-30,74368;-18,1051;44,58709;-30,6673;-18,24327;44,34223;69,03322;-22,69556;37,70378;149,5132;-20,51103;46,77888;-106,5961;-21,18255;45,14463;-12,23537;-17,36683;44,51702;-12,14838;-17,42682;44,22608;0;0;0;-46,68724;-52,77067;68,24232;-299,9802;-108,683;357,317;-523,043;-140,7578;605,8519;-695,3974;-159,59;795,7941;-82,52542;1,766771;87,1697;-400,7491;254,9458;336,5786;-674,2269;258,9926;626,1572;-676,8354;75,54652;693,4855;-563,3102;55,00041;579,9153;-127,6269;73,37978;109,9407;-467,7404;364,7569;369,1902;-725,9527;163,0904;714,9011;-614,5892;17,75227;647,5565;-522,3013;143,0236;505,2758;-166,5674;142,1785;127,1483;-497,0692;445,1479;372,0921;-730,6654;275,1925;680,4297;-614,8079;121,2393;611,3619;-521,1643;245,4045;468,0332;-205,3903;207,032;145,6195;-502,0445;502,0575;357,3522;-641,0827;296,0763;577,7703;-535,9938;218,7331;493,201;-487,0255;361,8636;390,7244;0;0;0;5,093514;-8,244037;-5,735993;-2,583503;-16,13903;-15,80715;-9,389876;-22,70508;-24,30439;-14,6513;-27,65894;-30,73883;3,030896;-7,184956;-5,339384;0,832558;-17,488;-14,56976;-0,008583;-23,05555;-20,87974;-3,762245;-22,68469;-20,99705;-3,882408;-20,27106;-18,31627;0,424147;-5,813241;-4,809379;-3,138542;-15,3079;-13,68284;-8,771895;-20,97702;-20,31898;-10,43701;-17,57786;-17,3893;-7,304191;-15,91158;-15,18059;-1,856088;-4,534721;-4,275798;-6,451607;-12,34245;-11,98196;-13,11779;-16,95871;-17,55237;-12,46548;-14,40525;-15,16056;-8,866309;-12,90321;-13,05485;-4,114151;-3,310204;-3,785133;-9,532928;-8,691787;-9,635924;-14,94598;-11,24382;-13,08918;-13,15212;-8,95357;-10,72311;-10,29968;-8,438586;-9,604453;3,973815;5,609242;7,243856;9,776913;43,69833;-0,370311;3,094273;1,386492;-5,249006;32,74873;90,18018;81,73519;-1,448749;63,82729;103,5774;93,78993;-12,19002;65,26167;103,3226;93,87175;-13,368;83,17043;103,312;94,14545;0,541534;-0,368013;-0,003805;0;0,825405;-0,042801;-0,000458;0;0,605736;-0,008011;-0,000458;0;0,165939;-0,016022;-0,000458;0,000916;0;0;0;0;52,19879;-35,48927;-0,000858;-0,508547;69,77519;-3,639221;-0,082397;0;40,20867;-0,576782;-0,027466;0,027466;14,37836;-1,400757;-0,027466;0,082397;0;0;0;0
122;1952;00:00:02:032;0;0;0;4,297646;0,928213;2,485509;8,197563;-1,418573;1,101094;11,43752;-3,621534;-0,048632;13,87822;-5,369385;-0,90847;3,745265;-0,030608;2,169506;9,048265;-4,201964;5,564437;13,24567;-7,010597;5,000985;13,41399;-6,225361;2,417487;11,65105;-4,987104;2,354589;3,022078;-1,259016;1,789285;7,895743;-6,066894;4,976624;12,15344;-7,759298;1,699419;10,47702;-6,0022;-0,153908;8,993418;-5,6078;1,835683;2,332116;-2,370511;1,50185;6,324677;-7,371326;4,191647;9,880946;-9,052295;1,132985;8,633894;-7,048655;-0,368634;7,237081;-6,600239;1,708879;1,679405;-3,451353;1,193375;4,408092;-8,319373;3,143188;6,695675;-8,823853;-0,058546;5,463526;-7,301059;-0,599308;4,640965;-7,424993;1,550794;62,819;-13,72428;58,87006;-150,1951;70,40556;-179,7367;-147,1007;70,40559;-179,7366;-144,5593;70,24667;-178,5097;-144,5593;70,24669;-178,5097;62,43901;-13,72429;58,87006;96,64552;-16,64297;54,30093;-173,1977;-15,90911;54,38409;-91,74044;-16,08256;55,39877;-91,73844;-15,85025;55,39145;63,89563;-16,41568;53,27311;126,9441;-14,54527;57,62725;-129,1372;-16,02015;56,3113;-35,1097;-14,57575;55,41809;-35,06345;-14,70015;55,23505;65,77946;-19,17135;47,00665;130,8691;-20,26096;48,02042;-125,2616;-21,58605;46,47829;-30,73468;-18,1306;44,57558;-30,65819;-18,26871;44,33067;69,04788;-22,72129;37,68497;149,5231;-20,53856;46,76225;-106,5854;-21,20981;45,12757;-12,22452;-17,39398;44,50063;-12,13738;-17,45391;44,20963;0;0;0;-46,68264;-52,81882;68,25233;-299,9066;-108,6518;357,5111;-522,9146;-140,6602;606,2001;-695,2289;-159,4421;796,2585;-82,53114;1,724806;87,17904;-400,8116;254,8446;336,604;-674,3627;258,7924;626,1762;-676,9434;75,35796;693,5096;-563,385;54,85513;579,9426;-127,6459;73,34594;109,9491;-467,823;364,6686;369,214;-726,0562;162,9262;714,9293;-614,657;17,63123;647,5873;-522,3673;142,9254;505,3041;-166,5986;142,1525;127,1557;-497,165;445,0773;372,1129;-730,7651;275,0741;680,4607;-614,8895;121,1393;611,3878;-521,2471;245,3228;468,0545;-205,4332;207,0133;145,6261;-502,1488;502,0084;357,369;-641,1849;295,9985;577,7931;-536,077;218,6693;493,2196;-487,1154;361,8108;390,7411;0;0;0;0,276268;-2,889275;0,600815;4,415988;1,868963;11,64722;7,701873;5,851507;20,88833;10,11085;8,875607;27,8635;-0,343323;-2,517924;0,560403;-3,750801;-6,072521;1,524925;-8,14247;-12,01057;1,138687;-6,480217;-11,31356;1,447677;-4,486084;-8,717178;1,633644;-1,142979;-2,030611;0,50354;-4,961013;-5,294322;1,42622;-6,205558;-9,851932;1,696587;-4,071235;-7,26208;1,848221;-3,965377;-5,886554;1,696587;-1,872539;-1,562118;0,444889;-5,750656;-4,237175;1,250267;-5,982399;-7,10535;1,859665;-4,898071;-6,00028;1,553535;-4,963874;-4,905223;1,278877;-2,579212;-1,121521;0,394106;-6,259918;-2,943992;1,002788;-6,128311;-4,669189;1,364708;-4,986763;-3,829479;1,115799;-5,39875;-3,170013;0,999927;3,969132;5,607902;7,24364;9,77755;43,66245;-0,345954;3,094273;1,386492;-5,250424;32,7488;90,18016;81,7352;-1,446586;63,82726;103,5774;93,78993;-12,18496;65,26118;103,3226;93,87174;-13,368;83,17043;103,312;94,14545;-2,152863;1,46141;0;0;-0,085087;0,004349;-0,000916;0,000458;0,129769;-0,00206;0;0;0,303726;-0,029297;0,000458;-0,000458;0;0;0;0;-161,6638;109,7654;0,22831;0;-54,62951;2,828979;-0,027466;0,027466;-28,55801;0,357056;0,027466;0;8,267211;-0,796509;0,054932;-0,082397;0;0;0;0
123;1968;00:00:02:048;0;0;0;4,297646;0,928213;2,485509;8,197563;-1,418573;1,101094;11,43752;-3,621534;-0,048632;13,87822;-5,369385;-0,90847;3,745265;-0,030608;2,169506;9,048265;-4,201964;5,564437;13,24567;-7,010597;5,000985;13,41399;-6,225361;2,417487;11,65105;-4,987104;2,354589;3,022078;-1,259016;1,789285;7,895743;-6,066894;4,976624;12,15344;-7,759298;1,699419;10,47702;-6,0022;-0,153908;8,993418;-5,6078;1,835683;2,332116;-2,370511;1,50185;6,324677;-7,371326;4,191647;9,880946;-9,052295;1,132985;8,633894;-7,048655;-0,368634;7,237081;-6,600239;1,708879;1,679405;-3,451353;1,193375;4,408092;-8,319373;3,143188;6,695675;-8,823853;-0,058546;5,463526;-7,301059;-0,599308;4,640965;-7,424993;1,550794;62,819;-13,72428;58,87006;-150,1951;70,40556;-179,7367;-147,1007;70,40559;-179,7366;-144,5593;70,24667;-178,5097;-144,5593;70,24669;-178,5097;62,43901;-13,72429;58,87006;96,64552;-16,64297;54,30093;-173,1977;-15,90911;54,38409;-91,74044;-16,08256;55,39877;-91,73844;-15,85025;55,39145;63,89563;-16,41568;53,27311;126,9441;-14,54527;57,62725;-129,1372;-16,02015;56,3113;-35,1097;-14,57575;55,41809;-35,06345;-14,70015;55,23505;65,77946;-19,17135;47,00665;130,8691;-20,26096;48,02042;-125,2616;-21,58605;46,47829;-30,73468;-18,1306;44,57558;-30,65819;-18,26871;44,33067;69,04788;-22,72129;37,68497;149,5231;-20,53856;46,76225;-106,5854;-21,20981;45,12757;-12,22452;-17,39398;44,50063;-12,13738;-17,45391;44,20963;0;0;0;-46,66395;-52,69081;68,17222;-299,9383;-108,5087;357,2637;-522,9851;-140,5046;605,8199;-695,327;-159,2769;795,7804;-82,50325;1,836464;87,13241;-400,6833;255,1234;336,6056;-674,1992;259,1185;626,2041;-676,8246;75,61325;693,5132;-563,2855;55,08211;579,9335;-127,6059;73,43713;109,9456;-467,6764;364,9153;369,2817;-725,9309;163,1359;714,9885;-614,5762;17,77167;647,6207;-522,2659;143,1013;505,3458;-166,5469;142,2262;127,1917;-497,0104;445,2806;372,2367;-730,634;275,233;680,5815;-614,7957;121,2489;611,4742;-521,1309;245,472;468,1473;-205,3706;207,0695;145,7003;-501,9943;502,1562;357,5432;-641,064;296,0893;577,9524;-535,9839;218,7281;493,3524;-486,9934;361,9178;390,8877;0;0;0;1,121163;7,680415;-4,807233;-1,904011;8,583783;-14,84442;-4,228591;9,337663;-22,80807;-5,887985;9,912013;-28,68747;1,673698;6,699476;-2,79808;7,701873;16,72697;0,094414;9,807586;19,5651;1,673698;7,129669;15,31791;0,214577;5,973815;13,61918;-0,546455;2,401829;5,471706;-0,208139;8,800506;14,80007;4,066944;7,515906;12,58206;3,547668;4,852294;8,426159;2,005577;6,088256;10,55217;2,500534;3,102064;4,424572;2,161503;9,278296;12,19654;7,427215;7,864951;9,532928;7,252692;5,624771;6,579638;5,184173;6,966591;8,950709;5,570411;3,760814;3,373146;4,451751;9,269713;8,86917;10,45561;7,252692;5,447387;9,558677;5,581855;3,529072;7,967948;7,321357;6,421566;8,797645;3,969132;5,607902;7,24364;9,77755;43,66245;-0,345954;3,094273;1,386492;-5,250424;32,7488;90,18016;81,7352;-1,446586;63,82726;103,5774;93,78993;-12,18496;65,26118;103,3226;93,87174;-13,368;83,17043;103,312;94,14545;0;0;0;0;0;0;0;0;0;0;0;0;0;0;0;0;0;0;0;0;129,1718;-87,68462;0;0;5,105209;-0,260925;0,054932;-0,027466;-7,78613;0,123596;0;0;-18,22357;1,757812;-0,027466;0,027466;0;0;0;0
124;1984;00:00:02:064;0;0;0;4,297101;0,926431;2,487116;8,198045;-1,420143;1,105231;11,43883;-3,622927;-0,042505;13,88014;-5,370648;-0,900887;3,744685;-0,032162;2,170484;9,046265;-4,205881;5,564731;13,24297;-7,015443;5,00073;13,41222;-6,228721;2,417742;11,64967;-4,989895;2,355113;3,021446;-1,26029;1,789456;7,893668;-6,070372;4,975675;12,15183;-7,761975;1,698656;10,47633;-6,003417;-0,154128;8,992295;-5,609773;1,835288;2,331423;-2,371555;1,50128;6,322647;-7,374214;4,189627;9,879199;-9,054446;1,130889;8,633168;-7,049511;-0,369848;7,235947;-6,601913;1,707567;1,678659;-3,45216;1,192089;4,406223;-8,321498;3,140183;6,694594;-8,824656;-0,061195;5,462778;-7,301437;-0,60152;4,639629;-7,426347;1,5483;62,82089;-13,75675;58,86248;-150,272;70,45846;-179,8152;-147,1776;70,45846;-179,8151;-144,6322;70,3001;-178,5844;-144,6321;70,30011;-178,5844;62,44091;-13,75676;58,86249;96,6533;-16,67957;54,28143;-173,19;-15,94574;54,36472;-91,73341;-16,11931;55,37957;-91,73141;-15,88699;55,37226;63,90083;-16,4478;53,26452;126,9486;-14,58083;57,61198;-129,1318;-16,0556;56,29567;-35,10378;-14,61112;55,40246;-35,0574;-14,73551;55,21939;65,78842;-19,20275;46,99657;130,8818;-20,2968;47,99812;-125,2477;-21,62156;46,4553;-30,71989;-18,16565;44,5531;-30,64321;-18,30371;44,30808;69,06245;-22,75088;37,6722;149,5323;-20,56993;46,75188;-106,5751;-21,24092;45,11675;-12,2142;-17,42498;44,49041;-12,12689;-17,48486;44,19935;0;0;0;-46,66395;-52,69081;68,17222;-299,8714;-108,3987;357,375;-522,8623;-140,3026;606,0241;-695,1622;-159,0053;796,0546;-82,50325;1,836464;87,13241;-400,6833;255,1234;336,6056;-674,2522;259,1179;626,1992;-676,8617;75,61285;693,5093;-563,2985;55,08204;579,9313;-127,6059;73,43713;109,9456;-467,6764;364,9153;369,2817;-725,954;163,1358;714,9879;-614,5749;17,7716;647,6215;-522,2603;143,1013;505,3471;-166,5469;142,2262;127,1917;-497,0104;445,2806;372,2367;-730,6639;275,2322;680,575;-614,7921;121,2489;611,4763;-521,1215;245,472;468,1526;-205,3706;207,0695;145,7003;-501,9943;502,1562;357,5432;-641,064;296,0893;577,9524;-535,9839;218,7281;493,3524;-486,9934;361,9178;390,8877;0;0;0;0;0;0;4,014015;6,605387;6,676197;7,367133;12,12358;12,2509;9,890555;16,2971;16,45088;0;0;0;0;0;0;-3,181458;-0,035763;-0,294685;-2,225876;-0,023961;-0,228882;-0,78392;-0,004292;-0,125885;0;0;0;0;0;0;-1,384735;-0,005007;-0,037193;0,074387;-0,004023;0,048637;0,33474;-0,004292;0,080109;0;0;0;0;0;0;-1,796722;-0,047207;-0,39196;0,220299;0;0,120163;0,566483;0,002861;0,317574;0;0;0;0;0;0;0;0;0;0;0;0;0;0;0;3,965032;5,606676;7,243292;9,778107;43,63097;-0,324689;3,094273;1,386351;-5,261832;32,74939;90,18018;81,73519;-1,454546;63,82735;103,5775;93,78993;-12,19721;65,26237;103,3226;93,87174;-13,368;83,17043;103,312;94,14545;-1,888275;1,275902;0;-0,008476;-0,684471;0,035477;0,000916;-0,000458;-0,477576;0,005722;0,000458;0;-0,735512;0,070953;0;0;0;0;0;0;-113,2965;76,5541;0;-0,508547;-41,06826;2,128601;0,054932;-0,027466;-28,65457;0,343323;0,027466;0;-44,1307;4,257202;0;0;0;0;0;0
125;2000;00:00:02:080;0;0;0;4,297185;0,926971;2,486769;8,198373;-1,418664;1,103984;11,43941;-3,620669;-0,044534;13,88093;-5,367804;-0,903516;3,744924;-0,031692;2,170079;9,04769;-4,204783;5,563244;13,24539;-7,012753;4,998702;13,41406;-6,225893;2,415723;11,65104;-4,987726;2,353317;3,021886;-1,259914;1,788977;7,895397;-6,069429;4,974081;12,15373;-7,759489;1,696491;10,47748;-6,001341;-0,156;8,993539;-5,60829;1,833604;2,332051;-2,37128;1,500738;6,324549;-7,373485;4,188041;9,881219;-9,052509;1,128779;8,634499;-7,047775;-0,371652;7,23738;-6,600727;1,70595;1,679467;-3,451976;1,191484;4,408199;-8,321015;3,138686;6,696326;-8,823329;-0,063;5,464152;-7,300286;-0,603006;4,641259;-7,425622;1,546888;62,83006;-13,75963;58,8716;-150,2937;70,44958;-179,8245;-147,1993;70,44962;-179,8245;-144,6544;70,2914;-178,594;-144,6543;70,29144;-178,594;62,45007;-13,75963;58,8716;96,65961;-16,67731;54,30113;-173,1837;-15,94347;54,3845;-91,72707;-16,11715;55,39931;-91,72508;-15,88484;55,39204;63,91037;-16,44979;53,2731;126,9561;-14,58052;57,62808;-129,1243;-16,05512;56,31158;-35,09632;-14,61052;55,41858;-35,04995;-14,73489;55,23548;65,79829;-19,20373;47,00462;130,8902;-20,29639;48,01041;-125,2393;-21,62093;46,46739;-30,71168;-18,16477;44,56572;-30,63501;-18,30279;44,32069;69,07259;-22,75036;37,67958;149,5422;-20,57086;46,75969;-106,5651;-21,24159;45,12442;-12,20441;-17,42555;44,49878;-12,1171;-17,48538;44,20771;0;0;0;-46,63128;-52,5839;68,07582;-299,9052;-108,3125;357,1187;-522,9495;-140,2337;605,6417;-695,2888;-158,9493;795,5797;-82,46844;1,929737;87,07369;-400,5632;255,3584;336,588;-674,037;259,4092;626,2194;-676,718;75,81489;693,4979;-563,2026;55,24959;579,902;-127,568;73,51354;109,9354;-467,5519;365,124;369,3386;-725,835;163,2965;715,0342;-614,5349;17,84465;647,6339;-522,1983;143,2197;505,3696;-166,5053;142,2888;127,226;-496,8886;445,4539;372,3579;-730,5483;275,3616;680,7032;-614,7499;121,3004;611,5483;-521,0569;245,5724;468,2294;-205,3258;207,1179;145,7774;-501,8822;502,2837;357,7235;-640,9991;296,1375;578,1113;-535,939;218,7507;493,4851;-486,9133;361,999;391,0373;0;0;0;1,960695;6,414771;-5,783557;-2,025604;5,169153;-15,37943;-5,235672;4,133462;-22,94826;-7,598876;3,361702;-28,49579;2,088189;5,596429;-3,522635;7,201194;14,10055;-1,057148;12,91466;17,48085;1,213074;8,6174;12,12215;-0,686645;5,750656;10,05292;-1,759529;2,273798;4,584431;-0,612974;7,467269;12,51984;3,4132;7,138252;9,640931;2,783775;2,403259;4,382729;0,741005;3,719329;7,108212;1,347542;2,495527;3,755807;2,053499;7,307052;10,39982;7,269858;6,937981;7,764815;7,687568;2,532005;3,086328;4,325866;3,876686;6,025314;4,609107;2,68507;2,906799;4,629135;6,729126;7,650374;10,8161;3,890991;2,891063;9,535789;2,695083;1,360416;7,962226;4,806518;4,875183;8,977889;3,965325;5,606801;7,243351;9,778066;43,63326;-0,326234;3,094337;1,386351;-5,250312;32,74878;90,18018;81,73519;-1,446992;63,82726;103,5775;93,78992;-12,19278;65,26194;103,3226;93,87173;-13,368;83,17043;103,312;94,14545;0,137329;-0,092697;0,003805;0;0,691166;-0,036392;0;0;0,453229;-0,005493;0;-0,000458;0,265846;-0,025635;0;-0,000458;0;0;0;0;121,5362;-82,11592;0,22831;0,508547;82,53821;-4,312133;-0,054932;0,027466;55,8483;-0,672913;-0,027466;-0,027466;60,08147;-5,795288;0;-0,027466;0;0;0;0
126;2016;00:00:02:096;0;0;0;4,297738;0,926713;2,48591;8,198363;-1,419225;1,102052;11,43891;-3,62148;-0,047354;13,88006;-5,368804;-0,907002;3,745347;-0,031917;2,169347;9,04848;-4,205321;5,56155;13,24574;-7,013782;4,996172;13,414;-6,226925;2,413163;11,65111;-4,988552;2,351111;3,022147;-1,260095;1,788409;7,895939;-6,069896;4,972648;12,15348;-7,760359;1,694243;10,47702;-6,002086;-0,157938;8,993505;-5,608884;1,831951;2,332176;-2,371417;1,500325;6,324845;-7,373855;4,186939;9,880926;-9,053045;1,127085;8,633902;-7,048407;-0,373223;7,237188;-6,601241;1,704624;1,679455;-3,452073;1,191219;4,408222;-8,32127;3,137977;6,695686;-8,823805;-0,064146;5,463514;-7,300684;-0,603938;4,641034;-7,425922;1,546118;62,83937;-13,7529;58,86531;-150,2918;70,43344;-179,8269;-147,1974;70,43346;-179,8268;-144,6534;70,27526;-178,5974;-144,6534;70,27526;-178,5974;62,4594;-13,75291;58,86531;96,6693;-16,67104;54,2916;-173,174;-15,93723;54,37509;-91,71725;-16,11108;55,38984;-91,71529;-15,87876;55,38262;63,91908;-16,44222;53,26657;126,9655;-14,57401;57,62076;-129,1149;-16,0484;56,30404;-35,08714;-14,60367;55,4113;-35,04079;-14,728;55,22819;65,80621;-19,19529;46,99794;130,8965;-20,28636;48,00845;-125,2331;-21,61074;46,46537;-30,70599;-18,15439;44,5642;-30,62936;-18,2924;44,31919;69,0791;-22,7408;37,67298;149,5502;-20,5624;46,75283;-106,5574;-21,23293;45,11753;-12,19696;-17,41679;44,49247;-12,1097;-17,47659;44,20142;0;0;0;-46,63628;-52,61633;68,09659;-299,9337;-108,4158;357,1789;-523,0006;-140,3958;605,7364;-695,3579;-159,1558;795,7011;-82,48277;1,901496;87,098;-400,6488;255,2925;336,6772;-674,1961;259,2477;626,3398;-676,8384;75,64502;693,618;-563,2883;55,11944;580,0093;-127,5944;73,49104;109,9641;-467,6556;365,0674;369,4343;-725,9521;163,1474;715,1641;-614,6036;17,7201;647,7463;-522,2722;143,1307;505,4707;-166,543;142,2724;127,2585;-497,0027;445,4102;372,4531;-730,6575;275,2457;680,8325;-614,8311;121,1962;611,6558;-521,1467;245,5012;468,3244;-205,3743;207,1069;145,8137;-502,0008;502,2547;357,8134;-641,103;296,0578;578,2197;-536,0215;218,6817;493,5743;-487,0111;361,9556;391,122;0;0;0;-0,300407;-1,945495;1,245975;-1,709461;-6,196975;3,61061;-3,064155;-9,731053;5,684852;-4,142761;-12,3918;7,289886;-0,859737;-1,694486;1,458049;-5,132675;-3,951072;5,352973;-9,547233;-9,693145;7,226943;-7,21836;-10,19239;7,209777;-5,138397;-7,809161;6,434441;-1,584291;-1,350403;1,723766;-6,222724;-3,394604;5,740642;-7,026672;-8,947848;7,790565;-4,125595;-7,472633;6,746292;-4,431724;-5,340814;6,068229;-2,261638;-0,988483;1,951217;-6,849289;-2,626419;5,710601;-6,548882;-6,955147;7,756232;-4,875183;-6,251335;6,448746;-5,387306;-4,271507;5,696296;-2,90823;-0,662327;2,179384;-7,115364;-1,739502;5,393028;-6,234169;-4,779338;6,500244;-4,949569;-4,144191;5,352973;-5,867958;-2,606392;5,082607;3,965868;5,606953;7,243427;9,777992;43,63741;-0,328993;3,094273;1,386492;-5,253334;32,74894;90,18015;81,73522;-1,447938;63,82727;103,5775;93,78994;-12,18783;65,26144;103,3226;93,87174;-13,368;83,17043;103,312;94,14545;0,249023;-0,16551;-0,003805;0,008476;-0,181303;0,009384;-0,001373;0,001831;-0,056784;0,000458;0;0,000916;0,296917;-0,029755;-0,000458;0,000458;0;0;0;0;6,701659;-4,368782;-0,456619;0,508547;-52,34813;2,746582;-0,082397;0,109863;-30,60078;0,357056;0;0,082397;1,864241;-0,247192;-0,027466;0,054932;0;0;0;0
127;2032;00:00:02:112;0;0;0;4,298525;0,924868;2,485236;8,198258;-1,42149;1,099578;11,43801;-3,624094;-0,051412;13,87853;-5,371682;-0,912283;3,74584;-0,033526;2,168469;9,048798;-4,209319;5,558008;13,24554;-7,018189;4,990825;13,41331;-6,230591;2,408009;11,65058;-4,991956;2,346733;3,02227;-1,261407;1,787275;7,895692;-6,073425;4,96873;12,15203;-7,763826;1,688732;10,47561;-6,004437;-0,162426;8,992657;-5,611565;1,827947;2,331977;-2,37247;1,498969;6,324116;-7,376751;4,182936;9,879054;-9,055759;1,121653;8,632203;-7,050259;-0,377644;7,236085;-6,60348;1,700688;1,678936;-3,452869;1,189641;4,407034;-8,323364;3,13409;6,693643;-8,825321;-0,068736;5,461697;-7,301732;-0,607719;4,639684;-7,427521;1,542485;62,86156;-13,76296;58,84686;-150,3512;70,41903;-179,896;-147,2567;70,41895;-179,8959;-144,7133;70,2612;-178,6669;-144,7132;70,26126;-178,6668;62,48158;-13,76297;58,84686;96,69088;-16,67704;54,2775;-173,1525;-15,94329;54,3613;-91,69582;-16,1175;55,37599;-91,69389;-15,88518;55,36886;63,94246;-16,45012;53,24678;126,9885;-14,58448;57,59978;-129,0915;-16,05837;56,28239;-35,06372;-14,61328;55,39021;-35,01733;-14,73754;55,20705;65,83072;-19,2007;46,97672;130,9218;-20,29283;47,98487;-125,2075;-21,61658;46,44111;-30,68072;-18,15943;44,5415;-30,60404;-18,29734;44,29641;69,10483;-22,7424;37,64988;149,5749;-20,56771;46,73095;-106,5324;-21,23757;45,09531;-12,17247;-17,42119;44,47197;-12,08517;-17,48087;44,18086;0;0;0;-46,66945;-52,6008;68,14813;-299,9353;-108,3858;357,291;-522,9749;-140,354;605,8987;-695,3115;-159,105;795,9012;-82,50814;1,915008;87,14196;-400,6961;255,3248;336,7789;-674,1894;259,3097;626,4941;-676,8152;75,70721;693,7736;-563,2857;55,16902;580,1426;-127,61;73,5019;109,9982;-467,6881;365,0954;369,5203;-725,9439;163,1996;715,2988;-614,5759;17,7648;647,8628;-522,2685;143,1664;505,5703;-166,5505;142,2806;127,2832;-497,0204;445,4323;372,5192;-730,6444;275,2778;680,933;-614,7947;121,2341;611,7504;-521,1337;245,5321;468,4047;-205,3736;207,1127;145,8296;-502,0022;502,27;357,8558;-641,0646;296,0863;578,2884;-535,9832;218,7055;493,6302;-486,9976;361,9736;391,1682;0;0;0;-1,990199;0,931621;3,092408;-0,101566;1,798153;6,729126;1,542091;2,511978;9,738921;2,783775;3,04985;12,00199;-1,522064;0,810698;2,637863;-2,840996;1,936912;6,0997;0,403404;3,72219;9,255408;1,384735;3,731131;9,332656;0,154495;2,974748;8,00228;-0,938415;0,651598;2,045631;-1,951217;1,680851;5,158424;0,492096;3,135681;8,082389;1,665115;2,682209;6,99234;0,220299;2,13933;5,976676;-0,449896;0,494242;1,484871;-1,061439;1,330376;3,965377;0,78392;1,924038;6,033897;2,18296;2,275944;5,676269;0,778198;1,852512;4,817962;0,044346;0,346184;0,952005;-0,085831;0,915527;2,549171;2,303123;1,710892;4,125595;2,297401;1,431942;3,353119;0,812531;1,078606;2,772331;3,966003;5,606978;7,243417;9,777971;43,63847;-0,329729;3,094273;1,386351;-5,247363;32,74863;90,18015;81,73522;-1,450234;63,8273;103,5775;93,78994;-12,18971;65,26164;103,3226;93,87173;-13,368;83,17043;103,312;94,14545;0,063629;-0,044146;0;-0,008476;0,358257;-0,018311;0;0;-0,137751;0,00206;0;0;-0,112553;0,011902;0,000458;-0,000916;0;0;0;0;-11,12366;7,281875;0,22831;-1,017094;32,37362;-1,661682;0,082397;-0,109863;-4,858017;0,09613;0;-0,054932;-24,56817;2,499389;0,054932;-0,082397;0;0;0;0
128;2048;00:00:02:128;0;0;0;4,298601;0,924682;2,485174;8,197639;-1,422621;1,099168;11,43677;-3,626012;-0,05206;13,87682;-5,374192;-0,913096;3,745766;-0,033687;2,168595;9,047921;-4,20964;5,559193;13,24482;-7,018478;4,993054;13,41263;-6,23172;2,409986;11,64984;-4,993196;2,348252;3,022004;-1,261529;1,78764;7,894524;-6,07368;4,970275;12,15079;-7,765326;1,690823;10,47461;-6,006221;-0,160819;8,991632;-5,612706;1,829413;2,331535;-2,372539;1,499549;6,322756;-7,376912;4,18471;9,877561;-9,057111;1,123925;8,631033;-7,051782;-0,375871;7,23491;-6,604335;1,702315;1,678323;-3,452895;1,190431;4,405549;-8,323429;3,136006;6,692175;-8,826451;-0,06664;5,460499;-7,302772;-0,605987;4,638398;-7,427965;1,544217;62,85346;-13,75343;58,83924;-150,3178;70,40713;-179,8745;-147,2233;70,40711;-179,8744;-144,6809;70,24905;-178,6464;-144,6809;70,24911;-178,6463;62,47346;-13,75344;58,83924;96,67801;-16,66278;54,28419;-173,1653;-15,92898;54,36779;-91,70843;-16,10297;55,38247;-91,70647;-15,87065;55,37528;63,93332;-16,44142;53,23983;126,9792;-14,57348;57,59629;-129,1012;-16,04757;56,27921;-35,0735;-14,60262;55,38684;-35,02714;-14,72692;55,2037;65,82049;-19,193;46,97053;130,911;-20,2843;47,98073;-125,2187;-21,60832;46,43732;-30,69192;-18,15153;44,5371;-30,61528;-18,28948;44,29205;69,09313;-22,73636;37,64485;149,5646;-20,56005;46,72505;-106,543;-21,23017;45,08963;-12,18295;-17,41391;44,46556;-12,09569;-17,47363;44,17449;0;0;0;-46,71668;-52,4901;68,18858;-299,9534;-108,29;357,399;-522,9655;-140,2706;606,068;-695,28;-159,031;796,1183;-82,53773;2,011545;87,19459;-400,7151;255,5646;336,9914;-674,1119;259,5749;626,8209;-676,728;75,92761;694,0875;-563,2375;55,37337;580,4079;-127,6174;73,58057;110,0662;-467,6733;365,3071;369,7553;-725,8447;163,4076;715,6298;-614,4918;17,90587;648,1317;-522,2206;143,3273;505,8098;-166,5386;142,3438;127,3646;-496,9767;445,6061;372,7594;-730,5276;275,4407;681,26;-614,6935;121,3452;612,0153;-521,069;245,6664;468,64;-205,3424;207,1605;145,9243;-501,9308;502,3956;358,0891;-640,942;296,1773;578,5638;-535,8741;218,7684;493,8571;-486,9166;362,0695;391,3862;0;0;0;-2,833843;6,642222;2,426862;-1,082897;5,751371;6,477356;0,566483;5,002498;10,15663;1,888275;4,438877;13,0291;-1,775622;5,79223;3,157496;-1,141548;14,38951;12,74872;4,649162;15,91015;19,60945;5,238533;13,22436;18,83697;2,895355;12,26163;15,91587;-0,444174;4,719972;4,079818;0,889778;12,70294;14,10198;5,950927;12,47907;19,85836;5,043983;8,46371;16,13045;2,872467;9,65309;14,37092;0,715256;3,790855;4,883766;2,620697;10,42843;14,41383;7,009506;9,774684;19,62089;6,076812;6,664038;15,89298;3,882408;8,05807;14,12201;1,866817;2,869606;5,681991;4,28009;7,538795;13,99469;7,35855;5,460262;16,52241;6,543159;3,775119;13,60989;4,858016;5,754947;13,07917;3,967494;5,607434;7,24352;9,777771;43,64992;-0,337517;3,094273;1,386351;-5,233266;32,74791;90,18017;81,7352;-1,446045;63,82725;103,5775;93,78992;-12,18783;65,26144;103,3226;93,87174;-13,368;83,17043;103,312;94,14545;0,686645;-0,46732;0;0;0,845804;-0,043259;0,000916;-0,001373;0,251355;-0,003204;0;-0,001373;0,112553;-0,011902;-0,000458;0,000916;0;0;0;0;37,38098;-25,39043;0;0,508547;29,25281;-1,496887;0,054932;-0,082397;23,34637;-0,315857;0;-0,082397;13,50632;-1,428222;-0,054932;0,109863;0;0;0;0
129;2064;00:00:02:144;0;0;0;4,298674;0,924592;2,485082;8,197562;-1,423348;1,099724;11,43654;-3,627267;-0,050925;13,87646;-5,375843;-0,911512;3,745738;-0,033765;2,168643;9,0474;-4,20978;5,559935;13,24358;-7,019746;4,994057;13,41163;-6,233221;2,410933;11,64915;-4,994246;2,349085;3,021846;-1,261586;1,787866;7,893805;-6,073784;4,971289;12,14984;-7,766522;1,6921;10,47396;-6,007384;-0,159784;8,991025;-5,613382;1,830381;2,331259;-2,372565;1,499936;6,321905;-7,376965;4,185904;9,876455;-9,058135;1,125357;8,630286;-7,05277;-0,374691;7,234218;-6,604838;1,703426;1,677934;-3,452897;1,190976;4,404606;-8,323433;3,137322;6,691213;-8,827191;-0,065222;5,45971;-7,303459;-0,604814;4,637571;-7,428236;1,545399;62,84825;-13,74631;58,83425;-150,291;70,41122;-179,8554;-147,1966;70,41119;-179,8553;-144,6541;70,25296;-178,6272;-144,654;70,25302;-178,6272;62,46826;-13,74632;58,83425;96,67484;-16,65979;54,27028;-173,1685;-15,92598;54,35384;-91,71152;-16,09993;55,36851;-91,70956;-15,86761;55,36132;63,92734;-16,43481;53,23527;126,9746;-14,56777;57,58829;-129,106;-16,04196;56,27136;-35,07832;-14,59709;55,37889;-35,03199;-14,7214;55,19577;65,81369;-19,18707;46,96653;130,9056;-20,27966;47,97279;-125,2242;-21,60382;46,42957;-30,69748;-18,14721;44,52906;-30,62088;-18,28517;44,28402;69,08522;-22,73156;37,64167;149,5577;-20,55415;46,72123;-106,5501;-21,22446;45,08595;-12,18995;-17,40826;44,46141;-12,10273;-17,46803;44,17036;0;0;0;-46,72122;-52,47897;68,19229;-299,9101;-108,2119;357,4339;-522,8799;-140,1368;606,1257;-695,1619;-158,8553;796,1924;-82,53331;2,021212;87,18707;-400,6626;255,5839;336,9203;-674,1139;259,5917;626,6831;-676,7185;75,99505;693,9658;-563,2041;55,4477;580,315;-127,6015;73,58789;110,0443;-467,6032;365,3224;369,6626;-725,7798;163,4976;715,504;-614,431;18,01293;648,0355;-522,1567;143,3957;505,7224;-166,512;142,3479;127,3298;-496,8951;445,6158;372,6529;-730,4478;275,5215;681,1215;-614,6219;121,4366;611,9097;-520,9954;245,7177;468,5443;-205,3057;207,162;145,8769;-501,8417;502,3996;357,9741;-640,8539;296,2451;578,438;-535,8023;218,8308;493,7531;-486,8394;362,0961;391,2823;0;0;0;-0,272155;0,667334;0,222802;2,597809;4,684925;2,09713;5,135536;8,028745;3,464699;7,089615;10,5443;4,446029;0,26536;0,580028;-0,451326;3,152847;1,154423;-4,262924;-0,120163;1,00851;-8,271216;0,566483;4,046201;-7,307052;2,002716;4,459261;-5,573272;0,959158;0,439525;-1,313209;4,205703;0,918388;-5,561828;3,893852;5,398035;-7,547378;3,647804;6,423891;-5,770683;3,83377;4,107713;-5,247116;1,592875;0,246763;-2,087831;4,898071;0,577927;-6,388664;4,786491;4,852294;-8,311271;4,288673;5,485296;-6,337166;4,417419;3,07703;-5,747795;2,205848;0,091553;-2,843857;5,347251;0,237465;-6,899357;5,284309;4,069805;-7,544517;4,311561;3,740787;-6,234169;4,629135;1,599312;-6,235599;3,967116;5,607305;7,243459;9,777822;43,647;-0,335535;3,094337;1,386351;-5,242918;32,74842;90,18017;81,7352;-1,449424;63,8273;103,5775;93,78995;-12,19186;65,26183;103,3226;93,87175;-13,368;83,17043;103,312;94,14545;-0,175095;0,118961;0,003805;0;-0,579071;0,030212;0;0;-0,202761;0,002747;0;0,001831;-0,241642;0,023346;0,000458;0,000458;0;0;0;0;-51,7044;35,17685;0,22831;0;-85,4925;4,408264;-0,054932;0,082397;-27,24695;0,357056;0;0,192261;-21,25168;2,114868;0,054932;-0,027466;0;0;0;0
130;2080;00:00:02:160;0;0;0;4,298674;0,924592;2,485082;8,197562;-1,423348;1,099724;11,43654;-3,627267;-0,050925;13,87646;-5,375843;-0,911512;3,745738;-0,033765;2,168643;9,0474;-4,20978;5,559935;13,24358;-7,019746;4,994057;13,41163;-6,233221;2,410933;11,64915;-4,994246;2,349085;3,021846;-1,261586;1,787866;7,893805;-6,073784;4,971289;12,14984;-7,766522;1,6921;10,47396;-6,007384;-0,159784;8,991025;-5,613382;1,830381;2,331259;-2,372565;1,499936;6,321905;-7,376965;4,185904;9,876455;-9,058135;1,125357;8,630286;-7,05277;-0,374691;7,234218;-6,604838;1,703426;1,677934;-3,452897;1,190976;4,404606;-8,323433;3,137322;6,691213;-8,827191;-0,065222;5,45971;-7,303459;-0,604814;4,637571;-7,428236;1,545399;62,84825;-13,74631;58,83425;-150,291;70,41122;-179,8554;-147,1966;70,41119;-179,8553;-144,6541;70,25296;-178,6272;-144,654;70,25302;-178,6272;62,46826;-13,74632;58,83425;96,67484;-16,65979;54,27028;-173,1685;-15,92598;54,35384;-91,71152;-16,09993;55,36851;-91,70956;-15,86761;55,36132;63,92734;-16,43481;53,23527;126,9746;-14,56777;57,58829;-129,106;-16,04196;56,27136;-35,07832;-14,59709;55,37889;-35,03199;-14,7214;55,19577;65,81369;-19,18707;46,96653;130,9056;-20,27966;47,97279;-125,2242;-21,60382;46,42957;-30,69748;-18,14721;44,52906;-30,62088;-18,28517;44,28402;69,08522;-22,73156;37,64167;149,5577;-20,55415;46,72123;-106,5501;-21,22446;45,08595;-12,18995;-17,40826;44,46141;-12,10273;-17,46803;44,17036;0;0;0;-46,7256;-52,47353;68,19781;-299,9055;-108,1682;357,4005;-522,8659;-140,0615;606,0576;-695,1403;-158,7562;796,0974;-82,53164;2,025917;87,1842;-400,6313;255,5923;336,8758;-674,0395;259,6678;626,6229;-676,6583;76,08513;693,9089;-563,1631;55,51068;580,265;-127,592;73,59134;110,0308;-467,5601;365,3287;369,6018;-725,7229;163,5694;715,4274;-614,3923;18,08267;647,9734;-522,1204;143,4362;505,6643;-166,4955;142,3495;127,3066;-496,8441;445,6189;372,5813;-730,3815;275,583;681,0356;-614,5772;121,4959;611,8389;-520,9539;245,7479;468,4775;-205,2823;207,1621;145,8442;-501,7852;502,3998;357,8951;-640,7962;296,2896;578,3529;-535,7549;218,8721;493,6828;-486,7898;362,1124;391,2113;0;0;0;-0,262857;0,326514;0,331163;0,27895;2,618551;-2,002716;0,83828;4,51684;-4,08554;1,296043;5,945205;-5,702018;0,100493;0,282303;-0,171661;1,879692;0,507832;-2,672195;4,463195;4,566192;-3,61061;3,616333;5,40483;-3,4132;2,460479;3,779053;-3,001213;0,568628;0,207067;-0,813961;2,586365;0,377655;-3,649234;3,416061;4,30727;-4,597663;2,320289;4,184246;-3,725051;2,180099;2,431869;-3,484726;0,991344;0,094414;-1,394749;3,064155;0,188828;-4,297256;3,979682;3,687858;-5,152702;2,6865;3,556252;-4,248619;2,491951;1,812458;-4,002571;1,401901;0,007153;-1,961231;3,393173;0,011444;-4,737854;3,461838;2,663612;-5,106925;2,840996;2,476215;-4,220008;2,978325;0,975609;-4,257202;3,967116;5,607305;7,243459;9,777822;43,647;-0,335535;3,094337;1,386351;-5,242918;32,74842;90,18017;81,7352;-1,449424;63,8273;103,5775;93,78995;-12,19186;65,26183;103,3226;93,87175;-13,368;83,17043;103,312;94,14545;0;0;0;0;0;0;0;0;0;0;0;0;0;0;0;0;0;0;0;0;10,50567;-7,137679;-0,22831;0;34,74426;-1,812744;0;0;12,16564;-0,164795;0;-0,109863;14,49852;-1,400757;-0,027466;-0,027466;0;0;0;0
131;2096;00:00:02:176;0;0;0;4,300007;0,924433;2,482833;8,198277;-1,424443;1,097325;11,43671;-3,62914;-0,053387;13,87619;-5,3783;-0,914;3,746765;-0,033903;2,166865;9,04936;-4,210042;5,556544;13,24407;-7,021847;4,988901;13,41123;-6,235597;2,405634;11,64925;-4,995874;2,344525;3,022491;-1,261689;1,786702;7,895182;-6,073987;4,968854;12,14921;-7,768394;1,687927;10,47293;-6,00912;-0,163452;8,991033;-5,614394;1,82735;2,331587;-2,372618;1,499343;6,322695;-7,377082;4,184503;9,875321;-9,059711;1,122522;8,628989;-7,054239;-0,377245;7,234037;-6,605596;1,701468;1,677938;-3,45291;1,19093;4,404743;-8,323466;3,13704;6,689742;-8,828295;-0,066483;5,458231;-7,304481;-0,605821;4,637095;-7,428655;1,544811;62,86562;-13,72149;58,82078;-150,25;70,40068;-179,8257;-147,1556;70,40068;-179,8256;-144,6141;70,24218;-178,5985;-144,614;70,24219;-178,5985;62,48563;-13,72149;58,82079;96,69507;-16,64025;54,23999;-173,1483;-15,90647;54,32382;-91,69097;-16,08076;55,33832;-91,68905;-15,84844;55,33122;63,94233;-16,40848;53,2217;126,993;-14,54519;57,56849;-129,0879;-16,01898;56,25122;-35,06081;-14,57383;55,35931;-35,01454;-14,69809;55,17617;65,82577;-19,15931;46,95321;130,9209;-20,25468;47,95171;-125,2095;-21,57846;46,40837;-30,68404;-18,12141;44,50906;-30,60753;-18,25933;44,26403;69,09256;-22,70231;37,62949;149,5697;-20,52633;46,70765;-106,5389;-21,19634;45,07254;-12,17926;-17,38003;44,44888;-12,09219;-17,43974;44,15785;0;0;0;-46,7256;-52,47353;68,19781;-299,8755;-108,119;357,4503;-522,811;-139,9711;606,149;-695,0665;-158,6347;796,22;-82,53164;2,025917;87,1842;-400,6313;255,5923;336,8758;-674,1187;259,6669;626,6157;-676,7138;76,08452;693,9031;-563,1826;55,51055;580,2618;-127,592;73,59134;110,0308;-467,5601;365,3287;369,6018;-725,742;163,5693;715,4268;-614,3914;18,0826;647,9742;-522,1158;143,4362;505,6655;-166,4955;142,3495;127,3066;-496,8441;445,6189;372,5813;-730,3995;275,5826;681,0317;-614,575;121,4959;611,84;-520,9482;245,748;468,4807;-205,2823;207,1621;145,8442;-501,7852;502,3998;357,8951;-640,7962;296,2896;578,3529;-535,7549;218,8721;493,6828;-486,7898;362,1124;391,2113;0;0;0;0;0;0;1,793861;2,954721;2,982616;3,295898;5,422353;5,484581;4,423141;7,289886;7,355689;0;0;0;0;0;0;-4,752159;-0,054359;-0,434876;-3,333092;-0,036478;-0,343323;-1,170158;-0,007868;-0,188828;0;0;0;0;0;0;-1,14727;-0,005007;-0,031471;0,060081;-0,004023;0,048637;0,277519;-0,004292;0,071526;0;0;0;0;0;0;-1,078606;-0,02718;-0,234604;0,131607;0;0,068665;0,340462;0,002861;0,191689;0;0;0;0;0;0;0;0;0;0;0;0;0;0;0;3,965287;5,606741;7,243286;9,778071;43,63293;-0,326014;3,0944;1,38621;-5,260006;32,7493;90,18017;81,73519;-1,455891;63,82737;103,5775;93,78992;-12,19922;65,26255;103,3226;93,87174;-13,368;83,17043;103,312;94,14545;-0,844345;0,571232;0,003791;-0,008469;-1,025333;0,052872;0;-0,000458;-0,387976;0,004578;0;-0,001373;-0,441341;0,04303;0;-0,000458;0;0;0;0;-50,6607;34,27391;0,227451;-0,508118;-61,52;3,172302;0;-0,027466;-23,27857;0,274658;0;-0,082397;-26,48048;2,581787;0;-0,027466;0;0;0;0
132;2112;00:00:02:192;0;0;0;4,300007;0,924433;2,482833;8,198277;-1,424443;1,097325;11,43671;-3,62914;-0,053387;13,87619;-5,3783;-0,914;3,746765;-0,033903;2,166865;9,04936;-4,210042;5,556544;13,24407;-7,021847;4,988901;13,41123;-6,235597;2,405634;11,64925;-4,995874;2,344525;3,022491;-1,261689;1,786702;7,895182;-6,073987;4,968854;12,14921;-7,768394;1,687927;10,47293;-6,00912;-0,163452;8,991033;-5,614394;1,82735;2,331587;-2,372618;1,499343;6,322695;-7,377082;4,184503;9,875321;-9,059711;1,122522;8,628989;-7,054239;-0,377245;7,234037;-6,605596;1,701468;1,677938;-3,45291;1,19093;4,404743;-8,323466;3,13704;6,689742;-8,828295;-0,066483;5,458231;-7,304481;-0,605821;4,637095;-7,428655;1,544811;62,86562;-13,72149;58,82078;-150,25;70,40068;-179,8257;-147,1556;70,40068;-179,8256;-144,6141;70,24218;-178,5985;-144,614;70,24219;-178,5985;62,48563;-13,72149;58,82079;96,69507;-16,64025;54,23999;-173,1483;-15,90647;54,32382;-91,69097;-16,08076;55,33832;-91,68905;-15,84844;55,33122;63,94233;-16,40848;53,2217;126,993;-14,54519;57,56849;-129,0879;-16,01898;56,25122;-35,06081;-14,57383;55,35931;-35,01454;-14,69809;55,17617;65,82577;-19,15931;46,95321;130,9209;-20,25468;47,95171;-125,2095;-21,57846;46,40837;-30,68404;-18,12141;44,50906;-30,60753;-18,25933;44,26403;69,09256;-22,70231;37,62949;149,5697;-20,52633;46,70765;-106,5389;-21,19634;45,07254;-12,17926;-17,38003;44,44888;-12,09219;-17,43974;44,15785;0;0;0;-46,80562;-52,46401;68,33276;-299,9185;-108,0533;357,5942;-522,8209;-139,8588;606,2968;-695,0507;-158,4872;796,3693;-82,59324;2,034176;87,29083;-400,749;255,608;337,0792;-674,1481;259,7929;626,925;-676,69;76,22708;694,2211;-563,1887;55,60827;580,5355;-127,6307;73,59749;110,1006;-467,6427;365,3409;369,7479;-725,7044;163,6815;715,6772;-614,329;18,18674;648,1943;-522,1162;143,4969;505,8474;-166,5152;142,3526;127,3422;-496,8914;445,626;372,6654;-730,3314;275,6771;681,2017;-614,4972;121,584;611,9933;-520,9373;245,7934;468,5982;-205,2826;207,1629;145,847;-501,7934;502,4018;357,9121;-640,708;296,3557;578,4286;-535,6663;218,9333;493,7432;-486,7613;362,1375;391,2466;0;0;0;-4,801154;0,571489;8,097409;-2,57492;3,941774;8,635997;-0,595093;6,742716;8,860587;0,94986;8,846282;8,957862;-3,696084;0,495538;6,397963;-7,061005;0,942707;12,20512;-1,765251;7,561683;18,56231;1,42765;8,553742;19,0773;-0,369072;5,863308;16,41941;-2,324581;0,369072;4,191398;-4,958152;0,7267;8,764743;2,257347;6,734848;15,02037;3,739357;6,248206;13,20648;-0,025749;3,644943;10,9148;-1,178741;0,189543;2,134323;-2,843857;0,423431;5,045413;4,082679;5,674839;10,20241;4,669189;5,289316;9,195327;0,652313;2,727985;7,049561;-0,015736;0,048637;0,165939;-0,492096;0,120163;1,017094;5,292892;3,97253;4,540443;5,321502;3,676414;3,622055;1,710892;1,507759;2,118587;3,965287;5,606741;7,243286;9,778071;43,63293;-0,326014;3,0944;1,38621;-5,260006;32,7493;90,18017;81,73519;-1,455891;63,82737;103,5775;93,78992;-12,19922;65,26255;103,3226;93,87174;-13,368;83,17043;103,312;94,14545;0;0;0;0;0;0;0;0;0;0;0;0;0;0;0;0;0;0;0;0;50,6607;-34,27391;-0,227451;0,508118;61,52;-3,172302;0;0,027466;23,27857;-0,274658;0;0,082397;26,48048;-2,581787;0;0,027466;0;0;0;0
133;2128;00:00:02:208;0;0;0;4,300557;0,923652;2,482172;8,198754;-1,425041;1,096147;11,43711;-3,629586;-0,055055;13,87655;-5,378634;-0,916052;3,747211;-0,034584;2,166084;9,050338;-4,211768;5,553645;13,24556;-7,022576;4,984828;13,412;-6,236015;2,40161;11,64974;-4,996677;2,340999;3,02281;-1,262248;1,785769;7,895963;-6,075521;4,965738;12,14931;-7,769203;1,68355;10,47264;-6,009505;-0,167087;8,991166;-5,615225;1,82411;2,331801;-2,373079;1,498281;6,323262;-7,378361;4,181391;9,87524;-9,060327;1,118296;8,628618;-7,0545;-0,380758;7,234097;-6,606318;1,698346;1,678045;-3,453269;1,189738;4,405055;-8,324411;3,134094;6,689373;-8,82855;-0,070024;5,457812;-7,304553;-0,608735;4,637115;-7,42922;1,542037;62,8835;-13,72737;58,81423;-150,2891;70,40103;-179,8645;-147,1947;70,40103;-179,8644;-144,6528;70,24278;-178,6369;-144,6528;70,24279;-178,6369;62,50351;-13,72736;58,81423;96,70893;-16,63821;54,24879;-173,1345;-15,90445;54,3328;-91,67712;-16,07897;55,34725;-91,67522;-15,84665;55,34021;63,96095;-16,41262;53,21413;127,0105;-14,54973;57,5639;-129,0702;-16,02313;56,24615;-35,04312;-14,57772;55,35468;-34,99683;-14,70192;55,1715;65,84505;-19,16148;46,94458;130,9395;-20,25646;47,94471;-125,1906;-21,57978;46,40089;-30,66552;-18,12214;44,50277;-30,589;-18,25998;44,25769;69,11242;-22,7015;37,61951;149,5892;-20,52842;46,69852;-106,5193;-21,19791;45,06313;-12,16011;-17,3814;44,44085;-12,07302;-17,44103;44,1498;0;0;0;-46,80562;-52,46401;68,33276;-299,8969;-108,0178;357,6301;-522,7813;-139,7935;606,3625;-694,9974;-158,3996;796,4578;-82,59324;2,034176;87,29083;-400,749;255,608;337,0792;-674,0693;259,7938;626,9323;-676,6348;76,22768;694,2268;-563,1694;55,6084;580,5386;-127,6307;73,59749;110,1006;-467,6427;365,3409;369,7479;-725,6974;163,6816;715,6774;-614,3294;18,18676;648,194;-522,1179;143,4969;505,847;-166,5152;142,3526;127,3422;-496,8914;445,626;372,6654;-730,3265;275,6772;681,2028;-614,4978;121,584;611,9929;-520,9388;245,7934;468,5973;-205,2826;207,1629;145,847;-501,7934;502,4018;357,9121;-640,708;296,3557;578,4286;-535,6663;218,9333;493,7432;-486,7613;362,1375;391,2466;0;0;0;0;0;0;1,297474;2,131462;2,15435;2,37751;3,912448;3,948211;3,198624;5,257129;5,310058;0;0;0;0;0;0;4,72927;0,052929;0,432015;3,313065;0,03612;0,343323;1,161575;0,007868;0,185967;0;0;0;0;0;0;0,417709;0,003576;0,017166;-0,022888;0,001341;-0,017166;-0,102997;0,001431;-0,022888;0;0;0;0;0;0;0,294685;0,005722;0,065804;-0,037193;0;-0,022888;-0,094414;0;-0,05722;0;0;0;0;0;0;0;0;0;0;0;0;0;0;0;3,963959;5,606373;7,243234;9,778254;43,62276;-0,31913;3,094337;1,386492;-5,24303;32,74842;90,18016;81,73519;-1,453469;63,82735;103,5775;93,78992;-12,19721;65,26237;103,3226;93,87174;-13,368;83,17043;103,312;94,14545;-0,609741;0,413075;-0,003791;0,016944;1,01861;-0,052872;-0,000458;0;0,145297;-0,001602;0;0;0,12022;-0,010986;0;0;0;0;0;0;-36,58447;24,78447;-0,227451;1,016665;61,1166;-3,172302;-0,027466;0;8,717822;-0,09613;0;0;7,21321;-0,65918;0;0;0;0;0;0
134;2144;00:00:02:224;0;0;0;4,300479;0,921688;2,483035;8,197823;-1,428212;1,096656;11,43538;-3,633759;-0,054883;13,87417;-5,383563;-0,916152;3,746835;-0,036296;2,166704;9,047868;-4,21595;5,554492;13,24225;-7,028076;4,985979;13,40938;-6,241207;2,4029;11,64754;-5,001275;2,342169;3,022049;-1,263634;1,786075;7,89291;-6,079189;4,966098;12,14617;-7,773934;1,684345;10,47047;-6,013305;-0,166284;8,988811;-5,618793;1,824729;2,330682;-2,374167;1,498296;6,319864;-7,38133;4,181283;9,871753;-9,064095;1,118524;8,626099;-7,057595;-0,38043;7,231391;-6,609233;1,698508;1,676583;-3,45407;1,189474;4,401487;-8,326514;3,133516;6,686155;-8,830982;-0,070299;5,455241;-7,306451;-0,608975;4,63414;-7,431157;1,541638;62,87989;-13,74005;58,79412;-150,318;70,40169;-179,9129;-147,2236;70,4017;-179,9128;-144,6815;70,24366;-178,6851;-144,6815;70,24368;-178,6851;62,4999;-13,74004;58,79412;96,70574;-16,65032;54,23063;-173,1377;-15,91657;54,3146;-91,68053;-16,09103;55,32912;-91,67862;-15,85871;55,32206;63,9586;-16,42558;53,19383;127,0074;-14,56276;57,54314;-129,0731;-16,03623;56,22539;-35,04578;-14,59086;55,33379;-34,99945;-14,71508;55,15061;65,84418;-19,17462;46,92392;130,9382;-20,26938;47,92472;-125,1916;-21,59272;46,38081;-30,666;-18,1351;44,48248;-30,58943;-18,27295;44,23738;69,11382;-22,71459;37,59801;149,5884;-20,54157;46,67786;-106,5197;-21,21108;45,04234;-12,16036;-17,39456;44,41996;-12,0732;-17,45419;44,12889;0;0;0;-46,83861;-52,41715;68,37247;-299,9413;-108,0081;357,6743;-522,8348;-139,8149;606,4141;-695,0579;-158,4442;796,5156;-82,61999;2,075057;87,33774;-400,8076;255,7115;337,2532;-674,1487;259,8377;627,1776;-676,6742;76,25283;694,4689;-563,1959;55,65659;580,7506;-127,6498;73,63104;110,1566;-467,6896;365,433;369,9349;-725,7052;163,7302;715,94;-614,3124;18,20992;648,4122;-522,1254;143,5468;506,0415;-166,528;142,3803;127,4059;-496,9255;445,7028;372,8521;-730,3202;275,7142;681,4567;-614,4757;121,5997;612,2036;-520,9429;245,8367;468,7844;-205,289;207,1845;145,9185;-501,8121;502,4585;358,0888;-640,6859;296,3711;578,6411;-535,6411;218,9377;493,918;-486,7624;362,1714;391,4131;0;0;0;-1,97947;2,811312;2,381801;-2,670765;0,580788;2,655029;-3,212929;-1,279592;3,089905;-3,627777;-2,675771;3,473282;-1,605034;2,45288;2,814173;-3,519058;6,21128;10,43844;-4,760742;2,635002;14,71996;-2,363205;1,508832;14,52541;-1,587868;2,891421;12,72011;-1,145124;2,013087;3,35741;-2,809524;5,526065;11,2195;-0,466347;2,914667;15,75279;1,021385;1,389384;13,08918;-0,449181;2,989769;11,66725;-0,769615;1,659393;3,823041;-2,04277;4,606246;11,19947;0,377655;2,217293;15,23208;1,324654;0,940561;12,64286;-0,243187;2,596378;11,22951;-0,383377;1,293182;4,289388;-1,124382;3,404617;10,60581;1,330376;0,919819;12,74586;1,51062;0,260353;10,49137;-0,068665;2,032757;9,989261;3,964932;5,606649;7,243291;9,778118;43,63026;-0,324211;3,094273;1,386492;-5,240899;32,7483;90,18018;81,73519;-1,454142;63,82735;103,5775;93,78993;-12,19663;65,26231;103,3226;93,87173;-13,368;83,17043;103,312;94,14545;0,449753;-0,304871;-0,003805;0;0,127831;-0,006866;0,000916;0;-0,04039;0,000458;0;0,000458;0,034962;-0,003204;-0,000458;-0,000458;0;0;0;0;63,56963;-43,0767;-0,000858;-1,016665;-53,44677;2,760315;0,082397;0;-11,14125;0,123596;0;0,027466;-5,115509;0,466919;-0,027466;-0,027466;0;0;0;0
135;2160;00:00:02:240;0;0;0;4,300401;0,922585;2,482839;8,19788;-1,426238;1,095017;11,43561;-3,630891;-0,057743;13,87456;-5,380021;-0,919941;3,746977;-0,035514;2,166471;9,049266;-4,214087;5,553631;13,24457;-7,02477;4,984783;13,41127;-6,237779;2,401716;11,649;-4,998444;2,341125;3,022475;-1,263007;1,785798;7,894739;-6,077572;4,965172;12,14831;-7,770872;1,683079;10,47196;-6,010673;-0,167369;8,990301;-5,616701;1,823755;2,331369;-2,373692;1,497981;6,32197;-7,380051;4,180359;9,874117;-9,061676;1,117273;8,627839;-7,055408;-0,381474;7,233141;-6,607551;1,697579;1,677521;-3,453736;1,18912;4,403766;-8,325639;3,132641;6,688364;-8,829302;-0,071351;5,457034;-7,305039;-0,609841;4,636096;-7,430108;1,540815;62,88521;-13,74178;58,80722;-150,3338;70,38367;-179,9138;-147,2394;70,38367;-179,9137;-144,6983;70,22577;-178,6869;-144,6983;70,22578;-178,6869;62,50522;-13,74179;58,80722;96,70966;-16,64943;54,249;-173,1338;-15,91567;54,33303;-91,67658;-16,09021;55,34753;-91,67467;-15,85789;55,34049;63,96414;-16,42681;53,20662;127,0119;-14,56298;57,55954;-129,0685;-16,03634;56,24165;-35,04123;-14,59091;55,35018;-34,9949;-14,71511;55,16698;65,8499;-19,17525;46,9364;130,9437;-20,26981;47,93797;-125,1861;-21,59301;46,39391;-30,6606;-18,13522;44,49593;-30,58401;-18,27305;44,2508;69,11974;-22,71434;37,6101;149,5942;-20,54219;46,69019;-106,5138;-21,21153;45,05458;-12,15465;-17,39497;44,43262;-12,0675;-17,45457;44,14155;0;0;0;-46,83396;-52,29933;68,32063;-299,9113;-107,8604;357,6008;-522,7781;-139,6426;606,3249;-694,9791;-158,2534;796,4158;-82,59748;2,177741;87,30051;-400,6594;255,9625;337,2023;-673,9231;260,168;627,111;-676,4983;76,56448;694,3935;-563,0576;55,9325;580,6814;-127,6042;73,71422;110,1383;-467,5064;365,653;369,9133;-725,5063;164,014;715,8926;-614,1827;18,43793;648,3636;-521,9866;143,7608;506,0036;-166,4609;142,4456;127,405;-496,7216;445,8809;372,8585;-730,1088;275,9403;681,4435;-614,3248;121,7854;612,1837;-520,7813;246,0116;468,7743;-205,2012;207,2325;145,9343;-501,598;502,5847;358,1235;-640,4928;296,517;578,6576;-535,4868;219,0515;493,9325;-486,584;362,2876;391,437;0;0;0;0,27895;7,06923;-3,109932;1,803875;8,861302;-4,411697;3,401756;10,33759;-5,347251;4,72927;11,44481;-5,993843;1,350403;6,161034;-2,234101;8,892058;15,05756;-3,051281;13,53264;19,81544;-3,996849;10,55431;18,69893;-4,526138;8,296966;16,55459;-4,151344;2,738714;4,990696;-1,100778;10,98919;13,20362;-1,296043;11,93046;17,03024;-2,843857;7,77912;13,68061;-2,915382;8,325576;12,84456;-2,271652;4,026174;3,91817;-0,053644;12,23087;10,68878;0,389099;12,68578;13,5684;-0,789642;9,055137;11,14011;-1,193046;9,701728;10,49566;-0,606537;5,262851;2,88105;0,952005;12,84599;7,567405;2,079963;11,58428;8,754729;0,992775;9,255408;6,832123;0,86689;10,70881;6,973743;1,431942;3,966516;5,607128;7,24339;9,777903;43,64242;-0,332412;3,094337;1,386351;-5,235101;32,74801;90,18017;81,7352;-1,450639;63,82731;103,5775;93,78992;-12,19576;65,26222;103,3226;93,87174;-13,368;83,17043;103,312;94,14545;0,729446;-0,492067;0,003805;-0,008476;0,3479;-0,017395;-0,000458;0,000458;0,210199;-0,002518;0;-0,000458;0,052357;-0,005493;0,000458;0,000458;0;0;0;0;16,78161;-11,2318;0,456619;-0,508547;13,20419;-0,631714;-0,082397;0,027466;15,03539;-0,178528;0;-0,054932;1,043701;-0,137329;0,054932;0,054932;0;0;0;0
136;2176;00:00:02:256;0;0;0;4,30127;0,925282;2,480329;8,199516;-1,421393;1,09103;11,43803;-3,624261;-0,062935;13,87763;-5,372046;-0,92603;3,748223;-0,033164;2,164353;9,054851;-4,208385;5,548851;13,2512;-7,017039;4,977726;13,41606;-6,230051;2,394536;11,65316;-4,99158;2,334903;3,024218;-1,261108;1,784189;7,901073;-6,072587;4,961197;12,15378;-7,763678;1,676837;10,47535;-6,004611;-0,17281;8,994588;-5,611339;1,819122;2,333593;-2,372217;1,496854;6,328615;-7,376042;4,177381;9,879884;-9,055991;1,112355;8,631735;-7,050422;-0,385773;7,237986;-6,603184;1,69405;1,680198;-3,452666;1,188451;4,410367;-8,322828;3,130825;6,693444;-8,825427;-0,074419;5,460926;-7,301922;-0,612336;4,641278;-7,427291;1,538794;62,91129;-13,72101;58,83427;-150,3184;70,35877;-179,8658;-147,2239;70,35873;-179,8658;-144,6845;70,20074;-178,6406;-144,6845;70,20081;-178,6405;62,5313;-13,72101;58,83428;96,73594;-16,62899;54,26946;-173,1076;-15,89525;54,35382;-91,65002;-16,07024;55,36814;-91,64814;-15,83791;55,36122;63,9883;-16,40366;53,23304;127,0375;-14,54155;57,58655;-129,0432;-16,01435;56,26812;-35,01647;-14,56855;55,3774;-34,9702;-14,69266;55,19416;65,87162;-19,14972;46,9625;130,9676;-20,24624;47,95887;-125,1626;-21,56884;46,41447;-30,63853;-18,11034;44,51825;-30,56204;-18,24808;44,27311;69,13721;-22,68582;37,6366;149,616;-20,51655;46,71578;-106,4928;-21,18533;45,0802;-12,13437;-17,36855;44,4598;-12,04734;-17,42805;44,16875;0;0;0;-46,82922;-52,35314;68,33244;-299,9013;-107,9567;357,7215;-522,7673;-139,774;606,5375;-694,9692;-158,4113;796,6982;-82,606;2,130858;87,31447;-400,7433;255,8507;337,254;-674,0897;259,9693;627,1802;-676,6309;76,35862;694,4626;-563,1522;55,76263;580,7431;-127,6298;73,67657;110,1549;-467,6161;365,556;369,9688;-725,634;163,8304;715,9686;-614,2719;18,28001;648,4286;-522,0762;143,6354;506,062;-166,5021;142,4171;127,4239;-496,848;445,8041;372,914;-730,2619;275,795;681,5162;-614,4279;121,6542;612,2472;-520,8828;245,9107;468,8321;-205,2576;207,2125;145,9556;-501,7348;502,5321;358,176;-640,6253;296,4161;578,7207;-535,5945;218,9669;493,9844;-486,7014;362,2247;391,4865;0;0;0;0,284314;-3,228664;0,708818;0,599384;-5,777835;7,241248;0,646591;-7,885694;12,7573;0,592232;-9,467839;16,94584;-0,51105;-2,812967;0,837922;-5,032539;-6,707668;3,101349;-9,996413;-11,91759;4,151344;-7,959365;-12,35139;4,145622;-5,676269;-10,19239;3,699302;-1,535654;-2,259135;0,998497;-6,583214;-5,822181;3,334522;-7,661819;-11,01923;4,56047;-5,352973;-9,474902;3,899574;-5,373001;-7,528781;3,504753;-2,472639;-1,711607;1,135826;-7,58171;-4,609107;3,325939;-9,186744;-8,720397;4,357337;-6,185531;-7,873534;3,808021;-6,091117;-6,056785;3,464699;-3,378868;-1,20306;1,274586;-8,205413;-3,149986;3,148556;-7,950782;-6,051063;3,787994;-6,457329;-5,079746;3,115654;-7,0467;-3,77655;2,966881;3,965692;5,606889;7,243299;9,778015;43,63609;-0,328111;3,094337;1,38621;-5,241011;32,74831;90,18016;81,73521;-1,450369;63,8273;103,5775;93,78993;-12,20035;65,26267;103,3226;93,87174;-13,368;83,17043;103,312;94,14545;-0,379715;0,258064;0;-0,008469;-0,354624;0,017853;-0,000458;0,000458;0,016186;-0,000458;0;0,000458;-0,275402;0,027008;0;0;0;0;0;0;-66,54967;45,00789;-0,22831;0,000429;-42,15144;2,114868;0;0;-11,64079;0,123596;0;0,054932;-19,66553;1,950073;-0,027466;-0,027466;0;0;0;0
137;2192;00:00:02:272;0;0;0;4,302297;0,924335;2,478899;8,1998;-1,421821;1,08664;11,43769;-3,624259;-0,069882;13,87683;-5,371722;-0,934938;3,749118;-0,033991;2,16279;9,057137;-4,210502;5,543509;13,2534;-7,018733;4,969663;13,41715;-6,230834;2,386682;11,65415;-4,992435;2,328212;3,024953;-1,261789;1,78246;7,903112;-6,07448;4,955627;12,15457;-7,764143;1,668925;10,47525;-6,00457;-0,179424;8,99529;-5,612083;1,813255;2,334208;-2,372788;1,49499;6,330328;-7,377635;4,171968;9,88028;-9,056479;1,104812;8,631568;-7,050286;-0,39201;7,238693;-6,603828;1,688565;1,680682;-3,453119;1,186448;4,411646;-8,324021;3,125848;6,693395;-8,825411;-0,080531;5,460658;-7,3017;-0,617361;4,641899;-7,427883;1,53406;62,94373;-13,72731;58,82647;-150,3845;70,32866;-179,9284;-147,29;70,32866;-179,9283;-144,752;70,17113;-178,7043;-144,752;70,17112;-178,7043;62,56374;-13,72731;58,82647;96,76826;-16,6314;54,26324;-173,0754;-15,89771;54,34803;-91,61784;-16,07324;55,36227;-91,616;-15,84091;55,35547;64,02164;-16,40685;53,22351;127,069;-14,54526;57,5828;-129,0114;-16,01735;56,26351;-34,98479;-14,57107;55,37361;-34,93849;-14,69509;55,1903;65,90565;-19,14939;46,95123;131,0024;-20,24705;47,94523;-125,1275;-21,56878;46,39996;-30,60415;-18,10919;44,50598;-30,52763;-18,24679;44,26074;69,17151;-22,68029;37,62326;149,6503;-20,51608;46,70365;-106,4583;-21,18395;45,06765;-12,10074;-17,36682;44,44966;-12,01371;-17,42616;44,15857;0;0;0;-46,88134;-52,51497;68,48301;-300,011;-108,2663;357,9417;-522,9338;-140,2065;606,814;-695,1816;-158,9364;797,0165;-82,68074;1,989852;87,44155;-401,0784;255,5086;337,5408;-674,4713;259,5056;627,6051;-676,9068;75,89509;694,8945;-563,3972;55,35082;581,117;-127,7343;73,56264;110,2514;-467,9961;365,2569;370,2073;-725,9479;163,3987;716,3434;-614,476;17,91628;648,7545;-522,3369;143,3137;506,3392;-166,6355;142,3286;127,4915;-497,2466;445,5636;373,0927;-730,6121;275,4538;681,8104;-614,6611;121,355;612,5054;-521,1721;245,6487;469,0445;-205,4181;207,1483;145,9957;-502,1308;502,3635;358,285;-640,9301;296,1837;578,9048;-535,8279;218,7798;494,1342;-487,0122;362,0557;391,6077;0;0;0;-3,127456;-9,709238;9,033679;-6,578922;-18,57734;13,21077;-9,984969;-25,95091;16,58821;-12,74586;-31,51202;19,09733;-4,484653;-8,460357;7,624983;-20,10441;-20,52927;17,20905;-22,8939;-27,82202;25,49744;-16,55388;-27,812;25,91515;-14,7028;-24,70851;22,43614;-6,272078;-6,835699;5,789995;-22,79949;-17,94433;14,30797;-18,82839;-25,90084;22,48764;-12,24232;-21,82379;19,55509;-15,64121;-19,3026;16,62826;-8,007287;-5,308628;4,056215;-23,91815;-14,431;10,72454;-21,00849;-20,47205;17,65251;-13,99326;-17,94791;15,4953;-17,36069;-15,7156;12,74586;-9,634494;-3,850936;2,407551;-23,76365;-10,11944;6,541729;-18,29052;-13,94749;11,04641;-14,01043;-11,22236;8,983611;-18,65101;-10,13803;7,27415;3,966396;5,60712;7,243324;9,77792;43,64149;-0,331787;3,094337;1,38621;-5,237496;32,74813;90,18017;81,7352;-1,445639;63,82726;103,5774;93,78992;-12,20205;65,26283;103,3226;93,87173;-13,368;83,17043;103,312;94,14545;0,323868;-0,220585;0;0;0,210915;-0,010757;0,000458;-0,000458;0,283806;-0,002518;-0,000916;-0,000458;-0,101795;0,009613;0;-0,000458;0;0;0;0;42,21496;-28,71895;0;0,508118;33,9323;-1,716614;0,054932;-0,054932;16,05721;-0,123596;-0,054932;-0,054932;10,41641;-1,043701;0;-0,027466;0;0;0;0
138;2208;00:00:02:288;0;0;0;4,30269;0,923721;2,478447;8,199887;-1,422731;1,085836;11,4375;-3,625414;-0,070995;13,87642;-5,373063;-0,936291;3,749375;-0,034526;2,162336;9,057377;-4,211817;5,542118;13,25352;-7,0201;4,96769;13,41697;-6,232135;2,384709;11,65399;-4,993705;2,326486;3,02504;-1,262223;1,782006;7,903091;-6,075636;4,954242;12,1539;-7,765629;1,666868;10,47463;-6,005617;-0,181108;8,994966;-5,613098;1,811785;2,334147;-2,373132;1,494539;6,330082;-7,378575;4,170679;9,879507;-9,057544;1,102985;8,630802;-7,051136;-0,393553;7,23822;-6,604686;1,687219;1,680474;-3,453374;1,185999;4,411177;-8,324692;3,124722;6,692489;-8,826083;-0,081966;5,459842;-7,30221;-0,618539;4,641329;-7,428463;1,532972;62,95198;-13,72723;58,81869;-150,3957;70,32578;-179,9446;-147,3013;70,32578;-179,9446;-144,7634;70,16833;-178,7207;-144,7633;70,16836;-178,7207;62,57199;-13,72723;58,81869;96,77507;-16,62858;54,26038;-173,0686;-15,8949;54,34526;-91,61096;-16,07056;55,35945;-91,60916;-15,83822;55,3527;64,02995;-16,406;53,21535;127,0781;-14,54634;57,57172;-129,0022;-16,01823;56,25218;-34,97568;-14,57181;55,36252;-34,92937;-14,69581;55,17918;65,91393;-19,14766;46,9427;131,0106;-20,24528;47,93707;-125,1193;-21,56679;46,39162;-30,59619;-18,10696;44,49817;-30,51969;-18,24453;44,25293;69,17959;-22,67733;37,61433;149,6586;-20,51434;46,69491;-106,45;-21,18197;45,05882;-12,09262;-17,36476;44,44141;-12,0056;-17,42406;44,15031;0;0;0;-46,94302;-52,45813;68,56879;-300,0209;-108,2289;358,2169;-522,9006;-140,1851;607,2526;-695,1161;-158,927;797,5801;-82,73445;2,03944;87,53538;-401,2155;255,6356;337,8613;-674,5778;259,6075;628,0912;-676,9542;75,94223;695,3677;-563,4507;55,40214;581,5194;-127,7784;73,6035;110,3551;-468,1185;365,3705;370,5415;-726,0056;163,4266;716,8179;-614,4697;17,9138;649,1518;-522,3765;143,3583;506,6918;-166,6724;142,3629;127,6034;-497,3495;445,6591;373,4175;-730,6345;275,4831;682,2632;-614,6512;121,3469;612,8796;-521,215;245,6874;469,3734;-205,4472;207,1755;146,1159;-502,2076;502,4351;358,5836;-640,9272;296,1827;579,2715;-535,8118;218,7665;494,4356;-487,0495;362,0912;391,8917;0;0;0;-3,700196;3,409982;5,14698;-0,596523;2,245903;16,51382;1,991272;1,283884;26,31283;3,928184;0,567198;33,81729;-3,222585;2,97524;5,62942;-8,231162;7,621764;19,22893;-6,388664;6,115436;29,16526;-2,840996;2,828479;28,38993;-3,212929;3,079176;24,14417;-2,647877;2,451539;6,225585;-7,344245;6,812096;20,05291;-3,464699;1,675129;28,4729;0,377655;-0,148863;23,83804;-2,380371;2,678632;21,15726;-2,212286;2,05636;6,710529;-6,168365;5,736351;19,48643;-1,347542;1,756668;27,16827;0,592232;-0,489235;22,44758;-2,572059;2,317428;19,73247;-1,743793;1,630783;7,209777;-4,603385;4,294395;17,91429;0,177383;-0,060081;22,00126;0,969887;-0,799656;18,08739;-2,23732;2,130031;17,04025;3,965958;5,606974;7,243303;9,777979;43,63814;-0,329545;3,094337;1,38621;-5,231956;32,74784;90,18017;81,73519;-1,448884;63,8273;103,5775;93,78994;-12,20148;65,26277;103,3227;93,87174;-13,368;83,17043;103,312;94,14545;-0,200729;0,134554;0;0;0,332422;-0,017395;0;-0,000458;-0,194714;0,00206;0,000916;0,000916;0,033932;-0,003662;0,000458;0,000458;0;0;0;0;-31,47583;21,30832;0;0;7,290457;-0,398254;-0,027466;0;-28,71122;0,274658;0,109863;0,082397;8,143615;-0,796509;0,027466;0,054932;0;0;0;0
139;2224;00:00:02:304;0;0;0;4,302925;0,922658;2,478434;8,199822;-1,424393;1,085988;11,43714;-3,627573;-0,070729;13,87582;-5,375598;-0,935946;3,749422;-0,035453;2,16224;9,056715;-4,214088;5,541473;13,25202;-7,023526;4,966507;13,41564;-6,235204;2,383646;11,65302;-4,996244;2,325658;3,024844;-1,262975;1,781805;7,902063;-6,07763;4,953439;12,15245;-7,768126;1,665782;10,47349;-6,007582;-0,181966;8,993952;-5,614978;1,811004;2,333734;-2,373724;1,494244;6,328786;-7,380192;4,169784;9,87781;-9,059533;1,101829;8,629457;-7,052732;-0,394472;7,237013;-6,606225;1,686381;1,679849;-3,453811;1,185611;4,409676;-8,325841;3,12378;6,690814;-8,827344;-0,083015;5,458443;-7,303183;-0,619405;4,63996;-7,429495;1,532113;62,95629;-13,73141;58,80682;-150,4112;70,33135;-179,9699;-147,3168;70,33133;-179,9699;-144,7784;70,174;-178,7455;-144,7784;70,17404;-178,7455;62,57629;-13,73142;58,80682;96,78165;-16,63504;54,2415;-173,062;-15,90139;54,32648;-91,60452;-16,07715;55,34068;-91,60271;-15,84481;55,33395;64,03471;-16,40974;53,20314;127,0827;-14,55069;57,55911;-128,9975;-16,02248;56,23942;-34,97094;-14,57599;55,34985;-34,92463;-14,69997;55,1665;65,91918;-19,1509;46,93012;131,0159;-20,24869;47,92413;-125,1138;-21,57007;46,37851;-30,59075;-18,11008;44,48538;-30,51424;-18,24761;44,24013;69,18544;-22,67971;37,60121;149,6639;-20,51755;46,68219;-106,4446;-21,18504;45,046;-12,08729;-17,36778;44,42896;-12,00025;-17,42705;44,13786;0;0;0;-46,96655;-52,42131;68,5959;-300,0137;-108,1538;358,2858;-522,8663;-140,0783;607,3572;-695,061;-158,7961;797,7123;-82,74986;2,071537;87,56261;-401,2299;255,7145;337,9448;-674,6172;259,6892;628,2068;-676,9661;76,02008;695,4837;-563,4489;55,47832;581,6218;-127,7836;73,62955;110,3824;-468,1173;365,4398;370,6246;-725,9672;163,5158;716,9413;-614,4323;17,97663;649,2529;-522,3566;143,4192;506,7802;-166,6687;142,3835;127,6304;-497,3347;445,7156;373,4948;-730,5887;275,5469;682,3727;-614,6052;121,3978;612,9722;-521,1863;245,7388;469,4543;-205,4347;207,1908;146,1428;-502,1794;502,4753;358,6511;-640,8727;296,223;579,3576;-535,7629;218,7971;494,5063;-487,0153;362,126;391,957;0;0;0;-1,412094;2,209425;1,626849;0,432015;4,50325;4,131317;2,054214;6,410122;6,279945;3,310204;7,856368;7,930755;-0,92411;1,925826;1,634002;-0,864029;4,734993;5,00822;-2,366066;4,899501;6,93512;-0,712395;4,670977;6,960869;0,114441;4,570484;6,139755;-0,311136;1,563191;1,635075;0,074387;4,162788;4,985332;2,305984;5,350828;7,401465;2,245903;3,769844;6,068229;1,195907;3,65138;5,301475;0,220299;1,235962;1,6222;0,884056;3,38459;4,637718;2,743721;3,830909;6,568909;2,763748;3,058433;5,556106;1,716614;3,088474;4,855155;0,748157;0,916958;1,616478;1,688004;2,414703;4,052639;3,264427;2,420425;5,167007;2,932548;1,833915;4,242897;2,054214;2,085685;3,91817;3,965198;5,606751;7,243258;9,778082;43,6323;-0,325573;3,0944;1,386351;-5,23888;32,7482;90,18018;81,73519;-1,449559;63,8273;103,5775;93,78992;-12,20175;65,2628;103,3227;93,87177;-13,368;83,17043;103,312;94,14545;-0,350647;0,238323;0,003791;0,008469;-0,415449;0,021286;0,000458;0;-0,040505;0;0;-0,000916;-0,016479;0,001831;0;0,001831;0;0;0;0;-8,995055;6,226157;0,227451;0,508118;-44,87228;2,320862;0,027466;0,027466;9,252547;-0,123596;-0,054932;-0,109863;-3,024673;0,32959;-0,027466;0,082397;0;0;0;0
140;2240;00:00:02:320;0;0;0;4,303082;0,922491;2,478224;8,199945;-1,424079;1,084872;11,43725;-3,626861;-0,072643;13,87592;-5,374585;-0,938477;3,74961;-0,035598;2,161911;9,057451;-4,214495;5,539962;13,25365;-7,02249;4,964546;13,41678;-6,234043;2,381693;11,65374;-4,995681;2,323894;3,025075;-1,263099;1,781325;7,902862;-6,078005;4,951704;12,15312;-7,767603;1,663411;10,47384;-6,006913;-0,183912;8,994439;-5,614757;1,809249;2,334008;-2,37384;1,493631;6,329597;-7,380528;4,167958;9,878498;-9,05908;1,099429;8,629849;-7,052138;-0,396442;7,237546;-6,606084;1,684603;1,680163;-3,453914;1,184868;4,410455;-8,326113;3,121956;6,691348;-8,826919;-0,085123;5,458837;-7,302742;-0,621142;4,640547;-7,429478;1,530425;62,96592;-13,73735;58,80804;-150,4413;70,3241;-179,9948;-147,3469;70,3241;-179,9947;-144,8087;70,16698;-178,7706;-144,8087;70,16702;-178,7705;62,58593;-13,73736;58,80804;96,78693;-16,63335;54,25946;-173,0568;-15,8997;54,34451;-91,59927;-16,07554;55,35871;-91,59743;-15,84322;55,35198;64,04502;-16,41474;53,20374;127,0921;-14,55573;57,5618;-128,9879;-16,02732;56,24184;-34,96136;-14,58069;55,3525;-34,91503;-14,70463;55,16912;65,93018;-19,15479;46,93002;131,0265;-20,25226;47,92522;-125,1031;-21,57338;46,37931;-30,58015;-18,11305;44,48682;-30,50362;-18,25055;44,24155;69,19724;-22,68186;37,60017;149,675;-20,52138;46,6818;-106,4333;-21,18858;45,04543;-12,07624;-17,3712;44,42918;-11,98917;-17,43042;44,13805;0;0;0;-46,98067;-52,35749;68,59671;-300,0138;-108,0608;358,2699;-522,852;-139,9611;607,3289;-695,0347;-158,6605;797,6748;-82,75265;2,12717;87,56837;-401,1902;255,8508;337,9834;-674,4434;259,8957;628,2853;-676,8275;76,20484;695,5535;-563,3701;55,63078;581,6747;-127,7719;73,67467;110,3945;-468,0555;365,5594;370,6728;-725,8752;163,6656;717,0067;-614,3641;18,09458;649,3043;-522,2971;143,532;506,8268;-166,644;142,419;127,6481;-497,257;445,8126;373,5485;-730,4835;275,6664;682,4428;-614,525;121,4936;613,027;-521,115;245,8312;469,5039;-205,3972;207,217;146,1661;-502,0894;502,5443;358,7077;-640,7723;296,2986;579,4206;-535,679;218,8555;494,5582;-486,9332;362,188;392,0085;0;0;0;-0,847578;3,828763;0,04828;-0,008583;5,57971;-0,952721;0,861168;7,03311;-1,702309;1,573563;8,132457;-2,248764;-0,167728;3,338009;0,345469;2,383232;8,178233;2,320289;10,42843;12,38966;4,712104;8,314132;11,08575;4,185676;4,723548;9,147762;3,181458;0,703096;2,706885;0,723124;3,705024;7,178306;2,891063;5,518913;8,992194;3,922462;4,091262;7,077008;3,084183;3,573417;6,771326;2,79808;1,486301;2,131462;1,062155;4,666328;5,81932;3,225803;6,314278;7,169723;4,208564;4,815101;5,744218;3,293037;4,28009;5,53894;2,978325;2,250194;1,574993;1,395464;5,401611;4,137039;3,394604;6,025314;4,537582;3,77655;5,038261;3,503323;3,115654;4,926681;3,717899;3,089905;3,965443;5,606833;7,243287;9,778049;43,63421;-0,326823;3,094337;1,38621;-5,220896;32,74727;90,18016;81,73519;-1,447938;63,82726;103,5775;93,78994;-12,20035;65,26267;103,3226;93,87174;-13,368;83,17043;103,312;94,14545;0,114899;-0,075045;-0,003791;-0,008469;1,079035;-0,055389;-0,000916;0;0,097253;-0,00206;0,000458;0,000916;0,084343;-0,007782;-0,000458;-0,001831;0;0;0;0;27,93274;-18,80207;-0,454903;-1,016235;89,66903;-4,600524;-0,082397;0;8,265494;-0,123596;0,027466;0,109863;6,049346;-0,576782;-0,027466;-0,219727;0;0;0;0
141;2256;00:00:02:336;0;0;0;4,302693;0,922394;2,478934;8,199926;-1,424014;1,086345;11,43754;-3,626661;-0,070551;13,87645;-5,374284;-0,935926;3,749286;-0,035683;2,162472;9,056689;-4,214722;5,541034;13,25335;-7,022155;4,96622;13,41676;-6,233664;2,383398;11,65356;-4,995536;2,325346;3,024829;-1,26317;1,781693;7,902221;-6,078211;4,952473;12,15305;-7,767427;1,664725;10,47396;-6,006722;-0,182755;8,994244;-5,614743;1,810206;2,333824;-2,373903;1,493818;6,329097;-7,380707;4,168401;9,878555;-9,058912;1,100326;8,630018;-7,05197;-0,395637;7,237376;-6,606093;1,685219;1,680044;-3,453967;1,184882;4,410128;-8,326252;3,122044;6,691511;-8,826798;-0,084727;5,459054;-7,302605;-0,620826;4,640444;-7,429503;1,53061;62,96045;-13,7452;58,81031;-150,452;70,33749;179,9963;-147,3575;70,33747;179,9964;-144,8184;70,1804;-178,7786;-144,8184;70,18044;-178,7786;62,58046;-13,7452;58,81031;96,77995;-16,63874;54,26904;-173,0637;-15,90509;54,354;-91,60626;-16,08083;55,36823;-91,60444;-15,8485;55,36149;64,04033;-16,42308;53,20605;127,0863;-14,5629;57,56606;-128,9936;-16,03461;56,24619;-34,96686;-14,58805;55,35668;-34,9205;-14,71202;55,17332;65,92638;-19,16356;46,93224;131,0216;-20,26009;47,93016;-125,1078;-21,58132;46,38428;-30,58445;-18,12113;44,4914;-30,50788;-18,25864;44,24612;69,19494;-22,6911;37,60203;149,6712;-20,53018;46,68412;-106,4368;-21,19747;45,0477;-12,07959;-17,38013;44,43116;-11,99248;-17,43936;44,14002;0;0;0;-46,99011;-52,34751;68,60935;-300,0127;-108,0657;358,351;-522,8431;-139,9782;607,4696;-695,0202;-158,6868;797,8615;-82,76398;2,135888;87,58811;-401,2344;255,8752;338,0741;-674,5071;259,8339;628,4061;-676,8719;76,13539;695,6732;-563,4047;55,59701;581,7819;-127,7857;73,68209;110,4232;-468,1035;365,5819;370,7769;-725,9092;163,6342;717,149;-614,3853;18,05444;649,4208;-522,3277;143,5188;506,9316;-166,6604;142,4259;127,6849;-497,3057;445,8327;373,6581;-730,5186;275,6394;682,5881;-614,5493;121,458;613,1448;-521,149;245,8227;469,6094;-205,4161;207,2232;146,2107;-502,1361;502,5606;358,8171;-640,8043;296,2732;579,547;-535,7026;218,829;494,6624;-486,9684;362,1869;392,1098;0;0;0;-0,565946;0,599027;0,758529;0,065804;-0,291824;4,865169;0,53215;-1,024961;8,445739;0,872612;-1,578569;11,2009;-0,679851;0,523031;1,184821;-2,649307;1,463413;5,440235;-3,822326;-3,707885;7,24697;-2,666473;-4,167079;7,184028;-2,074241;-2,026319;6,428719;-0,830412;0,445247;1,726627;-2,875328;1,348972;6,247043;-2,039909;-1,886129;8,537292;-1,273155;-2,408623;6,986618;-1,839638;-0,795364;6,291389;-0,987053;0,418425;2,205848;-2,923965;1,210213;6,570339;-2,099991;-1,6222;8,720397;-1,459122;-2,135038;7,066727;-2,037048;-0,507832;6,331444;-1,131534;0,370502;2,676487;-2,803802;0,97847;6,564617;-1,919746;-1,529217;7,587432;-1,419067;-1,587868;6,251335;-2,111435;-0,064373;6,078243;3,964921;5,606695;7,24328;9,778118;43,63023;-0,324101;3,094337;1,386492;-5,213422;32,74689;90,18016;81,73521;-1,44591;63,82726;103,5775;93,78994;-12,19779;65,26242;103,3226;93,87173;-13,368;83,17043;103,312;94,14545;-0,239182;0,163364;0;0,016944;0,448408;-0,023117;0;0,001373;0,121722;-0,000229;-0,000458;0;0,153236;-0,015106;0;-0,000458;0;0;0;0;-21,24481;14,30454;0,227451;1,524782;-37,8376;1,93634;0,054932;0,082397;1,468134;0,109863;-0,054932;-0,054932;4,133605;-0,439453;0,027466;0,082397;0;0;0;0
142;2272;00:00:02:352;0;0;0;4,303482;0,923223;2,477258;8,200205;-1,421931;1,081133;11,43747;-3,623535;-0,078744;13,87613;-5,370376;-0,946377;3,750201;-0,034961;2,160895;9,060159;-4,213021;5,536654;13,25771;-7,01872;4,959884;13,41972;-6,229986;2,377047;11,65599;-4,992563;2,319823;3,025919;-1,262592;1,780251;7,905949;-6,076744;4,94832;12,15596;-7,764191;1,658605;10,47551;-6,003849;-0,18798;8,996498;-5,612576;1,805645;2,335096;-2,373474;1,492512;6,332852;-7,379559;4,164728;9,881539;-9,056307;1,094966;8,63176;-7,049571;-0,400235;7,239851;-6,604371;1,681258;1,68148;-3,453673;1,183701;4,413702;-8,325483;3,119045;6,693878;-8,824965;-0,088751;5,460782;-7,301033;-0,624123;4,643106;-7,428451;1,527639;62,98581;-13,73953;58,81988;-150,4803;70,29124;179,9845;-147,386;70,29124;179,9846;-144,8495;70,13443;-178,7928;-144,8495;70,13447;-178,7928;62,60583;-13,73954;58,81989;96,80279;-16,62791;54,28566;-173,041;-15,89428;54,37091;-91,58331;-16,0704;55,38501;-91,58152;-15,83807;55,37836;64,0653;-16,41502;53,21458;127,1107;-14,55513;57,57904;-128,9692;-16,0263;56,25857;-34,94281;-14,57939;55,36974;-34,89644;-14,70329;55,18631;65,95065;-19,15294;46,93988;131,0454;-20,24906;47,93955;-125,0841;-21,56969;46,3932;-30,56167;-18,10878;44,50197;-30,48512;-18,2462;44,25664;69,21761;-22,67691;37,60889;149,6957;-20,51946;46,69114;-106,4126;-21,18611;45,05453;-12,05606;-17,36852;44,43972;-11,96901;-17,42764;44,14859;0;0;0;-46,9668;-52,34166;68,5667;-300,0511;-108,1347;358,1968;-522,9333;-140,1096;607,2234;-695,1494;-158,8655;797,5463;-82,74449;2,140995;87,55442;-401,1887;255,8888;338,0098;-674,4495;259,8143;628,3093;-676,843;76,113;695,5737;-563,3842;55,58842;581,6963;-127,771;73,68636;110,4012;-468,065;365,5943;370,7308;-725,8936;163,6237;717,0704;-614,3933;18,04304;649,3508;-522,3188;143,518;506,8735;-166,6494;142,4297;127,6737;-497,2756;445,8434;373,6315;-730,5162;275,6294;682,5355;-614,5601;121,4478;613,0961;-521,1405;245,8232;469,5715;-205,4089;207,2263;146,2098;-502,1165;502,5689;358,8119;-640,8141;296,2659;579,5233;-535,7156;218,8208;494,6435;-486,9622;362,1884;392,0987;0;0;0;1,398682;0,351191;-2,558827;-2,304554;-4,139184;-9,248256;-5,410194;-7,88927;-14,77432;-7,75051;-10,71954;-18,9085;1,169443;0,306442;-2,02167;2,743721;0,815392;-3,856658;3,453255;-1,17588;-5,807876;1,736641;-1,343608;-5,965232;1,23024;-0,514984;-5,135536;0,886917;0,256062;-1,323938;2,305984;0,742435;-2,768039;0,938415;-0,631571;-4,714965;-0,483513;-0,683963;-4,19712;0,535011;-0,046492;-3,487587;0,663757;0,226736;-0,67234;1,802444;0,64373;-1,592159;0,14019;-0,597954;-3,158569;-0,646591;-0,610113;-2,921104;0,506401;0,032902;-2,277374;0,430584;0,188828;-0,050068;1,178741;0,500679;-0,316143;-0,58651;-0,433445;-1,42765;-0,781059;-0,493526;-1,135826;0,371933;0,091553;-0,665188;3,967345;5,607416;7,243441;9,777792;43,64882;-0,33671;3,0944;1,386351;-5,204921;32,74646;90,18017;81,7352;-1,441844;63,8272;103,5775;93,78993;-12,19545;65,2622;103,3226;93,87175;-13,368;83,17043;103,312;94,14545;1,11557;-0,75654;0,003791;-0,008476;0,510063;-0,025864;0,000458;-0,000916;0,243959;-0,003433;0;-0,000458;0,140591;-0,013275;0;0,000916;0;0;0;0;81,28509;-55,19427;0,227451;-1,525211;3,699304;-0,164795;0,027466;-0,137329;7,334231;-0,192261;0,027466;-0,027466;-0,758742;0,109863;0;0,082397;0;0;0;0
143;2288;00:00:02:368;0;0;0;4,303482;0,923223;2,477258;8,200205;-1,421931;1,081133;11,43747;-3,623535;-0,078744;13,87613;-5,370376;-0,946377;3,750201;-0,034961;2,160895;9,060159;-4,213021;5,536654;13,25771;-7,01872;4,959884;13,41972;-6,229986;2,377047;11,65599;-4,992563;2,319823;3,025919;-1,262592;1,780251;7,905949;-6,076744;4,94832;12,15599;-7,764147;1,65862;10,4755;-6,003849;-0,187983;8,996489;-5,612585;1,805639;2,335096;-2,373474;1,492512;6,332852;-7,379559;4,164728;9,881539;-9,056307;1,094966;8,63176;-7,049571;-0,400235;7,239851;-6,604371;1,681258;1,68148;-3,453673;1,183701;4,413702;-8,325483;3,119045;6,693878;-8,824965;-0,088751;5,460782;-7,301033;-0,624123;4,643106;-7,428451;1,527639;62,98581;-13,73953;58,81988;-150,4803;70,29124;179,9845;-147,386;70,29124;179,9846;-144,8495;70,13443;-178,7928;-144,8495;70,13447;-178,7928;62,60583;-13,73954;58,81989;96,80279;-16,62791;54,28566;-173,041;-15,89428;54,37091;-91,58331;-16,0704;55,38501;-91,58152;-15,83807;55,37836;64,0653;-16,41502;53,21458;127,1104;-14,5547;57,58008;-128,9695;-16,02588;56,25963;-34,9431;-14,57897;55,3708;-34,89673;-14,70286;55,18737;65,95065;-19,15294;46,93988;131,0454;-20,24906;47,93955;-125,0841;-21,56969;46,3932;-30,56167;-18,10878;44,50197;-30,48512;-18,2462;44,25664;69,21761;-22,67691;37,60889;149,6957;-20,51946;46,69114;-106,4126;-21,18611;45,05453;-12,05606;-17,36852;44,43972;-11,96901;-17,42764;44,14859;0;0;0;-47,01407;-52,39141;68,66729;-300,0678;-108,2597;358,5096;-522,9284;-140,2972;607,715;-695,1301;-159,1;798,1734;-82,79943;2,097655;87,64903;-401,3969;255,7868;338,2726;-674,7112;259,6082;628,6895;-677,0204;75,89227;695,9548;-563,5301;55,41006;582,0278;-127,8364;73,6517;110,4877;-468,2887;365,5063;370,9799;-726,0649;163,4295;717,4377;-614,4861;17,87062;649,6642;-522,4549;143,388;507,1469;-166,7257;142,404;127,752;-497,5009;445,7746;373,8518;-730,6953;275,4731;682,8571;-614,6646;121,3039;613,372;-521,2891;245,7199;469,8092;-205,4951;207,2087;146,2807;-502,331;502,5228;358,9918;-640,9562;296,1559;579,7647;-535,8193;218,7265;494,8413;-487,1219;362,1253;392,277;0;0;0;-2,836346;-2,98512;6,03497;-0,999927;-7,498025;18,76545;0,291824;-11,25097;29,49714;1,152992;-14,07123;37,62531;-3,296256;-2,600401;5,676627;-12,49123;-6,122589;15,76567;-15,69843;-12,36534;22,81093;-10,643;-13,24332;22,86243;-8,754729;-10,70201;19,88697;-3,926038;-2,079248;5,192756;-13,42106;-5,282878;14,94884;-10,28538;-11,65152;22,03846;-5,570411;-10,34528;18,80264;-8,165359;-7,801293;16,4051;-4,579782;-1,544237;4,701375;-13,51833;-4,134178;13,22079;-10,746;-9,379863;19,2976;-6,271362;-8,633851;16,55102;-8,912086;-6,201267;14,2622;-5,171299;-1,057148;4,252195;-12,86888;-2,766609;10,79464;-8,522986;-6,60181;14,48822;-6,219863;-5,659103;11,86752;-9,584426;-3,787994;10,69593;3,967345;5,607422;7,243441;9,777792;43,64882;-0,33671;3,0944;1,386351;-5,204921;32,74646;90,18017;81,7352;-1,440757;63,8272;103,5775;93,78991;-12,19545;65,2622;103,3226;93,87175;-13,368;83,17043;103,312;94,14545;0;0;0;0;0;0;0;0;0,065174;-0,000229;0;-0,001373;0;0;0;0;0;0;0;0;-66,9342;45,39241;-0,227451;0,508547;-30,60379;1,551819;-0,027466;0,054932;-10,72712;0,192261;0;-0,054932;-8,43544;0,796509;0;-0,054932;0;0;0;0
144;2304;00:00:02:384;0;0;0;4,303482;0,923223;2,477258;8,200205;-1,421931;1,081133;11,43747;-3,623535;-0,078744;13,87613;-5,370376;-0,946377;3,750201;-0,034961;2,160895;9,060159;-4,213021;5,536654;13,25763;-7,018841;4,959838;13,41965;-6,230069;2,377015;11,65597;-4,992592;2,319811;3,025919;-1,262592;1,780251;7,905949;-6,076744;4,94832;12,15599;-7,764147;1,65862;10,4755;-6,003849;-0,187983;8,996489;-5,612585;1,805639;2,335096;-2,373474;1,492512;6,332852;-7,379559;4,164728;9,881618;-9,056219;1,09501;8,631747;-7,049579;-0,400242;7,239817;-6,604391;1,68124;1,68148;-3,453673;1,183701;4,413702;-8,325483;3,119045;6,693878;-8,824965;-0,088751;5,460782;-7,301033;-0,624123;4,643106;-7,428451;1,527639;62,98581;-13,73953;58,81988;-150,4803;70,29124;179,9845;-147,386;70,29124;179,9846;-144,8495;70,13443;-178,7928;-144,8495;70,13447;-178,7928;62,60583;-13,73954;58,81989;96,80334;-16,62867;54,28373;-173,0404;-15,89504;54,36898;-91,58277;-16,07117;55,38309;-91,58097;-15,83885;55,37643;64,0653;-16,41502;53,21458;127,1104;-14,5547;57,58008;-128,9695;-16,02588;56,25963;-34,9431;-14,57897;55,3708;-34,89673;-14,70286;55,18737;65,95065;-19,15294;46,93988;131,0444;-20,24802;47,94253;-125,0852;-21,56868;46,39622;-30,56275;-18,1078;44,50493;-30,48623;-18,24523;44,25961;69,21761;-22,67691;37,60889;149,6957;-20,51946;46,69114;-106,4126;-21,18611;45,05453;-12,05606;-17,36852;44,43972;-11,96901;-17,42764;44,14859;0;0;0;-47,01407;-52,39141;68,66729;-300,0678;-108,2597;358,5096;-522,9284;-140,2972;607,715;-695,1301;-159,1;798,1734;-82,79943;2,097655;87,64903;-401,3969;255,7868;338,2726;-674,7205;259,6081;628,6886;-677,0269;75,89219;695,9541;-563,5325;55,41003;582,0274;-127,8364;73,6517;110,4877;-468,2887;365,5063;370,9799;-726,0666;163,4269;717,4368;-614,486;17,87066;649,6644;-522,4542;143,3885;507,1472;-166,7257;142,404;127,752;-497,5009;445,7746;373,8518;-730,688;275,4733;682,8588;-614,6655;121,3039;613,3716;-521,2914;245,7199;469,8079;-205,4951;207,2087;146,2807;-502,331;502,5228;358,9918;-640,9562;296,1559;579,7647;-535,8193;218,7265;494,8413;-487,1219;362,1253;392,277;0;0;0;0;0;0;0;0;0;0;0;0;0;0;0;0;0;0;0;0;0;-0,557899;-0,010014;-0,054359;-0,39196;-0,005364;-0,042915;-0,14019;-0,001431;-0,022888;0;0;0;0;0;0;-0,097275;-0,155211;-0,054359;0,011444;0,002682;0,008583;0,040054;0,032187;0,017166;0;0;0;0;0;0;0,437737;0,011444;0,097275;-0,054359;0;-0,025749;-0,14019;-0,001431;-0,077248;0;0;0;0;0;0;0;0;0;0;0;0;0;0;0;3,967346;5,607422;7,24347;9,777792;43,64882;-0,33671;3,0944;1,386351;-5,206916;32,74657;90,18017;81,73519;-1,440757;63,8272;103,5775;93,78991;-12,19248;65,26191;103,3226;93,87173;-13,368;83,17043;103,312;94,14545;0;0;0;0;-0,119705;0,006638;0;-0,000458;0;0;0;0;0,178528;-0,017395;-0,000458;-0,000916;0;0;0;0;0;0;0;0;-7,182311;0,398254;0;-0,027466;-3,910446;0,013733;0;0,082397;10,71167;-1,043701;-0,027466;-0,054932;0;0;0;0
145;2320;00:00:02:400;0;0;0;4,303482;0,923223;2,477258;8,200205;-1,421931;1,081133;11,43747;-3,623535;-0,078744;13,87613;-5,370376;-0,946377;3,750201;-0,034961;2,160895;9,060159;-4,213021;5,536654;13,25763;-7,018841;4,959838;13,41965;-6,230069;2,377015;11,65597;-4,992592;2,319811;3,025919;-1,262592;1,780251;7,905949;-6,076744;4,94832;12,15599;-7,764147;1,65862;10,4755;-6,003849;-0,187983;8,996489;-5,612585;1,805639;2,335096;-2,373474;1,492512;6,332852;-7,379559;4,164728;9,881618;-9,056219;1,09501;8,631747;-7,049579;-0,400242;7,239817;-6,604391;1,68124;1,68148;-3,453673;1,183701;4,413702;-8,325483;3,119045;6,693878;-8,824965;-0,088751;5,460782;-7,301033;-0,624123;4,643106;-7,428451;1,527639;62,98581;-13,73953;58,81988;-150,4803;70,29124;179,9845;-147,386;70,29124;179,9846;-144,8495;70,13443;-178,7928;-144,8495;70,13447;-178,7928;62,60583;-13,73954;58,81989;96,80334;-16,62867;54,28373;-173,0404;-15,89504;54,36898;-91,58277;-16,07117;55,38309;-91,58097;-15,83885;55,37643;64,0653;-16,41502;53,21458;127,1104;-14,5547;57,58008;-128,9695;-16,02588;56,25963;-34,9431;-14,57897;55,3708;-34,89673;-14,70286;55,18737;65,95065;-19,15294;46,93988;131,0444;-20,24802;47,94253;-125,0852;-21,56868;46,39622;-30,56275;-18,1078;44,50493;-30,48623;-18,24523;44,25961;69,21761;-22,67691;37,60889;149,6957;-20,51946;46,69114;-106,4126;-21,18611;45,05453;-12,05606;-17,36852;44,43972;-11,96901;-17,42764;44,14859;0;0;0;-47,01407;-52,39141;68,66729;-300,0678;-108,2597;358,5096;-522,9284;-140,2972;607,715;-695,1301;-159,1;798,1734;-82,79943;2,097655;87,64903;-401,3969;255,7868;338,2726;-674,7153;259,6153;628,6913;-677,0231;75,89719;695,9559;-563,531;55,41177;582,0281;-127,8364;73,6517;110,4877;-468,2887;365,5063;370,9799;-726,0666;163,4269;717,4368;-614,486;17,87066;649,6644;-522,4542;143,3885;507,1472;-166,7257;142,404;127,752;-497,5009;445,7746;373,8518;-730,6927;275,468;682,8561;-614,6647;121,3044;613,3719;-521,2894;245,7211;469,809;-205,4951;207,2087;146,2807;-502,331;502,5228;358,9918;-640,9562;296,1559;579,7647;-535,8193;218,7265;494,8413;-487,1219;362,1253;392,277;0;0;0;0;0;0;0;0;0;0;0;0;0;0;0;0;0;0;0;0;0;0,311852;0,433445;0,165939;0,226021;0,300407;0,11158;0,085831;0,104427;0,040054;0;0;0;0;0;0;0;0;0;0;0;0;0;0;0;0;0;0;0;0;0;-0,286102;-0,313282;-0,160217;0,045776;0,029325;0,022888;0,123024;0,074387;0,065804;0;0;0;0;0;0;0;0;0;0;0;0;0;0;0;3,967346;5,607422;7,24347;9,777792;43,64882;-0,33671;3,0944;1,386351;-5,206916;32,74657;90,18017;81,73519;-1,440757;63,8272;103,5775;93,78991;-12,19248;65,26191;103,3226;93,87173;-13,368;83,17043;103,312;94,14545;0;0;0;0;0;0;0;0;0;0;0;0;0;0;0;0;0;0;0;0;0;0;0;0;7,182311;-0,398254;0;0,027466;0;0;0;0;-10,71167;1,043701;0,027466;0,054932;0;0;0;0
146;2336;00:00:02:416;0;0;0;4,303165;0,923649;2,477649;8,199805;-1,422156;1,08239;11,43698;-3,624302;-0,076698;13,87558;-5,371548;-0,94371;3,749871;-0,034589;2,161476;9,059042;-4,212031;5,539234;13,25649;-7,018182;4,963897;13,41437;-6,227139;2,381511;11,64925;-4,991384;2,33172;3,025566;-1,262281;1,781071;7,904802;-6,075845;4,951256;12,15525;-7,764429;1,662695;10,47514;-6,004585;-0,184677;8,995843;-5,612662;1,808606;2,334714;-2,3732;1,493544;6,331738;-7,378782;4,167797;9,880935;-9,056468;1,099136;8,631336;-7,050261;-0,396923;7,2391;-6,6044;1,684207;1,681075;-3,453444;1,184942;4,412686;-8,324879;3,122092;6,693316;-8,825424;-0,085213;5,460401;-7,301565;-0,621208;4,64239;-7,428317;1,530465;62,96943;-13,73005;58,82005;-150,4331;70,2944;-179,9749;-147,3387;70,2944;-179,9748;-144,8024;70,13722;-178,7525;-144,8024;70,13728;-178,7524;62,58944;-13,73006;58,82005;96,78548;-16,61979;54,28666;-172,941;-15,88616;54,37169;-91,37758;-16,06399;55,38543;-91,37596;-15,83164;55,37963;64,04782;-16,40715;53,21579;127,0936;-14,54523;57,58136;-128,9867;-16,01678;56,26142;-34,96032;-14,57013;55,37217;-34,91401;-14,69408;55,1888;65,93211;-19,14694;46,94223;131,0249;-20,24075;47,94799;-125,105;-21,56192;46,40223;-30,58243;-18,10166;44,50973;-30,50595;-18,23916;44,26448;69,19781;-22,67382;37,61279;149,6769;-20,51354;46,69397;-106,4316;-21,18069;45,05766;-12,07468;-17,36329;44,44156;-11,98765;-17,4225;44,15043;0;0;0;-47,01407;-52,39141;68,66729;-300,0777;-108,276;358,493;-522,9467;-140,3271;607,6847;-695,1546;-159,1403;798,1328;-82,79943;2,097655;87,64903;-401,3969;255,7868;338,2726;-674,707;259,6154;628,6921;-676,994;76,07764;695,6787;-563,5242;56,04887;581,9597;-127,8364;73,6517;110,4877;-468,2887;365,5063;370,9799;-726,0641;163,4269;717,4369;-614,4861;17,87064;649,6642;-522,4549;143,3885;507,1471;-166,7257;142,404;127,752;-497,5009;445,7746;373,8518;-730,686;275,4682;682,8575;-614,6655;121,3044;613,3715;-521,2914;245,7211;469,8078;-205,4951;207,2087;146,2807;-502,331;502,5228;358,9918;-640,9562;296,1559;579,7647;-535,8193;218,7265;494,8413;-487,1219;362,1253;392,277;0;0;0;0;0;0;-0,595093;-0,97847;-0,992775;-1,095772;-1,795292;-1,816749;-1,467705;-2,416134;-2,440452;0;0;0;0;0;0;0,494957;0,008583;0,042915;1,745224;10,82647;-16,63399;0,409126;38,22577;-4,102706;0;0;0;0;0;0;0,151634;0,001431;0,005722;-0,005722;-0,001341;-0,005722;-0,040054;0;-0,005722;0;0;0;0;0;0;0,406265;0,008583;0,085831;-0,048637;0,001431;-0,025749;-0,125885;0;-0,074387;0;0;0;0;0;0;0;0;0;0;0;0;0;0;0;3,978628;5,607601;7,243527;9,777708;43,65348;-0,339903;3,094337;1,386492;-5,205147;32,74647;90,29739;81,8407;-1,439942;63,82718;103,5775;93,78992;-12,18971;65,26164;103,3226;93,87173;-13,368;83,17043;103,312;94,14545;0,279923;-0,191603;-0,003791;0,008476;0,106144;-0,005722;7,033538;6,330413;0,048902;-0,001373;0;0,000916;0,165939;-0,016022;0,000458;-0,000458;0;0;0;0;16,79535;-11,49616;-0,227451;0,508547;6,368636;-0,343323;422,0123;379,8248;2,934122;-0,082397;0;0,054932;9,956359;-0,961304;0,027466;-0,027466;0;0;0;0
147;2352;00:00:02:432;0;0;0;4,304809;0,92316;2,474975;8,200221;-1,42262;1,076249;11,43637;-3,624746;-0,085753;13,87419;-5,371977;-0,954977;3,751271;-0,035015;2,159038;9,062468;-4,213103;5,532813;13,25946;-7,019308;4,954407;13,41797;-6,229475;2,371688;11,6536;-4,992773;2,319168;3,026671;-1,26263;1,778945;7,907772;-6,076797;4,945344;12,15597;-7,765203;1,653783;10,47479;-6,004974;-0,192244;8,996809;-5,613235;1,802053;2,335589;-2,373485;1,491723;6,334148;-7,37957;4,162737;9,881224;-9,057073;1,091523;8,630809;-7,050546;-0,403427;7,239959;-6,604887;1,678675;1,681707;-3,453664;1,183406;4,414381;-8,325456;3,118156;6,692911;-8,82568;-0,090694;5,459708;-7,301703;-0,625692;4,643089;-7,428698;1,526495;63,0061;-13,71712;58,80908;-150,457;70,24827;-179,9998;-147,3625;70,24823;-179,9998;-144,829;70,09126;-178,78;-144,829;70,09129;-178,7799;62,62611;-13,71713;58,80908;96,82133;-16,60385;54,27473;-172,9639;-15,87024;54,36023;-91,45297;-16,04767;55,37398;-91,45129;-15,81535;55,36786;64,08346;-16,3908;53,20347;127,1305;-14,5323;57,56806;-128,9498;-16,00303;56,24721;-34,9239;-14,55583;55,359;-34,87759;-14,67966;55,17555;65,96619;-19,12695;46,92879;131,0604;-20,22219;47,93128;-125,0697;-21,54245;46,38484;-30,54861;-18,08111;44,49481;-30,47219;-18,21848;44,24949;69,22874;-22,64888;37,59861;149,7112;-20,49341;46,6797;-106,3978;-21,15964;45,0432;-12,04189;-17,34191;44,42951;-11,95498;-17,40096;44,13839;0;0;0;-46,99507;-52,417;68,64381;-300,0697;-108,2887;358,3911;-522,9469;-140,3293;607,5132;-695,1606;-159,1346;797,9073;-82,77958;2,075314;87,61421;-401,3299;255,7273;338,1178;-674,6359;259,5759;628,4489;-676,6865;75,81165;695,548;-563,1229;55,65787;581,2794;-127,8152;73,63303;110,4385;-468,2199;365,4524;370,8038;-726,0257;163,4438;717,1922;-614,4639;17,91481;649,4662;-522,4147;143,3931;506,9695;-166,7028;142,3875;127,6901;-497,4341;445,728;373,6677;-730,6509;275,483;682,6086;-614,6401;121,3453;613,1728;-521,2466;245,7216;469,6308;-205,4708;207,195;146,2062;-502,27;502,4865;358,809;-640,9224;296,1835;579,5524;-535,7964;218,7584;494,6664;-487,079;362,1172;392,1074;0;0;0;1,139939;-1,535654;-1,408338;0,479221;-0,765324;-6,118297;-0,014305;-0,130177;-10,28824;-0,360489;0,337601;-13,52406;1,190901;-1,340434;-2,089262;4,019737;-3,564835;-9,28831;4,265785;-2,370357;-14,59122;18,4536;-15,95914;-7,839202;24,07837;-23,46003;-40,81535;1,271725;-1,12009;-2,953291;4,125595;-3,232956;-10,56862;2,300262;1,012087;-14,68277;1,327515;2,650022;-11,88469;2,408981;0,276089;-10,65731;1,373291;-0,987053;-3,715753;4,014015;-2,795219;-11,04927;2,102852;0,886917;-14,9374;1,522064;2,452612;-11,92474;2,692222;0,030041;-10,62012;1,457691;-0,823975;-4,468202;3,659248;-2,177238;-10,9663;2,022743;1,655102;-12,73727;1,37043;1,918316;-10,49137;2,57492;-0,482082;-10,1738;3,974271;5,607873;7,24356;9,777575;43,66099;-0,344928;3,094337;1,386351;-5,204507;32,74643;90,23879;81,78795;-1,441844;63,8272;103,5775;93,78993;-12,19217;65,26189;103,3226;93,87174;-13,368;83,17043;103,312;94,14545;0,450439;-0,301523;0;-0,008476;0,038395;-0,002289;-3,516083;-3,164978;-0,114076;0,001602;0;0,000458;-0,147514;0,014648;-0,000458;0,000916;0;0;0;0;10,23102;-6,595229;0,227451;-1,017094;-4,064941;0,205994;-632,9772;-569,7234;-9,778689;0,178528;0;-0,027466;-18,80722;1,84021;-0,054932;0,082397;0;0;0;0
148;2368;00:00:02:448;0;0;0;4,305673;0,923092;2,473495;8,200514;-1,422513;1,072886;11,43619;-3,624492;-0,0907;13,87366;-5,371613;-0,96112;3,752043;-0,035075;2,157694;9,064536;-4,213267;5,529297;13,26203;-7,018438;4,949537;13,41941;-6,228712;2,366719;11,65471;-4,99246;2,314764;3,027334;-1,26268;1,77778;7,90967;-6,076946;4,94212;12,15684;-7,764873;1,648985;10,47483;-6,00474;-0,196387;8,997537;-5,613193;1,798452;2,336173;-2,373531;1,490733;6,335796;-7,379703;4,159991;9,881831;-9,056904;1,087412;8,630811;-7,050334;-0,406975;7,24069;-6,604846;1,67565;1,682205;-3,453704;1,18258;4,415675;-8,325562;3,116035;6,693068;-8,825527;-0,093662;5,45964;-7,301542;-0,62812;4,643794;-7,428697;1,524351;63,02613;-13,7097;58,80556;-150,4691;70,22301;179,9899;-147,3746;70,22303;179,99;-144,8426;70,06612;-178,7916;-144,8426;70,06616;-178,7916;62,64615;-13,7097;58,80556;96,83682;-16,5892;54,28483;-172,9484;-15,85564;54,37052;-91,43721;-16,03333;55,38414;-91,43556;-15,80099;55,37809;64,10291;-16,38152;53,19922;127,1494;-14,52274;57,56845;-128,931;-15,99305;56,24718;-34,90538;-14,54557;55,35948;-34,85912;-14,66934;55,176;65,98473;-19,11568;46,92395;131,079;-20,21091;47,92691;-125,0514;-21,5307;46,38013;-30,53101;-18,06882;44,49139;-30,45466;-18,20611;44,24604;69,24548;-22,63491;37,5934;149,7299;-20,48206;46,67442;-106,3794;-21,14781;45,0378;-12,02407;-17,3299;44,42543;-11,93722;-17,38885;44,13432;0;0;0;-47,09369;-52,38766;68,80426;-300,1032;-108,2748;358,7454;-522,9255;-140,3282;608,0306;-695,0981;-159,1433;798,5486;-82,8636;2,100907;87,76051;-401,5354;255,7917;338,5031;-674,7448;259,6442;629,0245;-676,8541;75,95224;696,1425;-563,3665;55,74133;582,0353;-127,8815;73,65398;110,5661;-468,3981;365,5094;371,1585;-726,056;163,4903;717,7273;-614,4434;17,93817;649,9197;-522,4757;143,4275;507,3618;-166,7553;142,4046;127,7994;-497,5787;445,7753;373,9713;-730,6661;275,5193;683,0659;-614,6088;121,3624;613,5627;-521,2988;245,7509;469,9624;-205,5087;207,2082;146,2984;-502,3717;502,5212;359,0451;-640,8981;296,1988;579,8813;-535,7549;218,7667;494,9355;-487,1209;362,1401;392,3456;0;0;0;-5,916953;1,760244;9,626626;-2,007007;0,835419;21,26169;1,281738;0,064373;31,04496;3,753662;-0,519991;38,47217;-5,04148;1,535565;8,777617;-12,33101;3,859519;23,11706;-6,531715;4,098415;34,5354;-10,05936;8,435725;35,66265;-14,61696;5,007505;45,35293;-3,978967;1,256704;7,654666;-10,68878;3,423214;21,28172;-1,81961;2,792358;32,1064;1,233101;1,401454;27,21405;-3,659248;2,066374;23,54049;-3,149271;1,025677;6,556034;-8,680343;2,838135;18,21613;-0,906944;2,180099;27,44293;1,882553;1,026392;23,4003;-3,135681;1,756668;19,89555;-2,274513;0,791073;5,528211;-6,102561;2,079963;14,16636;1,459122;0,919819;19,73247;2,494812;0,494957;16,14189;-2,514839;1,373291;14,28795;3,974786;5,608046;7,243598;9,777504;43,66498;-0,347677;3,094463;1,386351;-5,189539;32,74567;90,23878;81,78795;-1,437494;63,82715;103,5775;93,78992;-12,19126;65,2618;103,3226;93,87173;-13,368;83,17043;103,312;94,14545;0,23941;-0,164938;0,007596;0;0,898075;-0,046005;-0,000916;0;0,260975;-0,003204;0;-0,000458;0,054302;-0,005493;0;-0,000458;0;0;0;0;-12,66174;8,195113;0,455761;0,508547;51,5808;-2,622986;210,91;189,8987;22,50309;-0,288391;0;-0,054932;12,10899;-1,208496;0,027466;-0,082397;0;0;0;0
